-4.88449e-25
-4.88597e-25
-4.88845e-25
-4.89192e-25
-4.89639e-25
-4.90187e-25
-4.90836e-25
-4.91588e-25
-4.92443e-25
-4.93403e-25
-4.94468e-25
-4.9564e-25
-4.96921e-25
-4.98349e-25
-4.99926e-25
-5.01766e-25
-5.03725e-25
-5.05991e-25
-5.08274e-25
-5.10796e-25
-5.13341e-25
-5.16055e-25
-5.19127e-25
-5.22231e-25
-5.25589e-25
-5.28803e-25
-5.3213e-25
-5.35646e-25
-5.39467e-25
-5.43486e-25
-5.47638e-25
-5.51926e-25
-5.56283e-25
-5.60895e-25
-5.65695e-25
-5.708e-25
-5.76034e-25
-5.81402e-25
-5.86985e-25
-5.92645e-25
-5.98461e-25
-6.04661e-25
-6.11181e-25
-6.17811e-25
-6.24672e-25
-6.31737e-25
-6.39344e-25
-6.47106e-25
-6.5536e-25
-6.63721e-25
-6.72308e-25
-6.8139e-25
-6.90798e-25
-7.00693e-25
-7.10728e-25
-7.21355e-25
-7.32481e-25
-7.43944e-25
-7.55834e-25
-7.68279e-25
-7.81116e-25
-7.94261e-25
-8.08243e-25
-8.22723e-25
-8.37942e-25
-8.53813e-25
-8.70145e-25
-8.87219e-25
-9.04991e-25
-9.23451e-25
-9.42594e-25
-9.62485e-25
-9.83268e-25
-1.00501e-24
-1.02749e-24
-1.05111e-24
-1.07536e-24
-1.1009e-24
-1.12735e-24
-1.15481e-24
-1.18341e-24
-1.21308e-24
-1.24395e-24
-1.2762e-24
-1.30961e-24
-1.34433e-24
-1.38041e-24
-1.41777e-24
-1.45659e-24
-1.49704e-24
-1.53882e-24
-1.58232e-24
-1.62722e-24
-1.67338e-24
-1.72123e-24
-1.77035e-24
-1.82067e-24
-1.87212e-24
-1.92448e-24
-1.97757e-24
-2.0311e-24
-2.08456e-24
-2.13762e-24
-2.18952e-24
-2.23972e-24
-2.28758e-24
-2.33231e-24
-2.37366e-24
-2.41073e-24
-2.44335e-24
-2.47164e-24
-2.49555e-24
-2.51513e-24
-2.53003e-24
-2.53955e-24
-2.54189e-24
-2.53439e-24
-2.51398e-24
-2.47808e-24
-2.42542e-24
-2.35771e-24
-2.2808e-24
-2.20457e-24
-2.14342e-24
-2.11157e-24
-2.12043e-24
-2.17372e-24
-2.26686e-24
-2.38823e-24
-2.52262e-24
-2.65481e-24
-2.772e-24
-2.86721e-24
-2.9394e-24
-2.99268e-24
-3.03277e-24
-3.06331e-24
-3.08375e-24
-3.08874e-24
-3.07273e-24
-3.03249e-24
-2.97076e-24
-2.89593e-24
-2.81975e-24
-2.75448e-24
-2.70998e-24
-2.6925e-24
-2.7048e-24
-2.74687e-24
-2.81675e-24
-2.91042e-24
-3.02239e-24
-3.14616e-24
-3.27568e-24
-3.40548e-24
-3.53081e-24
-3.64698e-24
-3.75003e-24
-3.83655e-24
-3.90388e-24
-3.95082e-24
-3.97731e-24
-3.9839e-24
-3.97216e-24
-3.94423e-24
-3.90301e-24
-3.85196e-24
-3.79435e-24
-3.73427e-24
-3.67503e-24
-3.61896e-24
-3.56817e-24
-3.52489e-24
-3.49231e-24
-3.4748e-24
-3.47729e-24
-3.50297e-24
-3.55131e-24
-3.61731e-24
-3.69252e-24
-3.76738e-24
-3.8334e-24
-3.88538e-24
-3.92103e-24
-3.94006e-24
-3.94434e-24
-3.93661e-24
-3.92049e-24
-3.89958e-24
-3.87757e-24
-3.85805e-24
-3.84446e-24
-3.83928e-24
-3.8441e-24
-3.85951e-24
-3.88505e-24
-3.91916e-24
-3.95947e-24
-4.00335e-24
-4.0479e-24
-4.09068e-24
-4.1299e-24
-4.16386e-24
-4.19141e-24
-4.21233e-24
-4.2263e-24
-4.23347e-24
-4.23378e-24
-4.22734e-24
-4.21373e-24
-4.19244e-24
-4.16277e-24
-4.12381e-24
-4.07569e-24
-4.01944e-24
-3.95781e-24
-3.8957e-24
-3.83988e-24
-3.79753e-24
-3.77461e-24
-3.77397e-24
-3.7947e-24
-3.83183e-24
-3.87741e-24
-3.92261e-24
-3.95904e-24
-3.97961e-24
-3.98099e-24
-3.96418e-24
-3.93597e-24
-3.90893e-24
-3.89816e-24
-3.91581e-24
-3.96578e-24
-4.04154e-24
-4.12956e-24
-4.21442e-24
-4.28347e-24
-4.32895e-24
-4.34828e-24
-4.34274e-24
-4.31701e-24
-4.2793e-24
-4.2409e-24
-4.21341e-24
-4.20631e-24
-4.22353e-24
-4.26073e-24
-4.30777e-24
-4.35197e-24
-4.38171e-24
-4.38976e-24
-4.37424e-24
-4.33865e-24
-4.29092e-24
-4.24149e-24
-4.20144e-24
-4.17866e-24
-4.17621e-24
-4.19264e-24
-4.22392e-24
-4.26511e-24
-4.3121e-24
-4.36174e-24
-4.41102e-24
-4.45736e-24
-4.49852e-24
-4.53346e-24
-4.56131e-24
-4.58292e-24
-4.59959e-24
-4.61289e-24
-4.6245e-24
-4.63525e-24
-4.64512e-24
-4.65268e-24
-4.65586e-24
-4.65186e-24
-4.63767e-24
-4.61107e-24
-4.57114e-24
-4.51884e-24
-4.4573e-24
-4.39232e-24
-4.33129e-24
-4.2828e-24
-4.25406e-24
-4.25025e-24
-4.27233e-24
-4.31673e-24
-4.37724e-24
-4.44661e-24
-4.51781e-24
-4.58576e-24
-4.64762e-24
-4.70224e-24
-4.74962e-24
-4.79066e-24
-4.82638e-24
-4.85774e-24
-4.88581e-24
-4.9116e-24
-4.93594e-24
-4.9594e-24
-4.98263e-24
-5.00546e-24
-5.02798e-24
-5.04934e-24
-5.06815e-24
-5.08284e-24
-5.09078e-24
-5.08876e-24
-5.07387e-24
-5.0431e-24
-4.99505e-24
-4.9305e-24
-4.85379e-24
-4.77318e-24
-4.69906e-24
-4.64254e-24
-4.61163e-24
-4.61143e-24
-4.64339e-24
-4.70618e-24
-4.79441e-24
-4.89922e-24
-5.00807e-24
-5.10735e-24
-5.18523e-24
-5.23292e-24
-5.24498e-24
-5.21905e-24
-5.15427e-24
-5.05209e-24
-4.91658e-24
-4.75454e-24
-4.57694e-24
-4.39861e-24
-4.23541e-24
-4.104e-24
-4.01808e-24
-3.98823e-24
-4.01728e-24
-4.10005e-24
-4.22254e-24
-4.36678e-24
-4.51575e-24
-4.65683e-24
-4.78221e-24
-4.88845e-24
-4.97384e-24
-5.03875e-24
-5.08471e-24
-5.11361e-24
-5.12739e-24
-5.12821e-24
-5.11852e-24
-5.10033e-24
-5.07613e-24
-5.04835e-24
-5.0193e-24
-4.99191e-24
-4.96831e-24
-4.95045e-24
-4.93964e-24
-4.93623e-24
-4.94028e-24
-4.95063e-24
-4.96576e-24
-4.98432e-24
-5.00501e-24
-5.02661e-24
-5.04811e-24
-5.06932e-24
-5.0896e-24
-5.1096e-24
-5.1289e-24
-5.14773e-24
-5.16591e-24
-5.1838e-24
-5.20109e-24
-5.21764e-24
-5.233e-24
-5.24679e-24
-5.25802e-24
-5.2656e-24
-5.26763e-24
-5.26204e-24
-5.24521e-24
-5.21242e-24
-5.15811e-24
-5.07489e-24
-4.95628e-24
-4.79754e-24
-4.60307e-24
-4.39258e-24
-4.20483e-24
-4.08788e-24
-4.07509e-24
-4.16223e-24
-4.31148e-24
-4.47456e-24
-4.61602e-24
-4.71897e-24
-4.7797e-24
-4.80149e-24
-4.78976e-24
-4.75191e-24
-4.69611e-24
-4.63295e-24
-4.57526e-24
-4.53632e-24
-4.52637e-24
-4.54923e-24
-4.60191e-24
-4.67522e-24
-4.75735e-24
-4.83754e-24
-4.90782e-24
-4.96357e-24
-5.00278e-24
-5.02554e-24
-5.03258e-24
-5.02468e-24
-5.00246e-24
-4.96555e-24
-4.91189e-24
-4.83845e-24
-4.74114e-24
-4.61676e-24
-4.46577e-24
-4.29613e-24
-4.12732e-24
-3.98902e-24
-3.9146e-24
-3.92633e-24
-4.02305e-24
-4.18003e-24
-4.36037e-24
-4.53113e-24
-4.67095e-24
-4.77102e-24
-4.83111e-24
-4.85515e-24
-4.84869e-24
-4.8173e-24
-4.7673e-24
-4.70475e-24
-4.63728e-24
-4.57336e-24
-4.52227e-24
-4.49199e-24
-4.48666e-24
-4.50569e-24
-4.54377e-24
-4.59294e-24
-4.64499e-24
-4.69335e-24
-4.73394e-24
-4.76498e-24
-4.78568e-24
-4.7963e-24
-4.7971e-24
-4.78833e-24
-4.76943e-24
-4.74e-24
-4.69858e-24
-4.64414e-24
-4.57567e-24
-4.49303e-24
-4.39741e-24
-4.29199e-24
-4.18305e-24
-4.0799e-24
-3.99196e-24
-3.92764e-24
-3.88985e-24
-3.87516e-24
-3.8753e-24
-3.88051e-24
-3.88243e-24
-3.87644e-24
-3.86165e-24
-3.84033e-24
-3.81683e-24
-3.79544e-24
-3.77997e-24
-3.77227e-24
-3.77167e-24
-3.77779e-24
-3.79032e-24
-3.81036e-24
-3.84087e-24
-3.88434e-24
-3.94186e-24
-4.01116e-24
-4.08714e-24
-4.16295e-24
-4.23128e-24
-4.28694e-24
-4.32649e-24
-4.34809e-24
-4.35186e-24
-4.3386e-24
-4.30965e-24
-4.26682e-24
-4.21302e-24
-4.15176e-24
-4.08773e-24
-4.02643e-24
-3.97368e-24
-3.93421e-24
-3.91077e-24
-3.90358e-24
-3.91028e-24
-3.92638e-24
-3.94707e-24
-3.96805e-24
-3.98595e-24
-3.99911e-24
-4.00655e-24
-4.00837e-24
-4.00497e-24
-3.99705e-24
-3.98563e-24
-3.97136e-24
-3.95502e-24
-3.9372e-24
-3.91817e-24
-3.89836e-24
-3.87816e-24
-3.85742e-24
-3.83672e-24
-3.81663e-24
-3.79779e-24
-3.78121e-24
-3.76821e-24
-3.76022e-24
-3.75812e-24
-3.76217e-24
-3.77161e-24
-3.78476e-24
-3.79966e-24
-3.81432e-24
-3.82692e-24
-3.83703e-24
-3.84482e-24
-3.85154e-24
-3.85853e-24
-3.86713e-24
-3.87737e-24
-3.8887e-24
-3.89905e-24
-3.90582e-24
-3.9062e-24
-3.89747e-24
-3.87809e-24
-3.84761e-24
-3.80771e-24
-3.76169e-24
-3.7148e-24
-3.67276e-24
-3.64094e-24
-3.62285e-24
-3.61928e-24
-3.62839e-24
-3.64687e-24
-3.6713e-24
-3.69932e-24
-3.7308e-24
-3.76611e-24
-3.80664e-24
-3.85386e-24
-3.90771e-24
-3.96659e-24
-4.02746e-24
-4.087e-24
-4.14199e-24
-4.19003e-24
-4.22985e-24
-4.2615e-24
-4.28597e-24
-4.30503e-24
-4.32042e-24
-4.33377e-24
-4.34626e-24
-4.35815e-24
-4.36951e-24
-4.37918e-24
-4.38591e-24
-4.3881e-24
-4.3843e-24
-4.37273e-24
-4.35127e-24
-4.3162e-24
-4.26261e-24
-4.18291e-24
-4.06868e-24
-3.91505e-24
-3.7302e-24
-3.54517e-24
-3.41373e-24
-3.39032e-24
-3.49163e-24
-3.68306e-24
-3.90358e-24
-4.10079e-24
-4.24799e-24
-4.33924e-24
-4.38026e-24
-4.38032e-24
-4.35105e-24
-4.30377e-24
-4.25021e-24
-4.20056e-24
-4.16139e-24
-4.13398e-24
-4.11473e-24
-4.09757e-24
-4.07837e-24
-4.05782e-24
-4.04334e-24
-4.04474e-24
-4.07043e-24
-4.12261e-24
-4.19694e-24
-4.28472e-24
-4.37679e-24
-4.46533e-24
-4.54569e-24
-4.61561e-24
-4.67493e-24
-4.72451e-24
-4.76595e-24
-4.80093e-24
-4.83104e-24
-4.85749e-24
-4.88131e-24
-4.90302e-24
-4.9228e-24
-4.94066e-24
-4.95669e-24
-4.97056e-24
-4.98251e-24
-4.99199e-24
-4.99891e-24
-5.0033e-24
-5.00506e-24
-5.00435e-24
-5.001e-24
-4.99528e-24
-4.98761e-24
-4.97836e-24
-4.96759e-24
-4.95591e-24
-4.94298e-24
-4.92855e-24
-4.91117e-24
-4.88905e-24
-4.85971e-24
-4.82025e-24
-4.76728e-24
-4.69724e-24
-4.6072e-24
-4.49641e-24
-4.36824e-24
-4.23376e-24
-4.11492e-24
-4.04231e-24
-4.04546e-24
-4.13765e-24
-4.30537e-24
-4.51475e-24
-4.72853e-24
-4.91928e-24
-5.07318e-24
-5.18766e-24
-5.26571e-24
-5.31241e-24
-5.33332e-24
-5.33304e-24
-5.31515e-24
-5.28218e-24
-5.23661e-24
-5.18018e-24
-5.11514e-24
-5.04402e-24
-4.97065e-24
-4.89927e-24
-4.83458e-24
-4.78014e-24
-4.73821e-24
-4.70787e-24
-4.68479e-24
-4.66312e-24
-4.63721e-24
-4.60663e-24
-4.57764e-24
-4.56402e-24
-4.58187e-24
-4.64274e-24
-4.7463e-24
-4.87938e-24
-5.0233e-24
-5.16082e-24
-5.28046e-24
-5.37738e-24
-5.45106e-24
-5.50325e-24
-5.53634e-24
-5.55269e-24
-5.55397e-24
-5.54104e-24
-5.51421e-24
-5.47301e-24
-5.41696e-24
-5.34586e-24
-5.25969e-24
-5.16013e-24
-5.05103e-24
-4.93821e-24
-4.83119e-24
-4.74052e-24
-4.67687e-24
-4.64749e-24
-4.65406e-24
-4.69233e-24
-4.75398e-24
-4.83016e-24
-4.91301e-24
-4.99711e-24
-5.07872e-24
-5.15516e-24
-5.22308e-24
-5.278e-24
-5.31501e-24
-5.32662e-24
-5.30536e-24
-5.24591e-24
-5.14864e-24
-5.02549e-24
-4.90493e-24
-4.82644e-24
-4.82405e-24
-4.90674e-24
-5.05146e-24
-5.22022e-24
-5.37939e-24
-5.51108e-24
-5.61032e-24
-5.68078e-24
-5.72888e-24
-5.761e-24
-5.78236e-24
-5.79659e-24
-5.80611e-24
-5.81283e-24
-5.81732e-24
-5.82038e-24
-5.82243e-24
-5.82447e-24
-5.82693e-24
-5.83076e-24
-5.83719e-24
-5.84696e-24
-5.86096e-24
-5.87951e-24
-5.90212e-24
-5.92722e-24
-5.95122e-24
-5.96844e-24
-5.97043e-24
-5.94539e-24
-5.87945e-24
-5.76072e-24
-5.58862e-24
-5.38797e-24
-5.21714e-24
-5.15001e-24
-5.22677e-24
-5.41993e-24
-5.65707e-24
-5.87038e-24
-6.02379e-24
-6.10921e-24
-6.13111e-24
-6.09533e-24
-6.00223e-24
-5.84577e-24
-5.61735e-24
-5.31981e-24
-4.99131e-24
-4.72137e-24
-4.61871e-24
-4.72937e-24
-4.99254e-24
-5.29765e-24
-5.56448e-24
-5.76549e-24
-5.90677e-24
-6.00554e-24
-6.07824e-24
-6.13739e-24
-6.19101e-24
-6.24433e-24
-6.29944e-24
-6.35669e-24
-6.41411e-24
-6.46839e-24
-6.5157e-24
-6.55177e-24
-6.57271e-24
-6.57461e-24
-6.55463e-24
-6.51074e-24
-6.44289e-24
-6.35377e-24
-6.25018e-24
-6.14308e-24
-6.0459e-24
-5.97245e-24
-5.93249e-24
-5.92981e-24
-5.96145e-24
-6.01877e-24
-6.09019e-24
-6.16238e-24
-6.22184e-24
-6.25536e-24
-6.25076e-24
-6.19763e-24
-6.09032e-24
-5.93464e-24
-5.75517e-24
-5.59794e-24
-5.5164e-24
-5.54093e-24
-5.65882e-24
-5.82428e-24
-5.98893e-24
-6.12311e-24
-6.21719e-24
-6.27496e-24
-6.30513e-24
-6.317e-24
-6.31829e-24
-6.31363e-24
-6.30528e-24
-6.29291e-24
-6.27439e-24
-6.24652e-24
-6.20759e-24
-6.15729e-24
-6.09878e-24
-6.03863e-24
-5.98434e-24
-5.94154e-24
-5.91181e-24
-5.89123e-24
-5.87271e-24
-5.8498e-24
-5.81945e-24
-5.78428e-24
-5.75167e-24
-5.73161e-24
-5.73207e-24
-5.75489e-24
-5.79398e-24
-5.83767e-24
-5.87413e-24
-5.89442e-24
-5.89509e-24
-5.87713e-24
-5.84473e-24
-5.8039e-24
-5.76163e-24
-5.72341e-24
-5.6944e-24
-5.67578e-24
-5.6667e-24
-5.66353e-24
-5.66027e-24
-5.65065e-24
-5.62838e-24
-5.58895e-24
-5.53057e-24
-5.45526e-24
-5.3685e-24
-5.27949e-24
-5.1991e-24
-5.13789e-24
-5.10429e-24
-5.10268e-24
-5.13078e-24
-5.18016e-24
-5.23794e-24
-5.29046e-24
-5.32651e-24
-5.33924e-24
-5.3275e-24
-5.29507e-24
-5.24784e-24
-5.19377e-24
-5.1408e-24
-5.0957e-24
-5.0639e-24
-5.04892e-24
-5.05228e-24
-5.07253e-24
-5.10658e-24
-5.14837e-24
-5.19166e-24
-5.2313e-24
-5.2639e-24
-5.2884e-24
-5.3051e-24
-5.31582e-24
-5.32215e-24
-5.32628e-24
-5.32952e-24
-5.33269e-24
-5.33646e-24
-5.34086e-24
-5.34534e-24
-5.34977e-24
-5.3538e-24
-5.35729e-24
-5.36014e-24
-5.36169e-24
-5.36219e-24
-5.36165e-24
-5.35964e-24
-5.35637e-24
-5.35167e-24
-5.34512e-24
-5.3367e-24
-5.32586e-24
-5.31224e-24
-5.29551e-24
-5.27507e-24
-5.25054e-24
-5.22234e-24
-5.19068e-24
-5.15708e-24
-5.12351e-24
-5.09267e-24
-5.06792e-24
-5.05194e-24
-5.04644e-24
-5.05108e-24
-5.0642e-24
-5.08215e-24
-5.10148e-24
-5.11887e-24
-5.13252e-24
-5.14169e-24
-5.14716e-24
-5.15053e-24
-5.15394e-24
-5.1591e-24
-5.16713e-24
-5.1791e-24
-5.19451e-24
-5.21323e-24
-5.23381e-24
-5.25511e-24
-5.27534e-24
-5.29313e-24
-5.30656e-24
-5.31418e-24
-5.31454e-24
-5.30663e-24
-5.28981e-24
-5.26329e-24
-5.22726e-24
-5.18251e-24
-5.12975e-24
-5.07083e-24
-5.00772e-24
-4.94414e-24
-4.88552e-24
-4.83904e-24
-4.81332e-24
-4.81571e-24
-4.84965e-24
-4.91196e-24
-4.99372e-24
-5.0825e-24
-5.16454e-24
-5.22741e-24
-5.25967e-24
-5.2503e-24
-5.18869e-24
-5.06502e-24
-4.87488e-24
-4.62784e-24
-4.35686e-24
-4.11689e-24
-3.96384e-24
-3.92068e-24
-3.97416e-24
-4.07449e-24
-4.18656e-24
-4.29485e-24
-4.39809e-24
-4.49854e-24
-4.59654e-24
-4.68909e-24
-4.77196e-24
-4.84159e-24
-4.89618e-24
-4.93572e-24
-4.961e-24
-4.97385e-24
-4.97604e-24
-4.96971e-24
-4.95578e-24
-4.93544e-24
-4.90929e-24
-4.87696e-24
-4.8383e-24
-4.79257e-24
-4.73969e-24
-4.67916e-24
-4.6118e-24
-4.53959e-24
-4.46643e-24
-4.39791e-24
-4.34071e-24
-4.30117e-24
-4.28318e-24
-4.28743e-24
-4.31058e-24
-4.34637e-24
-4.38839e-24
-4.43049e-24
-4.46847e-24
-4.4998e-24
-4.52352e-24
-4.53946e-24
-4.54822e-24
-4.55037e-24
-4.54694e-24
-4.53896e-24
-4.52668e-24
-4.51139e-24
-4.49382e-24
-4.475e-24
-4.45576e-24
-4.43767e-24
-4.42149e-24
-4.40844e-24
-4.39909e-24
-4.39382e-24
-4.3919e-24
-4.39284e-24
-4.39458e-24
-4.39565e-24
-4.39427e-24
-4.38886e-24
-4.37859e-24
-4.36353e-24
-4.34423e-24
-4.32217e-24
-4.2997e-24
-4.27936e-24
-4.26323e-24
-4.25301e-24
-4.24959e-24
-4.25313e-24
-4.26274e-24
-4.27668e-24
-4.29401e-24
-4.31269e-24
-4.33158e-24
-4.34911e-24
-4.36451e-24
-4.37659e-24
-4.38488e-24
-4.3891e-24
-4.3892e-24
-4.38533e-24
-4.37817e-24
-4.36884e-24
-4.35873e-24
-4.34934e-24
-4.34248e-24
-4.34029e-24
-4.34442e-24
-4.35696e-24
-4.37956e-24
-4.41242e-24
-4.45504e-24
-4.5052e-24
-4.55971e-24
-4.61446e-24
-4.66643e-24
-4.712e-24
-4.74962e-24
-4.77873e-24
-4.80026e-24
-4.81661e-24
-4.8312e-24
-4.84733e-24
-4.86878e-24
-4.89772e-24
-4.93468e-24
-4.97874e-24
-5.02706e-24
-5.07641e-24
-5.12333e-24
-5.16506e-24
-5.19955e-24
-5.22498e-24
-5.24072e-24
-5.24607e-24
-5.24107e-24
-5.22592e-24
-5.20102e-24
-5.16693e-24
-5.12419e-24
-5.07362e-24
-5.01606e-24
-4.95263e-24
-4.88416e-24
-4.81164e-24
-4.7368e-24
-4.66231e-24
-4.59186e-24
-4.53037e-24
-4.48317e-24
-4.45419e-24
-4.44373e-24
-4.44762e-24
-4.4565e-24
-4.46062e-24
-4.45399e-24
-4.44033e-24
-4.43499e-24
-4.45914e-24
-4.52889e-24
-4.64664e-24
-4.80084e-24
-4.97421e-24
-5.15189e-24
-5.32339e-24
-5.48269e-24
-5.62511e-24
-5.74807e-24
-5.84976e-24
-5.92971e-24
-5.98797e-24
-6.02556e-24
-6.04354e-24
-6.04286e-24
-6.02458e-24
-5.98976e-24
-5.93983e-24
-5.8768e-24
-5.80354e-24
-5.72409e-24
-5.64348e-24
-5.5665e-24
-5.49693e-24
-5.43645e-24
-5.38409e-24
-5.33768e-24
-5.29417e-24
-5.25196e-24
-5.21242e-24
-5.179e-24
-5.15588e-24
-5.14603e-24
-5.14886e-24
-5.1612e-24
-5.17802e-24
-5.19517e-24
-5.21007e-24
-5.22364e-24
-5.23809e-24
-5.25653e-24
-5.28091e-24
-5.31219e-24
-5.34905e-24
-5.39028e-24
-5.43298e-24
-5.47504e-24
-5.51521e-24
-5.55257e-24
-5.58665e-24
-5.61735e-24
-5.64409e-24
-5.66651e-24
-5.68375e-24
-5.69486e-24
-5.69929e-24
-5.69658e-24
-5.68674e-24
-5.67022e-24
-5.6485e-24
-5.62296e-24
-5.59613e-24
-5.57031e-24
-5.54754e-24
-5.52937e-24
-5.51714e-24
-5.51177e-24
-5.5138e-24
-5.52362e-24
-5.54082e-24
-5.56422e-24
-5.59145e-24
-5.61825e-24
-5.64048e-24
-5.65359e-24
-5.65446e-24
-5.64165e-24
-5.61522e-24
-5.57689e-24
-5.53024e-24
-5.48106e-24
-5.43596e-24
-5.40135e-24
-5.38033e-24
-5.3716e-24
-5.36884e-24
-5.36447e-24
-5.35258e-24
-5.33101e-24
-5.30119e-24
-5.26658e-24
-5.23039e-24
-5.19523e-24
-5.16368e-24
-5.13804e-24
-5.12169e-24
-5.11594e-24
-5.12001e-24
-5.13096e-24
-5.14465e-24
-5.15942e-24
-5.1756e-24
-5.19646e-24
-5.22616e-24
-5.26726e-24
-5.32066e-24
-5.38379e-24
-5.45226e-24
-5.52038e-24
-5.58275e-24
-5.63515e-24
-5.67528e-24
-5.70157e-24
-5.71436e-24
-5.7148e-24
-5.70497e-24
-5.68729e-24
-5.6644e-24
-5.63877e-24
-5.61258e-24
-5.58787e-24
-5.56591e-24
-5.54779e-24
-5.53411e-24
-5.52488e-24
-5.5206e-24
-5.5207e-24
-5.52524e-24
-5.53355e-24
-5.54448e-24
-5.55651e-24
-5.56736e-24
-5.5742e-24
-5.57357e-24
-5.56088e-24
-5.53195e-24
-5.4821e-24
-5.40778e-24
-5.30783e-24
-5.1853e-24
-5.05046e-24
-4.92055e-24
-4.81598e-24
-4.7553e-24
-4.74625e-24
-4.78396e-24
-4.85538e-24
-4.94552e-24
-5.04175e-24
-5.1355e-24
-5.22127e-24
-5.29612e-24
-5.35811e-24
-5.40697e-24
-5.44334e-24
-5.4684e-24
-5.4838e-24
-5.49135e-24
-5.49284e-24
-5.48976e-24
-5.48388e-24
-5.47608e-24
-5.46697e-24
-5.45645e-24
-5.44363e-24
-5.4268e-24
-5.4037e-24
-5.3711e-24
-5.32621e-24
-5.26706e-24
-5.19345e-24
-5.10853e-24
-5.01862e-24
-4.93336e-24
-4.86321e-24
-4.81589e-24
-4.79327e-24
-4.79119e-24
-4.80154e-24
-4.81595e-24
-4.82885e-24
-4.83836e-24
-4.84498e-24
-4.85127e-24
-4.85976e-24
-4.87246e-24
-4.8904e-24
-4.91392e-24
-4.94236e-24
-4.97488e-24
-5.01048e-24
-5.04788e-24
-5.08558e-24
-5.12231e-24
-5.15681e-24
-5.18793e-24
-5.21513e-24
-5.23806e-24
-5.25641e-24
-5.2702e-24
-5.2798e-24
-5.28523e-24
-5.28668e-24
-5.28444e-24
-5.27857e-24
-5.26917e-24
-5.25675e-24
-5.24138e-24
-5.22353e-24
-5.20353e-24
-5.18193e-24
-5.15965e-24
-5.13752e-24
-5.11618e-24
-5.09674e-24
-5.07947e-24
-5.06482e-24
-5.05264e-24
-5.04231e-24
-5.03267e-24
-5.02182e-24
-5.00745e-24
-4.98626e-24
-4.95514e-24
-4.91075e-24
-4.85108e-24
-4.77623e-24
-4.6908e-24
-4.60529e-24
-4.53523e-24
-4.49774e-24
-4.50534e-24
-4.5595e-24
-4.65013e-24
-4.76009e-24
-4.87235e-24
-4.97451e-24
-5.06022e-24
-5.1276e-24
-5.17775e-24
-5.21321e-24
-5.23666e-24
-5.25093e-24
-5.25812e-24
-5.26019e-24
-5.25917e-24
-5.25625e-24
-5.2525e-24
-5.24926e-24
-5.24727e-24
-5.24729e-24
-5.24952e-24
-5.25396e-24
-5.26065e-24
-5.26904e-24
-5.27849e-24
-5.28835e-24
-5.29785e-24
-5.30609e-24
-5.31245e-24
-5.31615e-24
-5.31686e-24
-5.31395e-24
-5.30734e-24
-5.29684e-24
-5.28234e-24
-5.26406e-24
-5.24245e-24
-5.21905e-24
-5.19614e-24
-5.17757e-24
-5.16803e-24
-5.17365e-24
-5.19956e-24
-5.24867e-24
-5.32061e-24
-5.4115e-24
-5.51401e-24
-5.61984e-24
-5.72137e-24
-5.81232e-24
-5.88868e-24
-5.94809e-24
-5.98935e-24
-6.01199e-24
-6.01569e-24
-5.99974e-24
-5.96347e-24
-5.9064e-24
-5.82935e-24
-5.7362e-24
-5.63522e-24
-5.54051e-24
-5.46963e-24
-5.4388e-24
-5.45675e-24
-5.52056e-24
-5.61714e-24
-5.72921e-24
-5.84134e-24
-5.94281e-24
-6.02748e-24
-6.09384e-24
-6.14183e-24
-6.17265e-24
-6.18765e-24
-6.18823e-24
-6.17558e-24
-6.15118e-24
-6.11718e-24
-6.07605e-24
-6.0315e-24
-5.98809e-24
-5.95116e-24
-5.92575e-24
-5.91609e-24
-5.92505e-24
-5.95338e-24
-5.99977e-24
-6.06166e-24
-6.13537e-24
-6.21654e-24
-6.30057e-24
-6.38279e-24
-6.45894e-24
-6.52477e-24
-6.57624e-24
-6.60934e-24
-6.62001e-24
-6.60435e-24
-6.55859e-24
-6.48015e-24
-6.3685e-24
-6.22712e-24
-6.06303e-24
-5.88738e-24
-5.71216e-24
-5.54672e-24
-5.39602e-24
-5.26253e-24
-5.15003e-24
-5.06686e-24
-5.02477e-24
-5.03434e-24
-5.09766e-24
-5.20729e-24
-5.34651e-24
-5.49635e-24
-5.64036e-24
-5.76754e-24
-5.87337e-24
-5.95881e-24
-6.02761e-24
-6.08441e-24
-6.13343e-24
-6.17748e-24
-6.21694e-24
-6.25134e-24
-6.27911e-24
-6.29877e-24
-6.30903e-24
-6.30905e-24
-6.29811e-24
-6.27594e-24
-6.24169e-24
-6.19529e-24
-6.13596e-24
-6.06324e-24
-5.97668e-24
-5.87722e-24
-5.76701e-24
-5.65131e-24
-5.53801e-24
-5.43813e-24
-5.36338e-24
-5.32286e-24
-5.32025e-24
-5.35294e-24
-5.41377e-24
-5.49335e-24
-5.58281e-24
-5.67486e-24
-5.76406e-24
-5.84633e-24
-5.91892e-24
-5.98012e-24
-6.02827e-24
-6.06266e-24
-6.08251e-24
-6.08738e-24
-6.07627e-24
-6.04962e-24
-6.00833e-24
-5.95575e-24
-5.89745e-24
-5.84123e-24
-5.79595e-24
-5.76906e-24
-5.76338e-24
-5.77693e-24
-5.80292e-24
-5.83298e-24
-5.86086e-24
-5.88374e-24
-5.90195e-24
-5.91817e-24
-5.93494e-24
-5.95367e-24
-5.97396e-24
-5.99287e-24
-6.00662e-24
-6.01117e-24
-6.00321e-24
-5.97969e-24
-5.93886e-24
-5.87973e-24
-5.80234e-24
-5.70792e-24
-5.60059e-24
-5.48732e-24
-5.37755e-24
-5.28262e-24
-5.21228e-24
-5.17213e-24
-5.16158e-24
-5.17482e-24
-5.20453e-24
-5.2449e-24
-5.29394e-24
-5.35343e-24
-5.42645e-24
-5.51482e-24
-5.61814e-24
-5.73166e-24
-5.84914e-24
-5.96266e-24
-6.06569e-24
-6.15336e-24
-6.22241e-24
-6.27132e-24
-6.29972e-24
-6.30811e-24
-6.29794e-24
-6.27087e-24
-6.22947e-24
-6.17605e-24
-6.11353e-24
-6.04451e-24
-5.97187e-24
-5.89694e-24
-5.82171e-24
-5.74724e-24
-5.67514e-24
-5.60808e-24
-5.54986e-24
-5.50429e-24
-5.47432e-24
-5.45972e-24
-5.45692e-24
-5.45816e-24
-5.45557e-24
-5.44104e-24
-5.40905e-24
-5.35695e-24
-5.28593e-24
-5.19996e-24
-5.10647e-24
-5.01521e-24
-4.93723e-24
-4.881e-24
-4.85077e-24
-4.84465e-24
-4.8547e-24
-4.87045e-24
-4.88237e-24
-4.88494e-24
-4.87798e-24
-4.86661e-24
-4.85981e-24
-4.86645e-24
-4.89179e-24
-4.93516e-24
-4.9904e-24
-5.04847e-24
-5.10094e-24
-5.14202e-24
-5.1689e-24
-5.18135e-24
-5.18062e-24
-5.16917e-24
-5.1494e-24
-5.12379e-24
-5.09451e-24
-5.06363e-24
-5.0329e-24
-5.00337e-24
-4.97639e-24
-4.95275e-24
-4.93251e-24
-4.91621e-24
-4.9039e-24
-4.89553e-24
-4.89051e-24
-4.88884e-24
-4.88978e-24
-4.89261e-24
-4.89654e-24
-4.90069e-24
-4.90386e-24
-4.90517e-24
-4.90357e-24
-4.89785e-24
-4.88717e-24
-4.87109e-24
-4.84902e-24
-4.82085e-24
-4.78684e-24
-4.74767e-24
-4.70473e-24
-4.65988e-24
-4.61526e-24
-4.5744e-24
-4.5411e-24
-4.51947e-24
-4.51332e-24
-4.52561e-24
-4.55655e-24
-4.60475e-24
-4.6661e-24
-4.73573e-24
-4.80832e-24
-4.87919e-24
-4.94414e-24
-5.00019e-24
-5.04524e-24
-5.07768e-24
-5.09637e-24
-5.10108e-24
-5.09188e-24
-5.06884e-24
-5.03246e-24
-4.98397e-24
-4.92569e-24
-4.86177e-24
-4.79828e-24
-4.74214e-24
-4.69719e-24
-4.66252e-24
-4.6306e-24
-4.59159e-24
-4.53988e-24
-4.48132e-24
-4.43452e-24
-4.42341e-24
-4.46245e-24
-4.54571e-24
-4.64892e-24
-4.74237e-24
-4.8037e-24
-4.82322e-24
-4.80271e-24
-4.75225e-24
-4.68688e-24
-4.6234e-24
-4.57796e-24
-4.56292e-24
-4.58547e-24
-4.6455e-24
-4.73544e-24
-4.84354e-24
-4.95731e-24
-5.06585e-24
-5.1622e-24
-5.24307e-24
-5.30752e-24
-5.35694e-24
-5.39252e-24
-5.41658e-24
-5.4308e-24
-5.43669e-24
-5.43526e-24
-5.4272e-24
-5.4132e-24
-5.39299e-24
-5.36627e-24
-5.33235e-24
-5.29015e-24
-5.238e-24
-5.17395e-24
-5.09545e-24
-4.99988e-24
-4.88601e-24
-4.75516e-24
-4.61431e-24
-4.47768e-24
-4.36532e-24
-4.29754e-24
-4.2855e-24
-4.32471e-24
-4.3976e-24
-4.48167e-24
-4.55888e-24
-4.61899e-24
-4.65876e-24
-4.67988e-24
-4.68632e-24
-4.68245e-24
-4.67222e-24
-4.65877e-24
-4.64479e-24
-4.63235e-24
-4.6229e-24
-4.61747e-24
-4.6168e-24
-4.62098e-24
-4.62995e-24
-4.64272e-24
-4.65814e-24
-4.67463e-24
-4.69107e-24
-4.70603e-24
-4.71893e-24
-4.72981e-24
-4.73906e-24
-4.74742e-24
-4.7562e-24
-4.76641e-24
-4.77883e-24
-4.79356e-24
-4.81051e-24
-4.82904e-24
-4.8482e-24
-4.8671e-24
-4.88486e-24
-4.90067e-24
-4.91415e-24
-4.92477e-24
-4.93251e-24
-4.93701e-24
-4.93816e-24
-4.93548e-24
-4.92794e-24
-4.91455e-24
-4.89344e-24
-4.86267e-24
-4.82031e-24
-4.76424e-24
-4.69419e-24
-4.61151e-24
-4.52141e-24
-4.43267e-24
-4.35665e-24
-4.30561e-24
-4.28818e-24
-4.30666e-24
-4.35643e-24
-4.42776e-24
-4.50995e-24
-4.59248e-24
-4.66783e-24
-4.73024e-24
-4.77714e-24
-4.80745e-24
-4.82249e-24
-4.82578e-24
-4.82265e-24
-4.81919e-24
-4.82101e-24
-4.83147e-24
-4.85132e-24
-4.87829e-24
-4.90898e-24
-4.93958e-24
-4.96692e-24
-4.98959e-24
-5.00791e-24
-5.02324e-24
-5.0374e-24
-5.05267e-24
-5.07079e-24
-5.09238e-24
-5.11713e-24
-5.14244e-24
-5.16436e-24
-5.17805e-24
-5.17877e-24
-5.16259e-24
-5.1296e-24
-5.08572e-24
-5.04471e-24
-5.02724e-24
-5.05347e-24
-5.13316e-24
-5.25953e-24
-5.41215e-24
-5.56626e-24
-5.70242e-24
-5.80926e-24
-5.88264e-24
-5.92276e-24
-5.93197e-24
-5.9124e-24
-5.86609e-24
-5.79464e-24
-5.69998e-24
-5.58625e-24
-5.46069e-24
-5.33457e-24
-5.22197e-24
-5.13578e-24
-5.08441e-24
-5.06938e-24
-5.0886e-24
-5.13874e-24
-5.21532e-24
-5.31186e-24
-5.4196e-24
-5.52921e-24
-5.63435e-24
-5.73235e-24
-5.8236e-24
-5.90958e-24
-5.99024e-24
-6.06374e-24
-6.1278e-24
-6.18017e-24
-6.22003e-24
-6.24793e-24
-6.2659e-24
-6.27725e-24
-6.28433e-24
-6.28939e-24
-6.29284e-24
-6.29383e-24
-6.29101e-24
-6.28245e-24
-6.26696e-24
-6.24438e-24
-6.21515e-24
-6.18e-24
-6.1388e-24
-6.08992e-24
-6.03007e-24
-5.95668e-24
-5.86889e-24
-5.77023e-24
-5.66877e-24
-5.57584e-24
-5.5038e-24
-5.4625e-24
-5.45765e-24
-5.49019e-24
-5.55624e-24
-5.64792e-24
-5.75625e-24
-5.87184e-24
-5.9859e-24
-6.09132e-24
-6.18223e-24
-6.25404e-24
-6.3031e-24
-6.32734e-24
-6.32614e-24
-6.3017e-24
-6.25879e-24
-6.20493e-24
-6.14883e-24
-6.0988e-24
-6.05998e-24
-6.03293e-24
-6.01434e-24
-5.99807e-24
-5.97858e-24
-5.95209e-24
-5.91714e-24
-5.87446e-24
-5.82634e-24
-5.77606e-24
-5.72677e-24
-5.68136e-24
-5.64199e-24
-5.60976e-24
-5.58524e-24
-5.56805e-24
-5.55743e-24
-5.55245e-24
-5.55206e-24
-5.55527e-24
-5.56086e-24
-5.56788e-24
-5.57486e-24
-5.58086e-24
-5.58436e-24
-5.58406e-24
-5.57908e-24
-5.56892e-24
-5.55324e-24
-5.53263e-24
-5.50776e-24
-5.47939e-24
-5.44877e-24
-5.41697e-24
-5.38502e-24
-5.35381e-24
-5.32433e-24
-5.29676e-24
-5.27149e-24
-5.24839e-24
-5.22719e-24
-5.20743e-24
-5.18839e-24
-5.16919e-24
-5.14864e-24
-5.12544e-24
-5.09806e-24
-5.06555e-24
-5.02693e-24
-4.98194e-24
-4.93136e-24
-4.8777e-24
-4.82497e-24
-4.77913e-24
-4.7461e-24
-4.73087e-24
-4.73509e-24
-4.75649e-24
-4.78963e-24
-4.82736e-24
-4.86272e-24
-4.89087e-24
-4.90949e-24
-4.91848e-24
-4.9195e-24
-4.91494e-24
-4.90764e-24
-4.89977e-24
-4.89299e-24
-4.8878e-24
-4.88366e-24
-4.87996e-24
-4.87493e-24
-4.86693e-24
-4.85512e-24
-4.83851e-24
-4.81611e-24
-4.78786e-24
-4.75377e-24
-4.71427e-24
-4.67068e-24
-4.6248e-24
-4.57914e-24
-4.53721e-24
-4.50269e-24
-4.47937e-24
-4.47029e-24
-4.47647e-24
-4.49745e-24
-4.53098e-24
-4.5732e-24
-4.62015e-24
-4.66818e-24
-4.71376e-24
-4.75507e-24
-4.79074e-24
-4.82001e-24
-4.8426e-24
-4.85853e-24
-4.86731e-24
-4.86893e-24
-4.86282e-24
-4.84905e-24
-4.82702e-24
-4.79649e-24
-4.75725e-24
-4.70834e-24
-4.64857e-24
-4.57579e-24
-4.48708e-24
-4.37965e-24
-4.25212e-24
-4.11047e-24
-3.97166e-24
-3.86666e-24
-3.83174e-24
-3.89044e-24
-4.03773e-24
-4.24092e-24
-4.45886e-24
-4.65852e-24
-4.82281e-24
-4.9472e-24
-5.03402e-24
-5.08861e-24
-5.11638e-24
-5.12237e-24
-5.11173e-24
-5.08975e-24
-5.06253e-24
-5.03692e-24
-5.01985e-24
-5.01715e-24
-5.03167e-24
-5.0633e-24
-5.1087e-24
-5.16286e-24
-5.22059e-24
-5.27764e-24
-5.33097e-24
-5.37919e-24
-5.42171e-24
-5.45911e-24
-5.49208e-24
-5.52126e-24
-5.54771e-24
-5.57219e-24
-5.59484e-24
-5.6163e-24
-5.63681e-24
-5.65637e-24
-5.67523e-24
-5.69357e-24
-5.71099e-24
-5.72783e-24
-5.74355e-24
-5.7584e-24
-5.77197e-24
-5.78451e-24
-5.79559e-24
-5.80531e-24
-5.8136e-24
-5.82042e-24
-5.82572e-24
-5.82992e-24
-5.83282e-24
-5.83459e-24
-5.83553e-24
-5.83556e-24
-5.8351e-24
-5.8338e-24
-5.83189e-24
-5.82954e-24
-5.82707e-24
-5.82526e-24
-5.82457e-24
-5.82643e-24
-5.83203e-24
-5.84285e-24
-5.85967e-24
-5.88287e-24
-5.91238e-24
-5.94691e-24
-5.98554e-24
-6.02671e-24
-6.06912e-24
-6.11191e-24
-6.15425e-24
-6.19575e-24
-6.23591e-24
-6.27392e-24
-6.30939e-24
-6.34192e-24
-6.37194e-24
-6.40015e-24
-6.42733e-24
-6.45446e-24
-6.48115e-24
-6.50611e-24
-6.52706e-24
-6.54172e-24
-6.54825e-24
-6.54681e-24
-6.53836e-24
-6.5262e-24
-6.51418e-24
-6.50527e-24
-6.50161e-24
-6.50258e-24
-6.50614e-24
-6.5087e-24
-6.50691e-24
-6.49793e-24
-6.48101e-24
-6.45673e-24
-6.4277e-24
-6.3971e-24
-6.36854e-24
-6.3453e-24
-6.32984e-24
-6.32327e-24
-6.32563e-24
-6.33636e-24
-6.35404e-24
-6.37702e-24
-6.4039e-24
-6.43314e-24
-6.46355e-24
-6.49376e-24
-6.52257e-24
-6.54834e-24
-6.56976e-24
-6.58595e-24
-6.5956e-24
-6.59811e-24
-6.59326e-24
-6.58076e-24
-6.56076e-24
-6.53386e-24
-6.50066e-24
-6.46196e-24
-6.41955e-24
-6.37439e-24
-6.32862e-24
-6.28382e-24
-6.24187e-24
-6.20402e-24
-6.17207e-24
-6.14821e-24
-6.1352e-24
-6.13567e-24
-6.15132e-24
-6.18124e-24
-6.22102e-24
-6.26412e-24
-6.30264e-24
-6.32908e-24
-6.33797e-24
-6.32667e-24
-6.29588e-24
-6.25006e-24
-6.19759e-24
-6.14964e-24
-6.11746e-24
-6.10909e-24
-6.12633e-24
-6.16427e-24
-6.21328e-24
-6.26246e-24
-6.30286e-24
-6.32834e-24
-6.3357e-24
-6.32391e-24
-6.29377e-24
-6.24656e-24
-6.18464e-24
-6.11098e-24
-6.02983e-24
-5.94593e-24
-5.86511e-24
-5.79317e-24
-5.73524e-24
-5.69494e-24
-5.67424e-24
-5.67207e-24
-5.68534e-24
-5.70956e-24
-5.73966e-24
-5.77143e-24
-5.80185e-24
-5.82936e-24
-5.85321e-24
-5.87354e-24
-5.8901e-24
-5.90303e-24
-5.91186e-24
-5.91587e-24
-5.91444e-24
-5.90693e-24
-5.89267e-24
-5.87092e-24
-5.84185e-24
-5.80463e-24
-5.75868e-24
-5.70384e-24
-5.63991e-24
-5.5685e-24
-5.49302e-24
-5.41999e-24
-5.35954e-24
-5.32326e-24
-5.32077e-24
-5.35542e-24
-5.42145e-24
-5.50639e-24
-5.59543e-24
-5.67536e-24
-5.73729e-24
-5.77702e-24
-5.79437e-24
-5.79206e-24
-5.77474e-24
-5.74872e-24
-5.72117e-24
-5.69866e-24
-5.68638e-24
-5.68641e-24
-5.69736e-24
-5.71536e-24
-5.73535e-24
-5.7525e-24
-5.76318e-24
-5.76551e-24
-5.75944e-24
-5.74471e-24
-5.71981e-24
-5.68276e-24
-5.62836e-24
-5.55174e-24
-5.44892e-24
-5.32182e-24
-5.18164e-24
-5.05133e-24
-4.96085e-24
-4.93748e-24
-4.99275e-24
-5.11689e-24
-5.28286e-24
-5.45847e-24
-5.61841e-24
-5.74945e-24
-5.85001e-24
-5.92665e-24
-5.98918e-24
-6.04647e-24
-6.10383e-24
-6.16242e-24
-6.22022e-24
-6.27393e-24
-6.32046e-24
-6.35697e-24
-6.38312e-24
-6.39845e-24
-6.40368e-24
-6.39954e-24
-6.38643e-24
-6.36465e-24
-6.33433e-24
-6.29611e-24
-6.25066e-24
-6.1993e-24
-6.14384e-24
-6.08618e-24
-6.02844e-24
-5.97259e-24
-5.92001e-24
-5.87213e-24
-5.83081e-24
-5.79775e-24
-5.7757e-24
-5.76718e-24
-5.77435e-24
-5.7983e-24
-5.83913e-24
-5.89428e-24
-5.96057e-24
-6.03311e-24
-6.10665e-24
-6.17603e-24
-6.23673e-24
-6.28475e-24
-6.31726e-24
-6.33251e-24
-6.33024e-24
-6.31102e-24
-6.27721e-24
-6.23194e-24
-6.17905e-24
-6.12256e-24
-6.06605e-24
-6.01233e-24
-5.96382e-24
-5.92184e-24
-5.88819e-24
-5.86556e-24
-5.85762e-24
-5.86824e-24
-5.90083e-24
-5.9561e-24
-6.03171e-24
-6.12191e-24
-6.21929e-24
-6.3164e-24
-6.40636e-24
-6.4844e-24
-6.54698e-24
-6.59178e-24
-6.61741e-24
-6.62319e-24
-6.60838e-24
-6.57275e-24
-6.51649e-24
-6.44043e-24
-6.34666e-24
-6.23817e-24
-6.12003e-24
-5.99894e-24
-5.88253e-24
-5.77994e-24
-5.69963e-24
-5.64885e-24
-5.6316e-24
-5.6478e-24
-5.69258e-24
-5.75703e-24
-5.83033e-24
-5.90207e-24
-5.96445e-24
-6.01302e-24
-6.04778e-24
-6.0713e-24
-6.08889e-24
-6.10644e-24
-6.1288e-24
-6.15917e-24
-6.19766e-24
-6.24252e-24
-6.29049e-24
-6.33806e-24
-6.38239e-24
-6.42133e-24
-6.45372e-24
-6.4795e-24
-6.49894e-24
-6.51253e-24
-6.52119e-24
-6.52558e-24
-6.5264e-24
-6.52445e-24
-6.52015e-24
-6.51374e-24
-6.50541e-24
-6.49454e-24
-6.48006e-24
-6.46015e-24
-6.43229e-24
-6.39262e-24
-6.33599e-24
-6.25637e-24
-6.14711e-24
-6.00014e-24
-5.80897e-24
-5.57009e-24
-5.28963e-24
-4.99153e-24
-4.72431e-24
-4.55519e-24
-4.54239e-24
-4.69942e-24
-4.98454e-24
-5.32467e-24
-5.65377e-24
-5.93156e-24
-6.14375e-24
-6.29246e-24
-6.38711e-24
-6.43883e-24
-6.45748e-24
-6.45174e-24
-6.42859e-24
-6.39367e-24
-6.35157e-24
-6.30626e-24
-6.26071e-24
-6.21725e-24
-6.17806e-24
-6.14479e-24
-6.12033e-24
-6.10829e-24
-6.11133e-24
-6.13062e-24
-6.16379e-24
-6.20468e-24
-6.24414e-24
-6.27264e-24
-6.28106e-24
-6.26406e-24
-6.22007e-24
-6.15276e-24
-6.0715e-24
-5.99e-24
-5.92382e-24
-5.88527e-24
-5.87928e-24
-5.90107e-24
-5.93917e-24
-5.97979e-24
-6.01099e-24
-6.026e-24
-6.02286e-24
-6.00326e-24
-5.97193e-24
-5.93446e-24
-5.89696e-24
-5.86445e-24
-5.84035e-24
-5.82598e-24
-5.82136e-24
-5.82565e-24
-5.83821e-24
-5.85958e-24
-5.89121e-24
-5.93471e-24
-5.99031e-24
-6.0557e-24
-6.12513e-24
-6.19023e-24
-6.24142e-24
-6.26922e-24
-6.26517e-24
-6.2229e-24
-6.13934e-24
-6.01749e-24
-5.87198e-24
-5.73207e-24
-5.63579e-24
-5.61389e-24
-5.67342e-24
-5.79166e-24
-5.93215e-24
-6.0626e-24
-6.16417e-24
-6.23075e-24
-6.26317e-24
-6.26442e-24
-6.23611e-24
-6.17773e-24
-6.08758e-24
-5.9639e-24
-5.8096e-24
-5.63654e-24
-5.47054e-24
-5.34827e-24
-5.30209e-24
-5.34291e-24
-5.45173e-24
-5.59279e-24
-5.73149e-24
-5.8463e-24
-5.93047e-24
-5.98694e-24
-6.02337e-24
-6.0482e-24
-6.06758e-24
-6.08526e-24
-6.1023e-24
-6.11797e-24
-6.12983e-24
-6.13607e-24
-6.13479e-24
-6.12495e-24
-6.10608e-24
-6.07781e-24
-6.04001e-24
-5.99307e-24
-5.93736e-24
-5.87434e-24
-5.80616e-24
-5.73624e-24
-5.66856e-24
-5.60785e-24
-5.55866e-24
-5.52498e-24
-5.50877e-24
-5.51015e-24
-5.52692e-24
-5.55489e-24
-5.58858e-24
-5.62246e-24
-5.65131e-24
-5.67091e-24
-5.6786e-24
-5.67346e-24
-5.65484e-24
-5.62356e-24
-5.58041e-24
-5.52752e-24
-5.4672e-24
-5.40351e-24
-5.34106e-24
-5.28601e-24
-5.24439e-24
-5.22238e-24
-5.22428e-24
-5.25123e-24
-5.30043e-24
-5.36513e-24
-5.43601e-24
-5.50395e-24
-5.56173e-24
-5.60533e-24
-5.63382e-24
-5.64892e-24
-5.6546e-24
-5.65613e-24
-5.65947e-24
-5.66907e-24
-5.68889e-24
-5.71932e-24
-5.75783e-24
-5.80038e-24
-5.84122e-24
-5.8751e-24
-5.89736e-24
-5.90569e-24
-5.89853e-24
-5.87683e-24
-5.8425e-24
-5.79897e-24
-5.75093e-24
-5.70359e-24
-5.66145e-24
-5.62817e-24
-5.60576e-24
-5.59421e-24
-5.59206e-24
-5.59701e-24
-5.60595e-24
-5.61623e-24
-5.62554e-24
-5.63171e-24
-5.63348e-24
-5.63036e-24
-5.62292e-24
-5.61277e-24
-5.60239e-24
-5.59496e-24
-5.5931e-24
-5.59957e-24
-5.61582e-24
-5.64188e-24
-5.6765e-24
-5.71743e-24
-5.7613e-24
-5.80473e-24
-5.84418e-24
-5.87621e-24
-5.898e-24
-5.90732e-24
-5.90182e-24
-5.88045e-24
-5.84379e-24
-5.79364e-24
-5.73539e-24
-5.67693e-24
-5.62776e-24
-5.59637e-24
-5.58737e-24
-5.59929e-24
-5.62523e-24
-5.65562e-24
-5.68198e-24
-5.69878e-24
-5.70443e-24
-5.70089e-24
-5.69223e-24
-5.68388e-24
-5.68096e-24
-5.68812e-24
-5.70775e-24
-5.73995e-24
-5.78344e-24
-5.835e-24
-5.89041e-24
-5.94574e-24
-5.99731e-24
-6.04211e-24
-6.07783e-24
-6.10345e-24
-6.11798e-24
-6.12139e-24
-6.11434e-24
-6.09767e-24
-6.073e-24
-6.0431e-24
-6.01116e-24
-5.98068e-24
-5.95495e-24
-5.93686e-24
-5.92691e-24
-5.92463e-24
-5.92791e-24
-5.93407e-24
-5.94034e-24
-5.94455e-24
-5.94594e-24
-5.9451e-24
-5.94367e-24
-5.94383e-24
-5.94697e-24
-5.95315e-24
-5.95953e-24
-5.95999e-24
-5.94652e-24
-5.90934e-24
-5.84103e-24
-5.74077e-24
-5.6201e-24
-5.50748e-24
-5.44308e-24
-5.4602e-24
-5.56485e-24
-5.73099e-24
-5.91646e-24
-6.08412e-24
-6.21257e-24
-6.29353e-24
-6.32699e-24
-6.31632e-24
-6.26509e-24
-6.17734e-24
-6.05749e-24
-5.91167e-24
-5.74901e-24
-5.58176e-24
-5.42532e-24
-5.29513e-24
-5.20323e-24
-5.1551e-24
-5.14738e-24
-5.1698e-24
-5.21109e-24
-5.26301e-24
-5.32376e-24
-5.39555e-24
-5.48138e-24
-5.58083e-24
-5.69001e-24
-5.80228e-24
-5.91041e-24
-6.008e-24
-6.08992e-24
-6.1531e-24
-6.19624e-24
-6.21954e-24
-6.22421e-24
-6.21246e-24
-6.18633e-24
-6.1483e-24
-6.10018e-24
-6.04412e-24
-5.9816e-24
-5.91431e-24
-5.8443e-24
-5.77331e-24
-5.70336e-24
-5.63678e-24
-5.57527e-24
-5.52004e-24
-5.47182e-24
-5.43081e-24
-5.39666e-24
-5.36911e-24
-5.34822e-24
-5.33423e-24
-5.32714e-24
-5.32711e-24
-5.33343e-24
-5.34473e-24
-5.35952e-24
-5.37606e-24
-5.39303e-24
-5.40987e-24
-5.42663e-24
-5.44438e-24
-5.46397e-24
-5.4861e-24
-5.51072e-24
-5.5373e-24
-5.56478e-24
-5.59132e-24
-5.61573e-24
-5.63681e-24
-5.65375e-24
-5.66667e-24
-5.67573e-24
-5.68114e-24
-5.68352e-24
-5.68324e-24
-5.6808e-24
-5.67697e-24
-5.67151e-24
-5.66464e-24
-5.65653e-24
-5.64695e-24
-5.63581e-24
-5.62254e-24
-5.60723e-24
-5.58938e-24
-5.56867e-24
-5.54451e-24
-5.51675e-24
-5.48539e-24
-5.45031e-24
-5.41164e-24
-5.36925e-24
-5.3231e-24
-5.27256e-24
-5.21706e-24
-5.15569e-24
-5.08851e-24
-5.01807e-24
-4.94988e-24
-4.89317e-24
-4.85976e-24
-4.85979e-24
-4.89695e-24
-4.96642e-24
-5.05667e-24
-5.15363e-24
-5.24531e-24
-5.32416e-24
-5.387e-24
-5.43337e-24
-5.46467e-24
-5.48281e-24
-5.48997e-24
-5.48787e-24
-5.478e-24
-5.46117e-24
-5.43817e-24
-5.40912e-24
-5.3743e-24
-5.33375e-24
-5.28706e-24
-5.23409e-24
-5.17502e-24
-5.11036e-24
-5.04184e-24
-4.97181e-24
-4.90437e-24
-4.84426e-24
-4.79679e-24
-4.76638e-24
-4.75522e-24
-4.76357e-24
-4.78851e-24
-4.82572e-24
-4.8703e-24
-4.91777e-24
-4.9647e-24
-5.00829e-24
-5.0471e-24
-5.08016e-24
-5.10634e-24
-5.12519e-24
-5.13589e-24
-5.13763e-24
-5.12981e-24
-5.11128e-24
-5.08169e-24
-5.04045e-24
-4.98778e-24
-4.9245e-24
-4.85202e-24
-4.77243e-24
-4.68806e-24
-4.60213e-24
-4.51734e-24
-4.43668e-24
-4.36392e-24
-4.30386e-24
-4.26207e-24
-4.2443e-24
-4.25348e-24
-4.28907e-24
-4.34433e-24
-4.40857e-24
-4.47013e-24
-4.51853e-24
-4.54732e-24
-4.55381e-24
-4.53895e-24
-4.5057e-24
-4.4593e-24
-4.40528e-24
-4.34936e-24
-4.29726e-24
-4.25286e-24
-4.21946e-24
-4.19904e-24
-4.19278e-24
-4.20224e-24
-4.22887e-24
-4.27349e-24
-4.33472e-24
-4.40846e-24
-4.48803e-24
-4.5664e-24
-4.63661e-24
-4.69352e-24
-4.73359e-24
-4.75472e-24
-4.7565e-24
-4.739e-24
-4.70357e-24
-4.65325e-24
-4.59353e-24
-4.5321e-24
-4.47899e-24
-4.44364e-24
-4.43298e-24
-4.44894e-24
-4.48755e-24
-4.54082e-24
-4.59973e-24
-4.65632e-24
-4.70537e-24
-4.74456e-24
-4.77329e-24
-4.79197e-24
-4.80248e-24
-4.80597e-24
-4.80409e-24
-4.7981e-24
-4.78935e-24
-4.77895e-24
-4.76819e-24
-4.75777e-24
-4.74861e-24
-4.74135e-24
-4.73648e-24
-4.7344e-24
-4.73518e-24
-4.7385e-24
-4.74371e-24
-4.74985e-24
-4.75592e-24
-4.7604e-24
-4.76184e-24
-4.75908e-24
-4.75139e-24
-4.73858e-24
-4.72153e-24
-4.70199e-24
-4.68302e-24
-4.66858e-24
-4.66277e-24
-4.66915e-24
-4.68998e-24
-4.72497e-24
-4.77256e-24
-4.82905e-24
-4.89045e-24
-4.95289e-24
-5.0134e-24
-5.06979e-24
-5.12081e-24
-5.16593e-24
-5.20532e-24
-5.23931e-24
-5.26829e-24
-5.29265e-24
-5.3128e-24
-5.32915e-24
-5.34182e-24
-5.35098e-24
-5.35717e-24
-5.36057e-24
-5.36155e-24
-5.36078e-24
-5.35888e-24
-5.35633e-24
-5.354e-24
-5.35223e-24
-5.35172e-24
-5.35288e-24
-5.35576e-24
-5.36002e-24
-5.36523e-24
-5.37077e-24
-5.37568e-24
-5.37914e-24
-5.37971e-24
-5.37649e-24
-5.36853e-24
-5.35513e-24
-5.33581e-24
-5.31073e-24
-5.28113e-24
-5.24861e-24
-5.21573e-24
-5.18577e-24
-5.16214e-24
-5.14794e-24
-5.14547e-24
-5.15603e-24
-5.17902e-24
-5.21316e-24
-5.25603e-24
-5.30504e-24
-5.35779e-24
-5.41218e-24
-5.46671e-24
-5.52067e-24
-5.57335e-24
-5.62449e-24
-5.67361e-24
-5.7205e-24
-5.76444e-24
-5.80438e-24
-5.83911e-24
-5.867e-24
-5.88633e-24
-5.89509e-24
-5.89079e-24
-5.87109e-24
-5.8337e-24
-5.7757e-24
-5.69495e-24
-5.59027e-24
-5.46308e-24
-5.32062e-24
-5.17764e-24
-5.05713e-24
-4.98383e-24
-4.97424e-24
-5.02734e-24
-5.12594e-24
-5.24627e-24
-5.36837e-24
-5.48006e-24
-5.57627e-24
-5.6558e-24
-5.71841e-24
-5.76397e-24
-5.79228e-24
-5.80304e-24
-5.7968e-24
-5.77485e-24
-5.74065e-24
-5.6989e-24
-5.65596e-24
-5.61908e-24
-5.59471e-24
-5.58675e-24
-5.59651e-24
-5.62148e-24
-5.65767e-24
-5.69968e-24
-5.74242e-24
-5.78155e-24
-5.81391e-24
-5.83753e-24
-5.85157e-24
-5.85598e-24
-5.85183e-24
-5.8409e-24
-5.82548e-24
-5.80809e-24
-5.79134e-24
-5.77735e-24
-5.76766e-24
-5.76277e-24
-5.76289e-24
-5.76709e-24
-5.77416e-24
-5.78305e-24
-5.79227e-24
-5.80068e-24
-5.80719e-24
-5.8104e-24
