144
144.001
144.002
144.004
144.006
144.009
144.012
144.016
144.021
144.026
144.031
144.037
144.044
144.051
144.059
144.067
144.076
144.086
144.096
144.107
144.119
144.131
144.144
144.158
144.173
144.188
144.204
144.221
144.239
144.257
144.277
144.297
144.319
144.341
144.364
144.388
144.414
144.44
144.468
144.496
144.526
144.557
144.589
144.623
144.658
144.695
144.733
144.772
144.813
144.856
144.901
144.947
144.996
145.046
145.098
145.153
145.209
145.268
145.33
145.393
145.46
145.529
145.601
145.676
145.754
145.836
145.92
146.008
146.1
146.196
146.295
146.399
146.506
146.619
146.735
146.857
146.983
147.115
147.252
147.395
147.543
147.697
147.858
148.025
148.198
148.379
148.566
148.761
148.963
149.173
149.39
149.615
149.848
150.088
150.336
150.592
150.854
151.122
151.395
151.671
151.95
152.229
152.506
152.777
153.039
153.29
153.525
153.742
153.937
154.11
154.26
154.386
154.491
154.572
154.624
154.64
154.606
154.507
154.328
154.062
153.716
153.317
152.916
152.586
152.402
152.425
152.68
153.146
153.767
154.464
155.157
155.778
156.287
156.676
156.962
157.177
157.341
157.454
157.49
157.418
157.221
156.909
156.522
156.122
155.773
155.528
155.422
155.47
155.674
156.025
156.503
157.079
157.72
158.394
159.072
159.728
160.34
160.885
161.345
161.707
161.963
162.111
162.156
162.104
161.966
161.758
161.495
161.197
160.884
160.573
160.278
160.01
159.78
159.604
159.504
159.506
159.628
159.869
160.206
160.595
160.987
161.337
161.617
161.811
161.919
161.948
161.914
161.833
161.726
161.61
161.507
161.432
161.399
161.418
161.493
161.621
161.794
162.002
162.23
162.463
162.688
162.895
163.074
163.222
163.335
163.411
163.452
163.457
163.427
163.359
163.252
163.101
162.903
162.658
162.368
162.049
161.724
161.429
161.199
161.069
161.054
161.152
161.338
161.573
161.811
162.007
162.124
162.141
162.061
161.918
161.773
161.704
161.78
162.024
162.409
162.866
163.313
163.682
163.933
164.047
164.03
163.905
163.712
163.509
163.357
163.309
163.386
163.572
163.815
164.05
164.214
164.269
164.201
164.024
163.778
163.518
163.303
163.174
163.151
163.228
163.385
163.595
163.839
164.097
164.355
164.599
164.818
165.003
165.152
165.268
165.356
165.427
165.488
165.545
165.597
165.638
165.657
165.641
165.572
165.441
165.24
164.973
164.656
164.317
163.995
163.733
163.571
163.538
163.64
163.862
164.171
164.53
164.901
165.258
165.584
165.873
166.124
166.341
166.53
166.695
166.843
166.979
167.106
167.229
167.349
167.469
167.587
167.699
167.8
167.879
167.925
167.92
167.85
167.698
167.456
167.128
166.733
166.312
165.92
165.612
165.436
165.419
165.57
165.882
166.331
166.872
167.44
167.966
168.385
168.651
168.734
168.62
168.302
167.788
167.096
166.261
165.34
164.406
163.544
162.838
162.364
162.176
162.298
162.705
163.327
164.072
164.85
165.592
166.256
166.82
167.276
167.625
167.875
168.034
168.113
168.125
168.079
167.988
167.865
167.721
167.571
167.426
167.301
167.204
167.143
167.122
167.139
167.19
167.267
167.363
167.47
167.582
167.695
167.805
167.913
168.017
168.118
168.216
168.311
168.404
168.495
168.581
168.662
168.735
168.796
168.838
168.852
168.827
168.746
168.585
168.314
167.898
167.298
166.491
165.493
164.396
163.393
162.736
162.612
163.022
163.778
164.632
165.387
165.946
166.284
166.416
166.372
166.186
165.902
165.574
165.267
165.051
164.982
165.084
165.346
165.72
166.146
166.567
166.94
167.239
167.452
167.579
167.623
167.589
167.481
167.297
167.027
166.655
166.161
165.526
164.751
163.874
162.987
162.242
161.814
161.828
162.292
163.087
164.024
164.925
165.673
166.216
166.55
166.692
166.672
166.521
166.268
165.947
165.596
165.259
164.984
164.814
164.773
164.861
165.052
165.304
165.576
165.831
166.048
166.214
166.327
166.388
166.398
166.357
166.264
166.116
165.906
165.63
165.281
164.857
164.364
163.817
163.249
162.705
162.237
161.889
161.678
161.59
161.585
161.611
161.625
161.598
161.525
161.417
161.294
161.181
161.097
161.051
161.044
161.073
161.134
161.234
161.387
161.607
161.9
162.256
162.65
163.047
163.409
163.707
163.922
164.045
164.075
164.014
163.87
163.654
163.379
163.062
162.728
162.405
162.124
161.91
161.779
161.734
161.762
161.842
161.948
162.058
162.154
162.225
162.267
162.28
162.265
162.226
162.168
162.095
162.01
161.917
161.818
161.715
161.609
161.502
161.394
161.289
161.19
161.102
161.032
160.988
160.974
160.991
161.037
161.104
161.181
161.257
161.324
161.379
161.421
161.457
161.493
161.537
161.589
161.648
161.703
161.742
161.748
161.708
161.612
161.459
161.255
161.018
160.772
160.549
160.377
160.276
160.25
160.292
160.384
160.51
160.655
160.816
160.997
161.206
161.448
161.726
162.03
162.347
162.659
162.949
163.203
163.415
163.584
163.715
163.817
163.898
163.968
164.034
164.097
164.156
164.208
164.245
164.259
164.243
164.187
164.081
163.906
163.638
163.237
162.661
161.879
160.926
159.949
159.222
159.034
159.502
160.467
161.616
162.665
163.462
163.967
164.204
164.224
164.084
163.844
163.565
163.302
163.092
162.944
162.841
162.751
162.652
162.544
162.463
162.46
162.58
162.838
163.216
163.669
164.149
164.614
165.039
165.409
165.724
165.988
166.208
166.393
166.553
166.693
166.819
166.933
167.036
167.13
167.215
167.289
167.351
167.402
167.439
167.464
167.475
167.472
167.455
167.427
167.388
167.34
167.285
167.224
167.158
167.083
166.994
166.882
166.734
166.535
166.266
165.909
165.451
164.884
164.223
163.521
162.886
162.475
162.447
162.882
163.723
164.803
165.923
166.934
167.757
168.374
168.799
169.058
169.18
169.189
169.104
168.94
168.708
168.418
168.083
167.715
167.334
166.96
166.618
166.328
166.103
165.939
165.817
165.704
165.573
165.416
165.261
165.178
165.251
165.545
166.064
166.747
167.497
168.222
168.858
169.376
169.772
170.055
170.237
170.331
170.345
170.285
170.151
169.943
169.659
169.295
168.854
168.341
167.776
167.188
166.624
166.14
165.792
165.62
165.636
165.82
166.132
166.524
166.954
167.392
167.82
168.222
168.582
168.877
169.081
169.156
169.065
168.776
168.286
167.653
167.013
166.572
166.516
166.906
167.637
168.513
169.354
170.057
170.591
170.973
171.234
171.408
171.524
171.6
171.652
171.688
171.712
171.729
171.741
171.751
171.764
171.783
171.815
171.863
171.934
172.029
172.145
172.275
172.402
172.498
172.518
172.405
172.085
171.496
170.623
169.58
168.657
168.238
168.564
169.526
170.757
171.893
172.728
173.208
173.354
173.197
172.742
171.961
170.808
169.289
167.576
166.111
165.469
165.94
167.258
168.851
170.273
171.355
172.12
172.653
173.042
173.355
173.637
173.915
174.202
174.5
174.799
175.085
175.336
175.531
175.649
175.67
175.577
175.361
175.019
174.564
174.03
173.47
172.954
172.556
172.328
172.295
172.443
172.732
173.1
173.479
173.799
173.99
173.989
173.739
173.208
172.417
171.485
170.641
170.165
170.237
170.811
171.662
172.53
173.25
173.761
174.08
174.249
174.319
174.329
174.307
174.265
174.203
174.11
173.971
173.773
173.516
173.215
172.9
172.612
172.382
172.22
172.109
172.013
171.897
171.743
171.56
171.386
171.273
171.265
171.374
171.571
171.8
171.996
172.111
172.125
172.04
171.877
171.667
171.446
171.244
171.086
170.983
170.931
170.912
170.897
170.852
170.743
170.547
170.252
169.867
169.419
168.953
168.527
168.195
168.005
167.98
168.112
168.361
168.662
168.941
169.14
169.22
169.172
169.012
168.771
168.491
168.212
167.972
167.798
167.71
167.718
167.816
167.988
168.203
168.429
168.639
168.813
168.945
169.036
169.094
169.129
169.152
169.169
169.186
169.205
169.227
169.25
169.274
169.295
169.314
169.328
169.337
169.34
169.338
169.328
169.312
169.287
169.254
169.211
169.156
169.087
169.001
168.896
168.771
168.626
168.463
168.288
168.112
167.949
167.815
167.727
167.692
167.712
167.776
167.868
167.968
168.06
168.133
168.183
168.213
168.232
168.249
168.274
168.315
168.374
168.453
168.549
168.655
168.766
168.872
168.966
169.038
169.081
169.087
169.05
168.966
168.833
168.65
168.421
168.149
167.844
167.517
167.186
166.876
166.625
166.478
166.474
166.635
166.947
167.367
167.829
168.264
168.604
168.79
168.766
168.474
167.862
166.905
165.642
164.23
162.949
162.096
161.816
144.239
144.748
145.331
145.898
146.439
146.964
147.477
147.963
148.401
148.771
149.064
149.278
149.416
149.489
149.506
149.476
149.407
149.304
149.17
149.004
148.806
148.572
148.3
147.988
147.64
147.265
146.883
146.522
146.217
146.001
145.896
145.907
146.019
146.201
146.418
146.638
146.839
147.006
147.133
147.22
147.269
147.283
147.268
147.228
147.166
147.088
146.997
146.899
146.8
146.704
146.619
146.548
146.498
146.468
146.456
146.459
146.469
146.475
146.469
146.443
146.392
146.316
146.216
146.103
145.985
145.877
145.79
145.733
145.712
145.726
145.772
145.844
145.932
146.03
146.129
146.221
146.303
146.368
146.414
146.438
146.44
146.422
146.386
146.339
146.286
146.236
146.198
146.182
146.2
146.261
146.374
146.54
146.758
147.016
147.299
147.586
147.859
148.101
148.301
148.457
148.573
148.66
148.735
148.818
148.927
149.073
149.262
149.489
149.739
149.997
150.244
150.466
150.649
150.787
150.873
150.907
150.886
150.813
150.688
150.514
150.296
150.036
149.74
149.411
149.056
148.679
148.29
147.9
147.529
147.202
146.947
146.786
146.723
146.737
146.784
146.81
146.78
146.71
146.673
146.779
147.117
147.707
148.495
149.394
150.322
151.222
152.059
152.811
153.463
154.005
154.433
154.749
154.955
155.059
155.065
154.978
154.805
154.551
154.228
153.851
153.439
153.019
152.614
152.247
151.926
151.65
151.406
151.178
150.958
150.751
150.572
150.445
150.387
150.396
150.456
150.543
150.633
150.712
150.783
150.857
150.95
151.074
151.233
151.424
151.636
151.859
152.079
152.289
152.486
152.665
152.827
152.969
153.088
153.181
153.243
153.269
153.259
153.211
153.129
153.017
152.886
152.746
152.61
152.489
152.392
152.325
152.294
152.3
152.347
152.433
152.553
152.693
152.835
152.954
153.028
153.041
152.982
152.85
152.656
152.417
152.161
151.923
151.735
151.618
151.567
151.551
151.531
151.474
151.366
151.214
151.035
150.847
150.663
150.496
150.359
150.268
150.232
150.25
150.304
150.375
150.451
150.533
150.639
150.787
150.996
151.269
151.595
151.95
152.307
152.637
152.917
153.132
153.277
153.35
153.359
153.312
153.224
153.107
152.974
152.837
152.707
152.591
152.494
152.42
152.369
152.344
152.342
152.364
152.405
152.461
152.524
152.582
152.621
152.622
152.563
152.422
152.174
151.8
151.291
150.663
149.963
149.278
148.715
148.373
148.298
148.473
148.832
149.296
149.797
150.289
150.742
151.138
151.468
151.73
151.926
152.062
152.147
152.19
152.2
152.187
152.157
152.118
152.071
152.017
151.952
151.867
151.75
151.585
151.358
151.057
150.68
150.242
149.773
149.324
148.949
148.69
148.56
148.54
148.589
148.664
148.733
148.784
148.82
148.852
148.895
148.959
149.05
149.169
149.315
149.483
149.667
149.861
150.058
150.25
150.431
150.596
150.74
150.862
150.96
151.035
151.087
151.117
151.127
151.117
151.089
151.042
150.979
150.901
150.809
150.705
150.594
150.478
150.362
150.25
150.147
150.056
149.978
149.914
149.86
149.81
149.755
149.682
149.576
149.419
149.195
148.892
148.509
148.067
147.618
147.241
147.025
147.04
147.3
147.757
148.324
148.911
149.452
149.908
150.269
150.54
150.732
150.86
150.938
150.978
150.992
150.987
150.972
150.953
150.936
150.925
150.924
150.934
150.957
150.991
151.034
151.083
151.134
151.184
151.228
151.262
151.283
151.289
151.276
151.244
151.191
151.117
151.023
150.912
150.79
150.67
150.569
150.514
150.534
150.658
150.902
151.267
151.733
152.263
152.815
153.349
153.83
154.236
154.554
154.779
154.907
154.936
154.863
154.685
154.398
154.006
153.527
153.002
152.501
152.115
151.93
151.998
152.31
152.801
153.382
153.969
154.505
154.956
155.312
155.571
155.74
155.826
155.836
155.777
155.656
155.483
155.271
155.039
154.811
154.614
154.474
154.415
154.451
154.588
154.821
155.136
155.515
155.935
156.372
156.803
157.205
157.554
157.831
158.014
158.083
158.015
157.793
157.402
156.837
156.113
155.267
154.354
153.438
152.569
151.775
151.069
150.47
150.018
149.775
149.797
150.1
150.65
151.365
152.146
152.902
153.576
154.139
154.595
154.961
155.263
155.522
155.754
155.962
156.144
156.293
156.4
156.459
156.464
156.413
156.303
156.132
155.896
155.594
155.222
154.778
154.266
153.696
153.094
152.5
151.969
151.564
151.333
151.3
151.454
151.759
152.166
152.63
153.11
153.577
154.011
154.395
154.72
154.979
155.165
155.277
155.309
155.26
155.129
154.922
154.653
154.35
154.053
153.809
153.658
153.618
153.679
153.809
153.965
154.113
154.235
154.332
154.416
154.503
154.599
154.704
154.804
154.88
154.91
154.875
154.761
154.558
154.258
153.863
153.38
152.826
152.237
151.66
151.155
150.773
150.547
150.477
150.535
150.683
150.888
151.14
151.444
151.817
152.271
152.802
153.391
154.002
154.598
155.143
155.61
155.98
156.246
156.404
156.458
156.414
156.282
156.073
155.8
155.478
155.122
154.743
154.354
153.962
153.573
153.195
152.842
152.532
152.287
152.122
152.039
152.018
152.025
152.015
151.947
151.791
151.531
151.17
150.728
150.242
149.763
149.347
149.041
148.87
148.826
148.872
148.953
149.02
149.039
149.006
148.947
148.907
148.933
149.055
149.272
149.555
149.858
150.136
150.358
150.506
150.578
150.581
150.526
150.426
150.295
150.144
149.983
149.822
149.668
149.526
149.399
149.292
149.205
149.139
149.092
149.065
149.054
149.058
149.071
149.091
149.113
149.13
149.139
149.132
149.105
149.053
148.972
148.86
148.716
148.541
148.339
148.117
147.882
147.649
147.433
147.254
147.135
147.094
147.147
147.299
147.541
147.856
148.216
148.595
148.966
149.309
149.607
149.847
150.023
150.128
150.161
150.12
150.007
149.825
149.578
149.278
148.947
148.614
148.316
148.076
147.89
147.725
147.526
147.263
146.958
146.702
146.62
146.796
147.212
147.747
148.246
148.586
148.709
148.62
148.37
148.033
147.697
147.447
147.35
147.448
147.742
148.198
148.755
149.348
149.919
150.429
150.859
151.204
151.469
151.662
151.793
151.873
151.908
151.904
151.866
151.796
151.693
151.557
151.384
151.169
150.903
150.575
150.174
149.685
149.101
148.426
147.694
146.974
146.37
145.99
145.898
146.079
146.447
146.884
147.293
147.616
147.834
147.953
147.993
147.977
147.926
147.857
147.785
147.719
147.669
147.638
147.632
147.652
147.696
147.761
147.841
147.927
148.013
148.093
148.162
148.22
148.268
148.313
148.358
148.411
148.474
148.549
148.637
148.733
148.833
148.932
149.026
149.109
149.18
149.237
149.279
149.304
149.312
149.299
149.263
149.196
149.09
148.935
148.721
148.436
148.078
147.653
147.186
146.719
146.313
146.031
145.922
146
146.244
146.608
147.032
147.464
147.862
148.196
148.449
148.616
148.702
148.724
148.71
148.691
148.696
148.746
148.844
148.982
149.141
149.301
149.445
149.566
149.664
149.745
149.819
149.897
149.99
150.101
150.229
150.361
150.478
150.555
150.566
150.491
150.326
150.1
149.881
149.773
149.883
150.271
150.91
151.698
152.506
153.229
153.803
154.203
154.43
154.493
154.405
154.177
153.817
153.335
152.75
152.1
151.439
150.842
150.376
150.087
149.99
150.073
150.32
150.707
151.203
151.761
152.333
152.885
153.4
153.88
154.33
154.753
155.142
155.482
155.761
155.975
156.126
156.225
156.286
156.325
156.352
156.371
156.378
156.366
156.325
156.247
156.132
155.982
155.801
155.59
155.339
155.034
154.658
154.208
153.697
153.167
152.675
152.285
152.052
152.009
152.16
152.488
152.955
153.514
154.115
154.714
155.27
155.753
156.137
156.406
156.545
156.552
156.436
156.22
155.942
155.648
155.382
155.173
155.026
154.925
154.84
154.742
154.608
154.43
154.211
153.963
153.701
153.442
153.203
152.994
152.822
152.69
152.597
152.538
152.51
152.506
152.521
152.549
152.586
152.623
152.655
152.675
152.675
152.652
152.601
152.523
152.418
152.29
152.144
151.985
151.82
151.653
151.49
151.335
151.19
151.057
150.935
150.824
150.72
150.62
150.52
150.414
150.294
150.154
149.988
149.79
149.559
149.297
149.018
148.741
148.497
148.317
148.228
148.24
148.344
148.512
148.708
148.895
149.046
149.149
149.201
149.21
149.189
149.151
149.11
149.074
149.046
149.024
149.004
148.979
148.94
148.881
148.796
148.683
148.538
148.363
148.16
147.934
147.695
147.456
147.234
147.049
146.921
146.866
146.891
146.993
147.163
147.379
147.623
144.237
144.477
144.695
144.884
145.041
145.163
145.249
145.298
145.31
145.283
145.215
145.105
144.951
144.751
144.501
144.195
143.823
143.37
142.819
142.164
141.43
140.699
140.126
139.899
140.155
140.883
141.923
143.06
144.116
144.993
145.663
146.135
146.435
146.592
146.634
146.585
146.475
146.334
146.198
146.104
146.082
146.148
146.305
146.535
146.815
147.116
147.414
147.694
147.948
148.173
148.37
148.544
148.698
148.838
148.965
149.084
149.197
149.304
149.408
149.507
149.603
149.695
149.783
149.866
149.944
150.016
150.082
150.14
150.192
150.235
150.271
150.3
150.321
150.337
150.347
150.351
150.352
150.349
150.343
150.333
150.321
150.309
150.298
150.293
150.301
150.328
150.381
150.465
150.583
150.734
150.912
151.112
151.325
151.545
151.768
151.99
152.207
152.417
152.616
152.802
152.973
153.131
153.279
153.423
153.565
153.705
153.836
153.948
154.028
154.067
154.062
154.022
153.96
153.897
153.849
153.827
153.83
153.848
153.862
153.856
153.813
153.729
153.607
153.457
153.297
153.146
153.021
152.935
152.896
152.903
152.955
153.043
153.16
153.299
153.451
153.61
153.768
153.918
154.054
154.168
154.255
154.309
154.326
154.304
154.242
154.142
154.005
153.834
153.635
153.414
153.18
152.941
152.707
152.486
152.286
152.116
151.987
151.912
151.908
151.982
152.131
152.335
152.56
152.765
152.911
152.967
152.919
152.768
152.535
152.262
152.007
151.829
151.772
151.85
152.038
152.29
152.549
152.766
152.908
152.956
152.905
152.757
152.52
152.204
151.825
151.405
150.968
150.543
150.162
149.851
149.632
149.514
149.493
149.555
149.676
149.831
149.997
150.158
150.303
150.43
150.538
150.626
150.695
150.743
150.766
150.761
150.726
150.655
150.547
150.4
150.21
149.976
149.694
149.366
148.997
148.604
148.22
147.895
147.691
147.659
147.821
148.151
148.588
149.054
149.478
149.812
150.031
150.133
150.131
150.047
149.914
149.77
149.649
149.579
149.573
149.625
149.718
149.823
149.914
149.974
149.991
149.963
149.89
149.767
149.581
149.309
148.923
148.401
147.749
147.021
146.329
145.829
145.667
145.915
146.532
147.384
148.302
149.149
149.848
150.387
150.797
151.128
151.427
151.726
152.031
152.334
152.617
152.863
153.06
153.201
153.287
153.32
153.304
153.24
153.131
152.977
152.782
152.549
152.283
151.995
151.695
151.393
151.1
150.823
150.571
150.352
150.175
150.053
150
150.029
150.146
150.35
150.631
150.972
151.347
151.731
152.096
152.417
152.675
152.853
152.942
152.939
152.848
152.678
152.448
152.175
151.881
151.586
151.305
151.048
150.826
150.645
150.52
150.47
150.515
150.673
150.949
151.334
151.798
152.304
152.812
153.286
153.7
154.035
154.278
154.422
154.463
154.396
154.221
153.938
153.552
153.071
152.512
151.9
151.268
150.657
150.112
149.679
149.398
149.29
149.358
149.579
149.907
150.287
150.664
150.995
151.256
151.443
151.57
151.663
151.753
151.867
152.021
152.217
152.448
152.697
152.946
153.178
153.384
153.557
153.695
153.799
153.874
153.921
153.946
153.953
153.944
153.923
153.891
153.848
153.793
153.719
153.619
153.478
153.278
152.992
152.591
152.037
151.292
150.32
149.099
147.654
146.099
144.674
143.725
143.568
144.304
145.739
147.502
149.236
150.716
151.858
152.665
153.184
153.473
153.586
153.567
153.454
153.277
153.06
152.825
152.588
152.36
152.153
151.976
151.843
151.772
151.779
151.871
152.038
152.249
152.458
152.614
152.67
152.595
152.379
152.038
151.619
151.19
150.833
150.616
150.568
150.67
150.864
151.077
151.247
151.334
151.327
151.232
151.073
150.879
150.682
150.509
150.378
150.298
150.269
150.287
150.348
150.455
150.614
150.834
151.118
151.455
151.816
152.16
152.436
152.595
152.593
152.393
151.978
151.359
150.608
149.867
149.333
149.178
149.449
150.043
150.772
151.463
152.01
152.377
152.563
152.585
152.453
152.165
151.713
151.085
150.294
149.396
148.52
147.85
147.565
147.734
148.274
149.002
149.733
150.347
150.802
151.11
151.309
151.442
151.545
151.638
151.728
151.81
151.875
151.911
151.908
151.862
151.767
151.624
151.432
151.192
150.905
150.58
150.227
149.862
149.506
149.185
148.921
148.737
148.643
148.642
148.723
148.864
149.038
149.216
149.37
149.477
149.525
149.505
149.415
149.258
149.039
148.768
148.457
148.126
147.799
147.506
147.281
147.155
147.152
147.28
147.527
147.858
148.226
148.584
148.892
149.127
149.284
149.369
149.402
149.412
149.427
149.474
149.572
149.725
149.923
150.144
150.359
150.54
150.664
150.715
150.686
150.58
150.407
150.184
149.935
149.686
149.463
149.284
149.161
149.096
149.08
149.103
149.148
149.202
149.251
149.284
149.296
149.282
149.246
149.194
149.14
149.098
149.086
149.115
149.194
149.325
149.502
149.713
149.941
150.169
150.377
150.549
150.67
150.725
150.706
150.604
150.42
150.165
149.864
149.558
149.294
149.12
149.062
149.114
149.244
149.402
149.543
149.637
149.672
149.657
149.613
149.567
149.548
149.579
149.674
149.836
150.058
150.323
150.611
150.9
151.171
151.409
151.6
151.739
151.821
151.845
151.813
151.73
151.605
151.451
151.285
151.125
150.988
150.888
150.832
150.816
150.832
150.863
150.896
150.92
150.929
150.925
150.918
150.917
150.932
150.963
150.997
151.004
150.943
150.764
150.426
149.919
149.296
148.696
148.325
148.367
148.871
149.715
150.681
151.572
152.265
152.711
152.91
152.876
152.63
152.19
151.58
150.832
149.989
149.117
148.292
147.595
147.094
146.82
146.76
146.864
147.072
147.339
147.651
148.02
148.461
148.973
149.539
150.125
150.693
151.209
151.646
151.985
152.221
152.352
152.386
152.333
152.204
152.01
151.764
151.475
151.152
150.803
150.439
150.068
149.702
149.353
149.029
148.737
148.483
148.265
148.084
147.937
147.825
147.748
147.709
147.705
147.735
147.792
147.867
147.953
148.041
148.129
148.216
148.307
148.408
148.522
148.65
148.788
148.931
149.071
149.2
149.311
149.402
149.472
149.521
149.551
149.565
149.565
149.554
149.534
149.506
149.471
149.43
149.381
149.323
149.256
149.177
149.085
148.978
148.853
148.711
148.549
148.368
148.168
147.949
147.71
147.448
147.161
146.844
146.497
146.13
145.772
145.467
145.279
145.26
145.434
145.782
146.245
146.75
147.233
147.653
147.989
148.239
148.409
148.511
148.553
148.547
148.499
148.415
148.298
148.15
147.971
147.762
147.522
147.249
146.944
146.61
146.255
145.89
145.536
145.218
144.963
144.794
144.727
144.761
144.883
145.072
145.302
145.55
145.795
146.025
146.23
146.406
146.546
146.648
146.709
146.723
146.688
146.597
146.449
146.24
145.972
145.647
145.273
144.861
144.424
143.977
143.533
143.109
142.725
142.404
142.175
142.068
142.102
142.275
142.554
142.888
143.212
143.473
143.635
143.681
143.613
143.449
143.213
142.933
142.642
142.367
142.131
141.951
141.838
141.797
141.838
141.967
142.191
142.503
142.882
143.296
143.707
144.079
144.384
144.603
144.723
144.742
144.66
144.484
144.229
143.921
143.599
143.315
143.119
143.05
143.119
143.31
143.582
143.888
144.186
144.447
144.657
144.812
144.914
144.972
144.993
144.985
144.956
144.911
144.858
144.802
144.747
144.698
144.659
144.632
144.62
144.622
144.639
144.665
144.697
144.729
144.753
144.762
144.751
144.713
144.649
144.562
144.461
144.361
144.283
144.247
144.273
144.373
144.549
144.791
145.082
145.401
145.727
146.045
146.341
146.61
146.849
147.057
147.237
147.391
147.52
147.628
147.715
147.782
147.832
147.866
147.884
147.891
147.887
147.877
147.864
147.851
147.842
147.839
147.845
147.858
147.88
147.907
147.935
147.961
147.98
147.985
147.97
147.931
147.864
147.766
147.639
147.487
147.318
147.146
146.988
146.86
146.78
146.761
146.809
146.923
147.096
147.315
147.569
147.842
148.125
148.411
148.692
148.968
149.235
149.492
149.737
149.968
150.179
150.363
150.513
150.619
150.671
150.656
150.562
150.376
150.085
149.676
149.143
148.492
147.754
147.004
146.358
145.946
145.861
146.108
146.604
147.226
147.865
148.454
148.964
149.388
149.723
149.97
150.126
150.192
150.168
150.061
149.888
149.673
149.449
149.252
149.116
149.066
149.107
149.23
149.414
149.631
149.854
150.061
150.234
150.363
150.441
150.469
150.452
150.398
150.319
150.23
150.142
150.067
150.014
149.986
149.984
150.004
150.04
150.085
150.134
150.178
150.213
150.231
