2.52794e-21
2.52795e-21
2.52797e-21
2.528e-21
2.52804e-21
2.52809e-21
2.52814e-21
2.52821e-21
2.52829e-21
2.52837e-21
2.52846e-21
2.52857e-21
2.52868e-21
2.5288e-21
2.52894e-21
2.52908e-21
2.52923e-21
2.5294e-21
2.52957e-21
2.52976e-21
2.52996e-21
2.53017e-21
2.53039e-21
2.53063e-21
2.53087e-21
2.53113e-21
2.53141e-21
2.5317e-21
2.532e-21
2.53232e-21
2.53265e-21
2.533e-21
2.53336e-21
2.53374e-21
2.53413e-21
2.53455e-21
2.53498e-21
2.53543e-21
2.5359e-21
2.53638e-21
2.53689e-21
2.53742e-21
2.53798e-21
2.53855e-21
2.53915e-21
2.53977e-21
2.54042e-21
2.5411e-21
2.5418e-21
2.54253e-21
2.54329e-21
2.54409e-21
2.54491e-21
2.54577e-21
2.54666e-21
2.54759e-21
2.54856e-21
2.54957e-21
2.55062e-21
2.55171e-21
2.55284e-21
2.55403e-21
2.55526e-21
2.55654e-21
2.55787e-21
2.55926e-21
2.56071e-21
2.56222e-21
2.56378e-21
2.56542e-21
2.56712e-21
2.56889e-21
2.57073e-21
2.57265e-21
2.57465e-21
2.57672e-21
2.57889e-21
2.58114e-21
2.58349e-21
2.58593e-21
2.58847e-21
2.59111e-21
2.59387e-21
2.59673e-21
2.5997e-21
2.60279e-21
2.60601e-21
2.60935e-21
2.61282e-21
2.61642e-21
2.62015e-21
2.62402e-21
2.62803e-21
2.63217e-21
2.63645e-21
2.64085e-21
2.64538e-21
2.65002e-21
2.65475e-21
2.65956e-21
2.66441e-21
2.66929e-21
2.67413e-21
2.67891e-21
2.68357e-21
2.68804e-21
2.69228e-21
2.69622e-21
2.69984e-21
2.7031e-21
2.706e-21
2.70854e-21
2.71072e-21
2.71253e-21
2.71388e-21
2.71465e-21
2.7146e-21
2.71349e-21
2.71106e-21
2.70719e-21
2.70199e-21
2.69589e-21
2.68974e-21
2.6847e-21
2.68202e-21
2.68272e-21
2.68718e-21
2.69509e-21
2.70552e-21
2.71718e-21
2.72875e-21
2.73914e-21
2.74768e-21
2.75422e-21
2.75908e-21
2.76276e-21
2.76563e-21
2.76764e-21
2.76841e-21
2.7674e-21
2.76432e-21
2.75934e-21
2.75312e-21
2.74666e-21
2.741e-21
2.73702e-21
2.73529e-21
2.73605e-21
2.73936e-21
2.74504e-21
2.75278e-21
2.76211e-21
2.77248e-21
2.78338e-21
2.79434e-21
2.80496e-21
2.81484e-21
2.82364e-21
2.83107e-21
2.8369e-21
2.84101e-21
2.84339e-21
2.84408e-21
2.84322e-21
2.84097e-21
2.83757e-21
2.8333e-21
2.82847e-21
2.8234e-21
2.81836e-21
2.81359e-21
2.80926e-21
2.80554e-21
2.8027e-21
2.80109e-21
2.80114e-21
2.80315e-21
2.80711e-21
2.81264e-21
2.81903e-21
2.82546e-21
2.83122e-21
2.8358e-21
2.83899e-21
2.84076e-21
2.84126e-21
2.8407e-21
2.83939e-21
2.83763e-21
2.83575e-21
2.83405e-21
2.83282e-21
2.83228e-21
2.83259e-21
2.83381e-21
2.8359e-21
2.83874e-21
2.84213e-21
2.84586e-21
2.84967e-21
2.85337e-21
2.85676e-21
2.85972e-21
2.86217e-21
2.86405e-21
2.86535e-21
2.86608e-21
2.86624e-21
2.86582e-21
2.86481e-21
2.86316e-21
2.86081e-21
2.85769e-21
2.85379e-21
2.84918e-21
2.84406e-21
2.83886e-21
2.83411e-21
2.83044e-21
2.82837e-21
2.82821e-21
2.82987e-21
2.83298e-21
2.8369e-21
2.84085e-21
2.8441e-21
2.84605e-21
2.84635e-21
2.84504e-21
2.84267e-21
2.84026e-21
2.8391e-21
2.84029e-21
2.84425e-21
2.85052e-21
2.85798e-21
2.86529e-21
2.87135e-21
2.87545e-21
2.87732e-21
2.87704e-21
2.87499e-21
2.87184e-21
2.86851e-21
2.86604e-21
2.86527e-21
2.86657e-21
2.86966e-21
2.87372e-21
2.87765e-21
2.88045e-21
2.88145e-21
2.88043e-21
2.87763e-21
2.8737e-21
2.86954e-21
2.8661e-21
2.86409e-21
2.86382e-21
2.8652e-21
2.86787e-21
2.87143e-21
2.87553e-21
2.87987e-21
2.88421e-21
2.88832e-21
2.89201e-21
2.89515e-21
2.89771e-21
2.89971e-21
2.90128e-21
2.90256e-21
2.90368e-21
2.90473e-21
2.90571e-21
2.90652e-21
2.90698e-21
2.90685e-21
2.90588e-21
2.90387e-21
2.90071e-21
2.89646e-21
2.89138e-21
2.88592e-21
2.88071e-21
2.87646e-21
2.87384e-21
2.8733e-21
2.87496e-21
2.87856e-21
2.8836e-21
2.88942e-21
2.89543e-21
2.9012e-21
2.90646e-21
2.9111e-21
2.91512e-21
2.91858e-21
2.92157e-21
2.92419e-21
2.92653e-21
2.92867e-21
2.93069e-21
2.93264e-21
2.93458e-21
2.9365e-21
2.93841e-21
2.94025e-21
2.94191e-21
2.94324e-21
2.94402e-21
2.94401e-21
2.94293e-21
2.94053e-21
2.93665e-21
2.93136e-21
2.92497e-21
2.91814e-21
2.91176e-21
2.90677e-21
2.90392e-21
2.90366e-21
2.90615e-21
2.91128e-21
2.91866e-21
2.92755e-21
2.93689e-21
2.94555e-21
2.95248e-21
2.95691e-21
2.95836e-21
2.95658e-21
2.95149e-21
2.94317e-21
2.93194e-21
2.91835e-21
2.90333e-21
2.88806e-21
2.87393e-21
2.86233e-21
2.85448e-21
2.8513e-21
2.85315e-21
2.85965e-21
2.86965e-21
2.88165e-21
2.89417e-21
2.90608e-21
2.9167e-21
2.92566e-21
2.93287e-21
2.93834e-21
2.94218e-21
2.94456e-21
2.94564e-21
2.94562e-21
2.94469e-21
2.94304e-21
2.94087e-21
2.93839e-21
2.9358e-21
2.93333e-21
2.93118e-21
2.92951e-21
2.92845e-21
2.92805e-21
2.92827e-21
2.92906e-21
2.93029e-21
2.93184e-21
2.93357e-21
2.93541e-21
2.93726e-21
2.9391e-21
2.94089e-21
2.94264e-21
2.94435e-21
2.94603e-21
2.94768e-21
2.94931e-21
2.95091e-21
2.95247e-21
2.95396e-21
2.95534e-21
2.95653e-21
2.95744e-21
2.95793e-21
2.95779e-21
2.95675e-21
2.95442e-21
2.95031e-21
2.94382e-21
2.93433e-21
2.92143e-21
2.90535e-21
2.8876e-21
2.87134e-21
2.86071e-21
2.85879e-21
2.86563e-21
2.87816e-21
2.89226e-21
2.90474e-21
2.91396e-21
2.91953e-21
2.9217e-21
2.92095e-21
2.91787e-21
2.91316e-21
2.9077e-21
2.90257e-21
2.89892e-21
2.89765e-21
2.89919e-21
2.90333e-21
2.90932e-21
2.91616e-21
2.92293e-21
2.9289e-21
2.93367e-21
2.93705e-21
2.93901e-21
2.93963e-21
2.939e-21
2.93716e-21
2.9341e-21
2.92965e-21
2.92355e-21
2.91544e-21
2.90504e-21
2.89232e-21
2.87788e-21
2.86326e-21
2.85092e-21
2.84374e-21
2.8438e-21
2.85125e-21
2.86412e-21
2.87932e-21
2.89394e-21
2.90604e-21
2.91479e-21
2.92009e-21
2.92226e-21
2.9218e-21
2.91919e-21
2.91493e-21
2.90957e-21
2.90371e-21
2.8981e-21
2.89352e-21
2.89066e-21
2.88993e-21
2.89133e-21
2.89443e-21
2.89857e-21
2.90302e-21
2.90723e-21
2.91081e-21
2.91358e-21
2.9155e-21
2.91657e-21
2.91683e-21
2.91628e-21
2.9149e-21
2.91263e-21
2.90938e-21
2.90503e-21
2.89951e-21
2.89277e-21
2.88489e-21
2.87612e-21
2.86699e-21
2.85823e-21
2.8507e-21
2.84511e-21
2.84175e-21
2.8404e-21
2.84038e-21
2.84086e-21
2.8411e-21
2.84065e-21
2.83941e-21
2.83756e-21
2.83543e-21
2.83344e-21
2.83189e-21
2.83094e-21
2.83061e-21
2.83083e-21
2.83156e-21
2.83291e-21
2.8351e-21
2.83837e-21
2.84282e-21
2.84832e-21
2.85444e-21
2.8606e-21
2.86621e-21
2.87078e-21
2.874e-21
2.87573e-21
2.87594e-21
2.87469e-21
2.8721e-21
2.86834e-21
2.86362e-21
2.85824e-21
2.8526e-21
2.84714e-21
2.84236e-21
2.8387e-21
2.83641e-21
2.83553e-21
2.83587e-21
2.83706e-21
2.8387e-21
2.8404e-21
2.84188e-21
2.84297e-21
2.8436e-21
2.84375e-21
2.84346e-21
2.84281e-21
2.84184e-21
2.84064e-21
2.83927e-21
2.83777e-21
2.83619e-21
2.83455e-21
2.83287e-21
2.83118e-21
2.82949e-21
2.82785e-21
2.8263e-21
2.82495e-21
2.82391e-21
2.82327e-21
2.82314e-21
2.82353e-21
2.82439e-21
2.8256e-21
2.82697e-21
2.82834e-21
2.82957e-21
2.83059e-21
2.83142e-21
2.83214e-21
2.83288e-21
2.83374e-21
2.83476e-21
2.83588e-21
2.83696e-21
2.83777e-21
2.83804e-21
2.83757e-21
2.83618e-21
2.83384e-21
2.83066e-21
2.82693e-21
2.82304e-21
2.81951e-21
2.8168e-21
2.81522e-21
2.81486e-21
2.8156e-21
2.81715e-21
2.81922e-21
2.82159e-21
2.82419e-21
2.82711e-21
2.83045e-21
2.83435e-21
2.8388e-21
2.84369e-21
2.84879e-21
2.8538e-21
2.85844e-21
2.86252e-21
2.8659e-21
2.86859e-21
2.87067e-21
2.87228e-21
2.87357e-21
2.8747e-21
2.87576e-21
2.87681e-21
2.87782e-21
2.87872e-21
2.87941e-21
2.87975e-21
2.87961e-21
2.87884e-21
2.87726e-21
2.8746e-21
2.87041e-21
2.86407e-21
2.85484e-21
2.84225e-21
2.82679e-21
2.8109e-21
2.79904e-21
2.79602e-21
2.80377e-21
2.81972e-21
2.83869e-21
2.85604e-21
2.86924e-21
2.87763e-21
2.88163e-21
2.88207e-21
2.87987e-21
2.87604e-21
2.87158e-21
2.86738e-21
2.86403e-21
2.86171e-21
2.86012e-21
2.85874e-21
2.85716e-21
2.85543e-21
2.8541e-21
2.85402e-21
2.85593e-21
2.8601e-21
2.8662e-21
2.87354e-21
2.88129e-21
2.88879e-21
2.89561e-21
2.90154e-21
2.90655e-21
2.91071e-21
2.91418e-21
2.91708e-21
2.91956e-21
2.92174e-21
2.92368e-21
2.92545e-21
2.92707e-21
2.92855e-21
2.92988e-21
2.93106e-21
2.93207e-21
2.9329e-21
2.93354e-21
2.93398e-21
2.93422e-21
2.93424e-21
2.93406e-21
2.9337e-21
2.93318e-21
2.93253e-21
2.93177e-21
2.93094e-21
2.93003e-21
2.92899e-21
2.92773e-21
2.92611e-21
2.9239e-21
2.92086e-21
2.91668e-21
2.91107e-21
2.90377e-21
2.89467e-21
2.88401e-21
2.87264e-21
2.8623e-21
2.85559e-21
2.85513e-21
2.86225e-21
2.87604e-21
2.89374e-21
2.91209e-21
2.92865e-21
2.94213e-21
2.95221e-21
2.95915e-21
2.96338e-21
2.96537e-21
2.96553e-21
2.96417e-21
2.96152e-21
2.95777e-21
2.9531e-21
2.94769e-21
2.94175e-21
2.93558e-21
2.92953e-21
2.924e-21
2.91932e-21
2.91569e-21
2.91306e-21
2.9111e-21
2.90929e-21
2.90717e-21
2.90459e-21
2.90203e-21
2.90061e-21
2.90175e-21
2.90652e-21
2.91498e-21
2.92614e-21
2.93841e-21
2.95027e-21
2.96069e-21
2.96919e-21
2.97569e-21
2.98036e-21
2.98339e-21
2.985e-21
2.98534e-21
2.98448e-21
2.98244e-21
2.9792e-21
2.97473e-21
2.96897e-21
2.96194e-21
2.95375e-21
2.94468e-21
2.93524e-21
2.92616e-21
2.91836e-21
2.91277e-21
2.91004e-21
2.91037e-21
2.91345e-21
2.91859e-21
2.92502e-21
2.93205e-21
2.93922e-21
2.94619e-21
2.95273e-21
2.95858e-21
2.96338e-21
2.96668e-21
2.96788e-21
2.96635e-21
2.96157e-21
2.9535e-21
2.94303e-21
2.93243e-21
2.92506e-21
2.92401e-21
2.93027e-21
2.94217e-21
2.95647e-21
2.9702e-21
2.98166e-21
2.99036e-21
2.99655e-21
3.00078e-21
3.00361e-21
3.0055e-21
3.00677e-21
3.00766e-21
3.0083e-21
3.00879e-21
3.00917e-21
3.00949e-21
3.00981e-21
3.01019e-21
3.01069e-21
3.01141e-21
3.01243e-21
3.01383e-21
3.01564e-21
3.01782e-21
3.02026e-21
3.02267e-21
3.02458e-21
3.0253e-21
3.02383e-21
3.019e-21
3.00974e-21
2.9958e-21
2.97901e-21
2.96412e-21
2.95749e-21
2.96307e-21
2.97914e-21
2.99967e-21
3.01863e-21
3.03265e-21
3.04085e-21
3.04355e-21
3.04128e-21
3.03413e-21
3.02164e-21
3.00303e-21
2.97833e-21
2.95034e-21
2.92629e-21
2.91567e-21
2.92331e-21
2.94486e-21
2.97091e-21
2.99411e-21
3.01167e-21
3.02396e-21
3.03242e-21
3.03852e-21
3.04335e-21
3.04768e-21
3.05196e-21
3.05641e-21
3.06105e-21
3.06574e-21
3.07022e-21
3.07417e-21
3.07724e-21
3.07906e-21
3.07934e-21
3.07778e-21
3.07421e-21
3.0686e-21
3.06116e-21
3.05241e-21
3.04325e-21
3.03482e-21
3.02831e-21
3.0246e-21
3.02408e-21
3.02656e-21
3.03133e-21
3.03742e-21
3.04371e-21
3.04904e-21
3.05227e-21
3.05235e-21
3.04835e-21
3.03973e-21
3.02684e-21
3.01157e-21
2.99771e-21
2.98986e-21
2.99099e-21
3.0004e-21
3.01435e-21
3.0286e-21
3.04039e-21
3.04875e-21
3.05392e-21
3.05665e-21
3.05773e-21
3.05784e-21
3.05742e-21
3.05668e-21
3.05561e-21
3.05405e-21
3.05172e-21
3.04844e-21
3.04417e-21
3.03916e-21
3.03392e-21
3.02911e-21
3.02525e-21
3.0225e-21
3.02057e-21
3.01889e-21
3.01687e-21
3.01421e-21
3.01107e-21
3.00805e-21
3.00602e-21
3.00569e-21
3.00729e-21
3.01035e-21
3.01391e-21
3.01695e-21
3.01867e-21
3.01871e-21
3.01714e-21
3.01429e-21
3.01068e-21
3.00687e-21
3.00339e-21
3.00064e-21
2.9988e-21
2.99781e-21
2.99737e-21
2.99701e-21
2.99617e-21
2.99429e-21
2.99098e-21
2.98607e-21
2.97966e-21
2.97223e-21
2.9645e-21
2.95739e-21
2.95184e-21
2.9486e-21
2.94806e-21
2.9501e-21
2.95406e-21
2.95887e-21
2.96334e-21
2.96648e-21
2.96767e-21
2.96677e-21
2.96401e-21
2.95993e-21
2.95519e-21
2.95047e-21
2.94636e-21
2.94334e-21
2.94173e-21
2.94167e-21
2.94311e-21
2.94573e-21
2.94907e-21
2.9526e-21
2.95586e-21
2.95854e-21
2.96052e-21
2.96185e-21
2.96264e-21
2.96308e-21
2.96332e-21
2.96348e-21
2.96366e-21
2.9639e-21
2.9642e-21
2.96454e-21
2.9649e-21
2.96526e-21
2.96558e-21
2.96584e-21
2.96604e-21
2.96617e-21
2.96621e-21
2.96616e-21
2.96602e-21
2.96577e-21
2.96538e-21
2.96485e-21
2.96413e-21
2.9632e-21
2.962e-21
2.96051e-21
2.95868e-21
2.95653e-21
2.95408e-21
2.95144e-21
2.94877e-21
2.94631e-21
2.94433e-21
2.94307e-21
2.94269e-21
2.94318e-21
2.9444e-21
2.94607e-21
2.94786e-21
2.94951e-21
2.95082e-21
2.95175e-21
2.95235e-21
2.95275e-21
2.95311e-21
2.9536e-21
2.95432e-21
2.95535e-21
2.95669e-21
2.95829e-21
2.96008e-21
2.96192e-21
2.96369e-21
2.96524e-21
2.96645e-21
2.96717e-21
2.96728e-21
2.9667e-21
2.96533e-21
2.96316e-21
2.96016e-21
2.95639e-21
2.95192e-21
2.94689e-21
2.94148e-21
2.93598e-21
2.93081e-21
2.92658e-21
2.92403e-21
2.92382e-21
2.92628e-21
2.93123e-21
2.93795e-21
2.94538e-21
2.95236e-21
2.95782e-21
2.96078e-21
2.96029e-21
2.95544e-21
2.94536e-21
2.9296e-21
2.90879e-21
2.88549e-21
2.86429e-21
2.85009e-21
2.84528e-21
2.53607e-21
2.54421e-21
2.55353e-21
2.56256e-21
2.57112e-21
2.57941e-21
2.58748e-21
2.59511e-21
2.60195e-21
2.60771e-21
2.6122e-21
2.6154e-21
2.61739e-21
2.61833e-21
2.61837e-21
2.61767e-21
2.61635e-21
2.6145e-21
2.61217e-21
2.60934e-21
2.606e-21
2.60209e-21
2.59757e-21
2.59241e-21
2.58667e-21
2.58049e-21
2.57419e-21
2.56823e-21
2.56318e-21
2.55959e-21
2.55783e-21
2.55796e-21
2.55974e-21
2.56267e-21
2.56617e-21
2.56974e-21
2.57298e-21
2.57567e-21
2.57771e-21
2.5791e-21
2.57987e-21
2.58008e-21
2.57983e-21
2.57916e-21
2.57816e-21
2.5769e-21
2.57544e-21
2.57387e-21
2.57227e-21
2.57075e-21
2.5694e-21
2.56831e-21
2.56754e-21
2.56711e-21
2.567e-21
2.56712e-21
2.56735e-21
2.56754e-21
2.56753e-21
2.5672e-21
2.56645e-21
2.56529e-21
2.56375e-21
2.56197e-21
2.56013e-21
2.55844e-21
2.55708e-21
2.55622e-21
2.55593e-21
2.55622e-21
2.55704e-21
2.55826e-21
2.55976e-21
2.56141e-21
2.56307e-21
2.56463e-21
2.566e-21
2.56711e-21
2.56789e-21
2.56832e-21
2.5684e-21
2.56813e-21
2.56758e-21
2.56683e-21
2.56599e-21
2.56519e-21
2.56459e-21
2.56435e-21
2.56465e-21
2.56565e-21
2.56749e-21
2.57022e-21
2.57378e-21
2.57802e-21
2.58265e-21
2.58737e-21
2.59186e-21
2.59585e-21
2.59916e-21
2.60176e-21
2.60371e-21
2.60519e-21
2.6065e-21
2.60794e-21
2.60982e-21
2.61233e-21
2.61556e-21
2.61942e-21
2.62369e-21
2.62811e-21
2.63238e-21
2.63625e-21
2.63952e-21
2.64206e-21
2.64379e-21
2.64467e-21
2.64469e-21
2.64386e-21
2.6422e-21
2.63977e-21
2.63662e-21
2.63279e-21
2.62838e-21
2.62343e-21
2.61804e-21
2.6123e-21
2.60632e-21
2.60032e-21
2.5946e-21
2.58957e-21
2.58569e-21
2.58331e-21
2.5825e-21
2.58293e-21
2.58386e-21
2.5844e-21
2.58399e-21
2.58285e-21
2.5822e-21
2.58383e-21
2.58924e-21
2.59876e-21
2.61153e-21
2.6261e-21
2.64112e-21
2.65568e-21
2.66921e-21
2.68135e-21
2.69186e-21
2.70057e-21
2.70745e-21
2.71249e-21
2.71579e-21
2.71742e-21
2.71747e-21
2.71605e-21
2.71322e-21
2.70911e-21
2.70388e-21
2.69777e-21
2.69111e-21
2.6843e-21
2.67777e-21
2.67184e-21
2.66668e-21
2.66225e-21
2.65833e-21
2.65468e-21
2.65113e-21
2.64776e-21
2.64485e-21
2.64277e-21
2.64179e-21
2.6419e-21
2.64285e-21
2.6442e-21
2.64558e-21
2.64679e-21
2.64783e-21
2.64892e-21
2.65029e-21
2.65215e-21
2.65459e-21
2.65755e-21
2.66087e-21
2.66434e-21
2.66778e-21
2.67107e-21
2.67413e-21
2.67693e-21
2.67944e-21
2.68164e-21
2.68349e-21
2.68492e-21
2.68586e-21
2.68625e-21
2.68605e-21
2.68525e-21
2.6839e-21
2.68209e-21
2.67997e-21
2.67772e-21
2.67555e-21
2.67364e-21
2.67213e-21
2.67113e-21
2.67071e-21
2.67092e-21
2.6718e-21
2.67334e-21
2.67544e-21
2.67789e-21
2.68037e-21
2.68249e-21
2.6839e-21
2.68429e-21
2.68352e-21
2.68158e-21
2.6786e-21
2.67489e-21
2.6709e-21
2.6672e-21
2.66433e-21
2.66262e-21
2.66198e-21
2.66193e-21
2.66181e-21
2.66107e-21
2.65949e-21
2.65716e-21
2.65438e-21
2.65143e-21
2.64853e-21
2.64587e-21
2.64369e-21
2.64224e-21
2.64168e-21
2.64195e-21
2.6428e-21
2.6439e-21
2.64504e-21
2.64626e-21
2.64782e-21
2.65006e-21
2.65326e-21
2.65749e-21
2.66257e-21
2.66812e-21
2.67368e-21
2.6788e-21
2.68311e-21
2.68636e-21
2.68844e-21
2.68936e-21
2.68923e-21
2.68822e-21
2.68652e-21
2.68436e-21
2.68196e-21
2.67951e-21
2.67718e-21
2.67509e-21
2.67332e-21
2.67194e-21
2.67096e-21
2.67041e-21
2.67026e-21
2.6705e-21
2.67108e-21
2.67192e-21
2.67288e-21
2.67379e-21
2.6744e-21
2.67442e-21
2.67348e-21
2.67121e-21
2.6672e-21
2.66113e-21
2.65286e-21
2.64262e-21
2.63119e-21
2.61997e-21
2.61074e-21
2.60512e-21
2.60387e-21
2.60671e-21
2.61257e-21
2.62013e-21
2.6283e-21
2.6363e-21
2.64367e-21
2.6501e-21
2.65546e-21
2.6597e-21
2.66287e-21
2.66507e-21
2.66644e-21
2.66714e-21
2.66732e-21
2.66713e-21
2.66669e-21
2.6661e-21
2.6654e-21
2.66461e-21
2.66364e-21
2.66236e-21
2.66056e-21
2.65799e-21
2.65441e-21
2.64961e-21
2.64357e-21
2.63649e-21
2.62891e-21
2.62163e-21
2.61554e-21
2.61133e-21
2.60923e-21
2.60892e-21
2.60971e-21
2.61091e-21
2.61198e-21
2.61273e-21
2.6132e-21
2.6136e-21
2.61415e-21
2.61501e-21
2.61631e-21
2.61805e-21
2.62021e-21
2.62272e-21
2.6255e-21
2.62842e-21
2.63138e-21
2.63427e-21
2.63698e-21
2.63942e-21
2.64153e-21
2.64328e-21
2.64465e-21
2.64565e-21
2.64628e-21
2.64658e-21
2.64655e-21
2.64622e-21
2.64561e-21
2.64471e-21
2.64356e-21
2.64217e-21
2.64057e-21
2.6388e-21
2.63692e-21
2.63497e-21
2.63304e-21
2.63119e-21
2.62949e-21
2.628e-21
2.62675e-21
2.62572e-21
2.62488e-21
2.62411e-21
2.62327e-21
2.62215e-21
2.62049e-21
2.61801e-21
2.61443e-21
2.60954e-21
2.60333e-21
2.59616e-21
2.58883e-21
2.58265e-21
2.5791e-21
2.57932e-21
2.58354e-21
2.591e-21
2.60027e-21
2.60986e-21
2.61868e-21
2.62613e-21
2.63201e-21
2.63641e-21
2.63954e-21
2.64163e-21
2.64292e-21
2.64361e-21
2.64388e-21
2.64386e-21
2.64369e-21
2.64348e-21
2.64331e-21
2.64325e-21
2.64337e-21
2.6437e-21
2.64423e-21
2.64496e-21
2.64585e-21
2.64686e-21
2.64791e-21
2.64894e-21
2.64989e-21
2.65068e-21
2.65127e-21
2.65161e-21
2.65166e-21
2.65138e-21
2.65077e-21
2.64981e-21
2.64853e-21
2.64695e-21
2.64519e-21
2.64344e-21
2.64199e-21
2.64127e-21
2.64176e-21
2.64392e-21
2.64805e-21
2.65414e-21
2.66187e-21
2.67065e-21
2.6798e-21
2.68862e-21
2.69659e-21
2.70334e-21
2.70866e-21
2.71245e-21
2.71467e-21
2.71529e-21
2.71425e-21
2.71149e-21
2.70696e-21
2.70071e-21
2.69302e-21
2.68457e-21
2.67649e-21
2.67027e-21
2.66735e-21
2.66856e-21
2.67377e-21
2.68193e-21
2.69157e-21
2.70132e-21
2.71021e-21
2.71772e-21
2.72366e-21
2.72804e-21
2.73094e-21
2.7325e-21
2.73281e-21
2.732e-21
2.73019e-21
2.72752e-21
2.72421e-21
2.72058e-21
2.71699e-21
2.7139e-21
2.71173e-21
2.71088e-21
2.71157e-21
2.71391e-21
2.71779e-21
2.72302e-21
2.72929e-21
2.73622e-21
2.74343e-21
2.75054e-21
2.75717e-21
2.76297e-21
2.76759e-21
2.77069e-21
2.77193e-21
2.77097e-21
2.76748e-21
2.76124e-21
2.75216e-21
2.74047e-21
2.72677e-21
2.71196e-21
2.69707e-21
2.68293e-21
2.66999e-21
2.65845e-21
2.6486e-21
2.64112e-21
2.637e-21
2.63715e-21
2.64189e-21
2.65064e-21
2.66206e-21
2.67452e-21
2.68656e-21
2.69721e-21
2.70604e-21
2.71309e-21
2.71866e-21
2.72317e-21
2.727e-21
2.73038e-21
2.7334e-21
2.73602e-21
2.73811e-21
2.73954e-21
2.74021e-21
2.74003e-21
2.73895e-21
2.73693e-21
2.73393e-21
2.72992e-21
2.72483e-21
2.71862e-21
2.71125e-21
2.70277e-21
2.69335e-21
2.68339e-21
2.67357e-21
2.66478e-21
2.65802e-21
2.65413e-21
2.65346e-21
2.65587e-21
2.66075e-21
2.66732e-21
2.6748e-21
2.68257e-21
2.69014e-21
2.69716e-21
2.7034e-21
2.70869e-21
2.71291e-21
2.71599e-21
2.71786e-21
2.71846e-21
2.71776e-21
2.71573e-21
2.71248e-21
2.70823e-21
2.70344e-21
2.69876e-21
2.69496e-21
2.69269e-21
2.69226e-21
2.69351e-21
2.69589e-21
2.69872e-21
2.70142e-21
2.70369e-21
2.70556e-21
2.70723e-21
2.70894e-21
2.71083e-21
2.71287e-21
2.71484e-21
2.71643e-21
2.71728e-21
2.71708e-21
2.71559e-21
2.71263e-21
2.7081e-21
2.702e-21
2.69442e-21
2.68568e-21
2.67632e-21
2.66714e-21
2.65908e-21
2.653e-21
2.64943e-21
2.64838e-21
2.64938e-21
2.65179e-21
2.6551e-21
2.6591e-21
2.66392e-21
2.66982e-21
2.67701e-21
2.68544e-21
2.69479e-21
2.7045e-21
2.71394e-21
2.72255e-21
2.72988e-21
2.73565e-21
2.73971e-21
2.74204e-21
2.74267e-21
2.74173e-21
2.73936e-21
2.73575e-21
2.73112e-21
2.72571e-21
2.71975e-21
2.71346e-21
2.70699e-21
2.70049e-21
2.69404e-21
2.68778e-21
2.68192e-21
2.67678e-21
2.67268e-21
2.6699e-21
2.66846e-21
2.66805e-21
2.66808e-21
2.66784e-21
2.66665e-21
2.664e-21
2.65965e-21
2.65362e-21
2.64626e-21
2.63815e-21
2.63013e-21
2.62312e-21
2.6179e-21
2.61488e-21
2.61393e-21
2.61445e-21
2.61553e-21
2.61635e-21
2.61637e-21
2.61553e-21
2.61423e-21
2.61323e-21
2.61329e-21
2.61493e-21
2.61813e-21
2.62242e-21
2.62704e-21
2.63128e-21
2.63459e-21
2.63672e-21
2.63761e-21
2.63739e-21
2.63623e-21
2.63435e-21
2.63198e-21
2.6293e-21
2.62649e-21
2.62369e-21
2.62102e-21
2.61856e-21
2.61638e-21
2.61452e-21
2.61301e-21
2.61186e-21
2.61105e-21
2.61057e-21
2.61037e-21
2.61042e-21
2.61066e-21
2.61101e-21
2.6114e-21
2.61175e-21
2.61196e-21
2.61194e-21
2.61161e-21
2.61088e-21
2.6097e-21
2.60801e-21
2.60582e-21
2.60313e-21
2.6e-21
2.59653e-21
2.59288e-21
2.58924e-21
2.58589e-21
2.58313e-21
2.58133e-21
2.58083e-21
2.58185e-21
2.58449e-21
2.58861e-21
2.59392e-21
2.59998e-21
2.60634e-21
2.6126e-21
2.61839e-21
2.62346e-21
2.6276e-21
2.6307e-21
2.63266e-21
2.63345e-21
2.63305e-21
2.63148e-21
2.62877e-21
2.62503e-21
2.62043e-21
2.6153e-21
2.61016e-21
2.60558e-21
2.60194e-21
2.5992e-21
2.59677e-21
2.5938e-21
2.58972e-21
2.58492e-21
2.58089e-21
2.57967e-21
2.58266e-21
2.58957e-21
2.59844e-21
2.60671e-21
2.61234e-21
2.61438e-21
2.61291e-21
2.60873e-21
2.60311e-21
2.59746e-21
2.59316e-21
2.59137e-21
2.59273e-21
2.59728e-21
2.60448e-21
2.61332e-21
2.62273e-21
2.63178e-21
2.63983e-21
2.64656e-21
2.65191e-21
2.65594e-21
2.65882e-21
2.66072e-21
2.66178e-21
2.66213e-21
2.66188e-21
2.66109e-21
2.65979e-21
2.658e-21
2.65569e-21
2.65281e-21
2.64925e-21
2.64489e-21
2.63954e-21
2.633e-21
2.62504e-21
2.61551e-21
2.60449e-21
2.59252e-21
2.58071e-21
2.57079e-21
2.56451e-21
2.56294e-21
2.56585e-21
2.5718e-21
2.57889e-21
2.5855e-21
2.59068e-21
2.59412e-21
2.59593e-21
2.59644e-21
2.59602e-21
2.59502e-21
2.59374e-21
2.59239e-21
2.59115e-21
2.59016e-21
2.5895e-21
2.58924e-21
2.58941e-21
2.58998e-21
2.5909e-21
2.59206e-21
2.59335e-21
2.59463e-21
2.59581e-21
2.59682e-21
2.59766e-21
2.59836e-21
2.59899e-21
2.59966e-21
2.60044e-21
2.60141e-21
2.6026e-21
2.604e-21
2.60555e-21
2.60719e-21
2.60882e-21
2.61036e-21
2.61177e-21
2.61298e-21
2.61398e-21
2.61474e-21
2.61525e-21
2.61549e-21
2.61542e-21
2.61497e-21
2.61403e-21
2.61247e-21
2.61012e-21
2.6068e-21
2.60233e-21
2.59666e-21
2.58989e-21
2.5824e-21
2.5749e-21
2.56838e-21
2.56389e-21
2.5622e-21
2.56358e-21
2.56767e-21
2.57371e-21
2.58074e-21
2.58789e-21
2.59447e-21
2.60001e-21
2.60421e-21
2.60699e-21
2.60844e-21
2.60886e-21
2.60866e-21
2.60839e-21
2.60852e-21
2.60937e-21
2.61104e-21
2.61336e-21
2.61604e-21
2.61872e-21
2.62116e-21
2.62322e-21
2.6249e-21
2.62631e-21
2.62761e-21
2.62899e-21
2.63061e-21
2.63255e-21
2.63477e-21
2.63708e-21
2.63915e-21
2.64057e-21
2.6409e-21
2.63984e-21
2.6373e-21
2.63375e-21
2.63028e-21
2.62863e-21
2.63056e-21
2.63705e-21
2.64768e-21
2.66077e-21
2.67423e-21
2.68631e-21
2.69596e-21
2.70278e-21
2.70678e-21
2.70813e-21
2.70704e-21
2.70366e-21
2.69814e-21
2.69063e-21
2.68145e-21
2.67117e-21
2.66071e-21
2.65127e-21
2.64396e-21
2.63953e-21
2.63821e-21
2.63982e-21
2.64407e-21
2.6506e-21
2.65887e-21
2.66814e-21
2.67763e-21
2.68674e-21
2.69523e-21
2.70313e-21
2.71054e-21
2.7175e-21
2.72388e-21
2.72947e-21
2.73409e-21
2.73762e-21
2.74013e-21
2.74179e-21
2.74285e-21
2.74355e-21
2.74406e-21
2.74445e-21
2.74466e-21
2.74457e-21
2.744e-21
2.74285e-21
2.74109e-21
2.73876e-21
2.73593e-21
2.7326e-21
2.72863e-21
2.72377e-21
2.71773e-21
2.71045e-21
2.70216e-21
2.69351e-21
2.68545e-21
2.67904e-21
2.67516e-21
2.67435e-21
2.67671e-21
2.68193e-21
2.68941e-21
2.69837e-21
2.70801e-21
2.71757e-21
2.72644e-21
2.73411e-21
2.74016e-21
2.7443e-21
2.74634e-21
2.74621e-21
2.74407e-21
2.7403e-21
2.73551e-21
2.73047e-21
2.72589e-21
2.72224e-21
2.71963e-21
2.71777e-21
2.71619e-21
2.71438e-21
2.71201e-21
2.7089e-21
2.70512e-21
2.70086e-21
2.69637e-21
2.69193e-21
2.68781e-21
2.68418e-21
2.68116e-21
2.67879e-21
2.67706e-21
2.67589e-21
2.67521e-21
2.67494e-21
2.67497e-21
2.67523e-21
2.67562e-21
2.67603e-21
2.67637e-21
2.6765e-21
2.67633e-21
2.67577e-21
2.67479e-21
2.67335e-21
2.67149e-21
2.66927e-21
2.66676e-21
2.66404e-21
2.66123e-21
2.6584e-21
2.65564e-21
2.65302e-21
2.65056e-21
2.64831e-21
2.64624e-21
2.64436e-21
2.6426e-21
2.64091e-21
2.63922e-21
2.63742e-21
2.63541e-21
2.63307e-21
2.63029e-21
2.62698e-21
2.62312e-21
2.61876e-21
2.61408e-21
2.60944e-21
2.60531e-21
2.60221e-21
2.60058e-21
2.6006e-21
2.60212e-21
2.60468e-21
2.60768e-21
2.61053e-21
2.6128e-21
2.61426e-21
2.61489e-21
2.61481e-21
2.61424e-21
2.61341e-21
2.61252e-21
2.61172e-21
2.61107e-21
2.61053e-21
2.61004e-21
2.60946e-21
2.60868e-21
2.60759e-21
2.60609e-21
2.60412e-21
2.60166e-21
2.5987e-21
2.5953e-21
2.59153e-21
2.58756e-21
2.58358e-21
2.57989e-21
2.5768e-21
2.57465e-21
2.57368e-21
2.57404e-21
2.57568e-21
2.57841e-21
2.58193e-21
2.58589e-21
2.52613e-21
2.53006e-21
2.53364e-21
2.53678e-21
2.53939e-21
2.54146e-21
2.54296e-21
2.54388e-21
2.5442e-21
2.54391e-21
2.54298e-21
2.54138e-21
2.53907e-21
2.53602e-21
2.53217e-21
2.52742e-21
2.52159e-21
2.51442e-21
2.50565e-21
2.49515e-21
2.48332e-21
2.47148e-21
2.46218e-21
2.45852e-21
2.46276e-21
2.47473e-21
2.49183e-21
2.51051e-21
2.52785e-21
2.54223e-21
2.5532e-21
2.56092e-21
2.56583e-21
2.56839e-21
2.56905e-21
2.56825e-21
2.56643e-21
2.56411e-21
2.56188e-21
2.56032e-21
2.55994e-21
2.56102e-21
2.56357e-21
2.56734e-21
2.57191e-21
2.57683e-21
2.58172e-21
2.58631e-21
2.59047e-21
2.59415e-21
2.5974e-21
2.60027e-21
2.60283e-21
2.60515e-21
2.6073e-21
2.60932e-21
2.61124e-21
2.61309e-21
2.61489e-21
2.61664e-21
2.61834e-21
2.62e-21
2.6216e-21
2.62313e-21
2.6246e-21
2.62598e-21
2.62726e-21
2.62844e-21
2.62951e-21
2.63046e-21
2.63129e-21
2.63201e-21
2.63262e-21
2.63313e-21
2.63356e-21
2.63391e-21
2.63419e-21
2.63441e-21
2.63458e-21
2.63468e-21
2.63475e-21
2.63479e-21
2.63486e-21
2.63502e-21
2.63537e-21
2.63603e-21
2.63709e-21
2.63866e-21
2.64077e-21
2.6434e-21
2.64647e-21
2.64988e-21
2.65351e-21
2.65724e-21
2.661e-21
2.66474e-21
2.66839e-21
2.67192e-21
2.67528e-21
2.67841e-21
2.6813e-21
2.68397e-21
2.68648e-21
2.68892e-21
2.69134e-21
2.69373e-21
2.69599e-21
2.69794e-21
2.69937e-21
2.70013e-21
2.70019e-21
2.69965e-21
2.69878e-21
2.69788e-21
2.69723e-21
2.69701e-21
2.69721e-21
2.69765e-21
2.69805e-21
2.6981e-21
2.69757e-21
2.69635e-21
2.6945e-21
2.69219e-21
2.68971e-21
2.68736e-21
2.68544e-21
2.68415e-21
2.68361e-21
2.68384e-21
2.68477e-21
2.6863e-21
2.6883e-21
2.69063e-21
2.69319e-21
2.69584e-21
2.69848e-21
2.70099e-21
2.70326e-21
2.70518e-21
2.70664e-21
2.70757e-21
2.7079e-21
2.70758e-21
2.70662e-21
2.70501e-21
2.70281e-21
2.70005e-21
2.69682e-21
2.69323e-21
2.6894e-21
2.68549e-21
2.68165e-21
2.678e-21
2.67468e-21
2.67184e-21
2.66964e-21
2.66831e-21
2.66811e-21
2.66918e-21
2.67147e-21
2.67465e-21
2.67818e-21
2.68136e-21
2.68357e-21
2.6843e-21
2.6833e-21
2.6806e-21
2.67656e-21
2.67185e-21
2.66741e-21
2.66422e-21
2.66301e-21
2.66401e-21
2.66685e-21
2.67072e-21
2.67472e-21
2.67804e-21
2.68013e-21
2.6807e-21
2.67966e-21
2.67704e-21
2.67296e-21
2.66761e-21
2.66124e-21
2.65419e-21
2.64687e-21
2.63975e-21
2.63334e-21
2.62808e-21
2.62432e-21
2.62221e-21
2.6217e-21
2.62254e-21
2.62435e-21
2.6267e-21
2.62924e-21
2.63169e-21
2.6339e-21
2.6358e-21
2.63739e-21
2.63868e-21
2.63966e-21
2.64031e-21
2.64057e-21
2.64039e-21
2.63972e-21
2.6385e-21
2.63669e-21
2.63424e-21
2.63112e-21
2.62727e-21
2.62267e-21
2.61731e-21
2.61128e-21
2.60485e-21
2.59855e-21
2.59323e-21
2.58987e-21
2.58933e-21
2.59197e-21
2.59739e-21
2.60457e-21
2.61223e-21
2.61921e-21
2.62473e-21
2.62838e-21
2.63011e-21
2.63014e-21
2.62885e-21
2.62678e-21
2.62452e-21
2.62267e-21
2.62166e-21
2.62172e-21
2.62277e-21
2.62448e-21
2.62642e-21
2.62815e-21
2.62937e-21
2.62991e-21
2.62972e-21
2.6288e-21
2.62708e-21
2.62434e-21
2.62018e-21
2.61414e-21
2.60586e-21
2.59541e-21
2.58366e-21
2.57246e-21
2.56435e-21
2.56173e-21
2.56581e-21
2.57592e-21
2.58986e-21
2.60487e-21
2.61869e-21
2.63007e-21
2.63881e-21
2.64541e-21
2.65073e-21
2.65554e-21
2.66034e-21
2.66527e-21
2.6702e-21
2.67482e-21
2.67885e-21
2.6821e-21
2.68447e-21
2.68595e-21
2.6866e-21
2.68645e-21
2.68555e-21
2.68394e-21
2.68162e-21
2.67863e-21
2.67502e-21
2.67091e-21
2.66642e-21
2.66174e-21
2.65703e-21
2.65246e-21
2.64815e-21
2.64423e-21
2.64083e-21
2.63811e-21
2.63627e-21
2.63554e-21
2.63613e-21
2.63814e-21
2.64157e-21
2.64625e-21
2.65189e-21
2.6581e-21
2.66443e-21
2.67046e-21
2.67577e-21
2.68004e-21
2.683e-21
2.68451e-21
2.68451e-21
2.68307e-21
2.68035e-21
2.67661e-21
2.67218e-21
2.6674e-21
2.66259e-21
2.65799e-21
2.65378e-21
2.6501e-21
2.64709e-21
2.64497e-21
2.64403e-21
2.64464e-21
2.64707e-21
2.65143e-21
2.65754e-21
2.66496e-21
2.67305e-21
2.68118e-21
2.68876e-21
2.69535e-21
2.70066e-21
2.70448e-21
2.7067e-21
2.70724e-21
2.70604e-21
2.70308e-21
2.69838e-21
2.69199e-21
2.68406e-21
2.67487e-21
2.6648e-21
2.65439e-21
2.6443e-21
2.6353e-21
2.62811e-21
2.62338e-21
2.62149e-21
2.62246e-21
2.62592e-21
2.63113e-21
2.63718e-21
2.64317e-21
2.6484e-21
2.65247e-21
2.65533e-21
2.6572e-21
2.65851e-21
2.65978e-21
2.66144e-21
2.66376e-21
2.6668e-21
2.67042e-21
2.67436e-21
2.67831e-21
2.68202e-21
2.68531e-21
2.68809e-21
2.69032e-21
2.69203e-21
2.69327e-21
2.6941e-21
2.6946e-21
2.69482e-21
2.69482e-21
2.69465e-21
2.69433e-21
2.69386e-21
2.69322e-21
2.69231e-21
2.69099e-21
2.68904e-21
2.68613e-21
2.68186e-21
2.67571e-21
2.66708e-21
2.65531e-21
2.6398e-21
2.62018e-21
2.59683e-21
2.57158e-21
2.54837e-21
2.53287e-21
2.53029e-21
2.54235e-21
2.56587e-21
2.59475e-21
2.62313e-21
2.64731e-21
2.6659e-21
2.67898e-21
2.68735e-21
2.69194e-21
2.69365e-21
2.69322e-21
2.69125e-21
2.68825e-21
2.68463e-21
2.68072e-21
2.67677e-21
2.673e-21
2.66956e-21
2.66663e-21
2.66443e-21
2.66324e-21
2.66333e-21
2.66483e-21
2.66757e-21
2.67105e-21
2.67452e-21
2.67712e-21
2.67811e-21
2.67696e-21
2.67351e-21
2.66801e-21
2.66121e-21
2.65425e-21
2.64847e-21
2.64498e-21
2.64427e-21
2.64603e-21
2.64929e-21
2.65287e-21
2.65574e-21
2.65725e-21
2.65719e-21
2.65569e-21
2.65312e-21
2.64998e-21
2.64677e-21
2.64394e-21
2.6418e-21
2.64047e-21
2.63997e-21
2.64023e-21
2.64118e-21
2.64287e-21
2.6454e-21
2.64893e-21
2.65351e-21
2.65895e-21
2.6648e-21
2.67037e-21
2.67485e-21
2.67743e-21
2.67736e-21
2.67407e-21
2.66724e-21
2.65706e-21
2.64467e-21
2.63242e-21
2.62354e-21
2.62086e-21
2.62519e-21
2.63484e-21
2.64672e-21
2.65797e-21
2.66687e-21
2.6728e-21
2.67579e-21
2.67608e-21
2.67386e-21
2.66911e-21
2.66167e-21
2.65136e-21
2.63835e-21
2.62356e-21
2.60909e-21
2.59799e-21
2.59318e-21
2.59583e-21
2.6046e-21
2.61646e-21
2.62837e-21
2.63836e-21
2.64574e-21
2.6507e-21
2.65388e-21
2.65599e-21
2.65762e-21
2.6591e-21
2.66056e-21
2.66191e-21
2.66299e-21
2.66361e-21
2.66362e-21
2.66292e-21
2.66145e-21
2.65919e-21
2.65613e-21
2.65228e-21
2.64769e-21
2.64246e-21
2.63676e-21
2.63085e-21
2.6251e-21
2.61989e-21
2.61561e-21
2.61262e-21
2.6111e-21
2.61108e-21
2.61239e-21
2.61468e-21
2.61751e-21
2.62039e-21
2.62287e-21
2.62459e-21
2.62532e-21
2.62494e-21
2.62341e-21
2.62078e-21
2.61713e-21
2.61262e-21
2.60745e-21
2.60194e-21
2.59648e-21
2.59157e-21
2.58775e-21
2.58553e-21
2.58532e-21
2.58726e-21
2.59112e-21
2.59636e-21
2.60222e-21
2.60789e-21
2.61274e-21
2.61639e-21
2.61874e-21
2.61993e-21
2.62027e-21
2.62022e-21
2.62025e-21
2.62083e-21
2.62225e-21
2.62458e-21
2.62767e-21
2.63116e-21
2.63456e-21
2.63743e-21
2.63938e-21
2.64016e-21
2.63965e-21
2.63789e-21
2.63503e-21
2.63138e-21
2.62731e-21
2.62324e-21
2.6196e-21
2.6167e-21
2.61472e-21
2.61369e-21
2.61348e-21
2.61389e-21
2.61467e-21
2.6156e-21
2.61645e-21
2.61705e-21
2.61728e-21
2.61709e-21
2.61654e-21
2.61573e-21
2.61488e-21
2.61422e-21
2.61404e-21
2.61453e-21
2.61586e-21
2.61803e-21
2.62096e-21
2.62444e-21
2.62822e-21
2.63199e-21
2.63545e-21
2.63833e-21
2.64037e-21
2.64136e-21
2.64111e-21
2.63953e-21
2.63661e-21
2.63253e-21
2.62769e-21
2.62275e-21
2.61852e-21
2.61574e-21
2.61486e-21
2.6158e-21
2.61801e-21
2.6207e-21
2.62309e-21
2.62469e-21
2.62532e-21
2.62511e-21
2.62441e-21
2.62368e-21
2.62336e-21
2.62385e-21
2.62538e-21
2.628e-21
2.63158e-21
2.63588e-21
2.64055e-21
2.64524e-21
2.64962e-21
2.65346e-21
2.65655e-21
2.65878e-21
2.66009e-21
2.66045e-21
2.6599e-21
2.65853e-21
2.65648e-21
2.65397e-21
2.65125e-21
2.64863e-21
2.64641e-21
2.6448e-21
2.6439e-21
2.64369e-21
2.64398e-21
2.64455e-21
2.64516e-21
2.64561e-21
2.64582e-21
2.64584e-21
2.64579e-21
2.64587e-21
2.64621e-21
2.64682e-21
2.6475e-21
2.64776e-21
2.6469e-21
2.64412e-21
2.63872e-21
2.63053e-21
2.6204e-21
2.61063e-21
2.60458e-21
2.60529e-21
2.6136e-21
2.6275e-21
2.64345e-21
2.65816e-21
2.66961e-21
2.67705e-21
2.68042e-21
2.67999e-21
2.67608e-21
2.66901e-21
2.65916e-21
2.64702e-21
2.63332e-21
2.61911e-21
2.60564e-21
2.59424e-21
2.58602e-21
2.58148e-21
2.58043e-21
2.58205e-21
2.58532e-21
2.58953e-21
2.59444e-21
2.60026e-21
2.60724e-21
2.61539e-21
2.62441e-21
2.63377e-21
2.64285e-21
2.65109e-21
2.65804e-21
2.66343e-21
2.66713e-21
2.66915e-21
2.6696e-21
2.66865e-21
2.66648e-21
2.66329e-21
2.65924e-21
2.65451e-21
2.64924e-21
2.64357e-21
2.63764e-21
2.63162e-21
2.62568e-21
2.61999e-21
2.61472e-21
2.60997e-21
2.60581e-21
2.60224e-21
2.59924e-21
2.5968e-21
2.5949e-21
2.59356e-21
2.5928e-21
2.59261e-21
2.59294e-21
2.5937e-21
2.59475e-21
2.59595e-21
2.59717e-21
2.59837e-21
2.59955e-21
2.60079e-21
2.60217e-21
2.60376e-21
2.60559e-21
2.60759e-21
2.60967e-21
2.6117e-21
2.61356e-21
2.61516e-21
2.61643e-21
2.61736e-21
2.61797e-21
2.61829e-21
2.61836e-21
2.61822e-21
2.61793e-21
2.61751e-21
2.61698e-21
2.61637e-21
2.61566e-21
2.61486e-21
2.61394e-21
2.61288e-21
2.61166e-21
2.61024e-21
2.60858e-21
2.60667e-21
2.60448e-21
2.60199e-21
2.5992e-21
2.5961e-21
2.5927e-21
2.58897e-21
2.58488e-21
2.58036e-21
2.57533e-21
2.5698e-21
2.56391e-21
2.55811e-21
2.55317e-21
2.55007e-21
2.54973e-21
2.55253e-21
2.55815e-21
2.56564e-21
2.57381e-21
2.58161e-21
2.58836e-21
2.59374e-21
2.5977e-21
2.60037e-21
2.6019e-21
2.60249e-21
2.60229e-21
2.60142e-21
2.59996e-21
2.59798e-21
2.5955e-21
2.59254e-21
2.58909e-21
2.58513e-21
2.58065e-21
2.57564e-21
2.57015e-21
2.56431e-21
2.5583e-21
2.55246e-21
2.5472e-21
2.54296e-21
2.54013e-21
2.53895e-21
2.53941e-21
2.54133e-21
2.54433e-21
2.54799e-21
2.55194e-21
2.55586e-21
2.55954e-21
2.56282e-21
2.56561e-21
2.56785e-21
2.56947e-21
2.57043e-21
2.57065e-21
2.57007e-21
2.56862e-21
2.56623e-21
2.56287e-21
2.55855e-21
2.55332e-21
2.54729e-21
2.54064e-21
2.53359e-21
2.52637e-21
2.5192e-21
2.51236e-21
2.50614e-21
2.50094e-21
2.49725e-21
2.49553e-21
2.49612e-21
2.49896e-21
2.50356e-21
2.50903e-21
2.51436e-21
2.51864e-21
2.52128e-21
2.52201e-21
2.52089e-21
2.51817e-21
2.51426e-21
2.50963e-21
2.5048e-21
2.50022e-21
2.49628e-21
2.49324e-21
2.49127e-21
2.49049e-21
2.49102e-21
2.493e-21
2.49651e-21
2.50146e-21
2.50751e-21
2.51415e-21
2.52074e-21
2.5267e-21
2.53157e-21
2.53502e-21
2.53688e-21
2.53709e-21
2.53565e-21
2.53268e-21
2.52842e-21
2.52329e-21
2.51794e-21
2.5132e-21
2.50991e-21
2.50869e-21
2.50976e-21
2.51282e-21
2.51723e-21
2.52219e-21
2.52704e-21
2.53128e-21
2.53469e-21
2.53721e-21
2.53889e-21
2.53984e-21
2.54019e-21
2.54009e-21
2.53964e-21
2.53897e-21
2.53817e-21
2.53731e-21
2.5365e-21
2.53579e-21
2.53524e-21
2.53491e-21
2.53483e-21
2.53499e-21
2.53537e-21
2.53594e-21
2.5366e-21
2.53725e-21
2.53778e-21
2.53808e-21
2.53802e-21
2.53755e-21
2.53663e-21
2.53533e-21
2.5338e-21
2.53227e-21
2.53108e-21
2.53059e-21
2.53109e-21
2.5328e-21
2.53574e-21
2.53976e-21
2.54458e-21
2.54985e-21
2.55524e-21
2.56047e-21
2.56537e-21
2.56981e-21
2.57376e-21
2.57722e-21
2.58022e-21
2.5828e-21
2.58499e-21
2.58682e-21
2.58833e-21
2.58953e-21
2.59045e-21
2.59111e-21
2.59154e-21
2.59177e-21
2.59185e-21
2.59182e-21
2.59175e-21
2.5917e-21
2.5917e-21
2.59182e-21
2.59207e-21
2.59246e-21
2.59297e-21
2.59357e-21
2.59421e-21
2.5948e-21
2.59527e-21
2.59551e-21
2.59543e-21
2.59495e-21
2.594e-21
2.59255e-21
2.59061e-21
2.58824e-21
2.58559e-21
2.58288e-21
2.58038e-21
2.57836e-21
2.57712e-21
2.57685e-21
2.57767e-21
2.57957e-21
2.58242e-21
2.58603e-21
2.59018e-21
2.59466e-21
2.5993e-21
2.60396e-21
2.60857e-21
2.61308e-21
2.61745e-21
2.62168e-21
2.62572e-21
2.62953e-21
2.63302e-21
2.63611e-21
2.63865e-21
2.64049e-21
2.64145e-21
2.64133e-21
2.63995e-21
2.63706e-21
2.63247e-21
2.62595e-21
2.61739e-21
2.60687e-21
2.59491e-21
2.58272e-21
2.57218e-21
2.56546e-21
2.56407e-21
2.56812e-21
2.57624e-21
2.5864e-21
2.59682e-21
2.60641e-21
2.61468e-21
2.62152e-21
2.6269e-21
2.63083e-21
2.63328e-21
2.63424e-21
2.63373e-21
2.63187e-21
2.62891e-21
2.62527e-21
2.62146e-21
2.6181e-21
2.61575e-21
2.61478e-21
2.61532e-21
2.6172e-21
2.62008e-21
2.62351e-21
2.62705e-21
2.63032e-21
2.63305e-21
2.63505e-21
2.63623e-21
2.6366e-21
2.63624e-21
2.63529e-21
2.63395e-21
2.63242e-21
2.63094e-21
2.62969e-21
2.62879e-21
2.62832e-21
2.62827e-21
2.62859e-21
2.62918e-21
2.62994e-21
2.63075e-21
2.6315e-21
2.63209e-21
2.63242e-21
