2.7613e-23
2.76131e-23
2.76134e-23
2.76137e-23
2.76142e-23
2.76147e-23
2.76153e-23
2.76161e-23
2.76169e-23
2.76179e-23
2.76189e-23
2.76201e-23
2.76214e-23
2.76227e-23
2.76242e-23
2.76258e-23
2.76276e-23
2.76294e-23
2.76314e-23
2.76335e-23
2.76358e-23
2.76381e-23
2.76406e-23
2.76433e-23
2.76461e-23
2.7649e-23
2.76521e-23
2.76554e-23
2.76588e-23
2.76623e-23
2.76661e-23
2.767e-23
2.76741e-23
2.76783e-23
2.76828e-23
2.76874e-23
2.76923e-23
2.76973e-23
2.77026e-23
2.77081e-23
2.77138e-23
2.77198e-23
2.7726e-23
2.77324e-23
2.77392e-23
2.77462e-23
2.77535e-23
2.7761e-23
2.77689e-23
2.77772e-23
2.77857e-23
2.77946e-23
2.78039e-23
2.78135e-23
2.78235e-23
2.7834e-23
2.78449e-23
2.78562e-23
2.78679e-23
2.78802e-23
2.78929e-23
2.79062e-23
2.792e-23
2.79344e-23
2.79494e-23
2.7965e-23
2.79812e-23
2.79981e-23
2.80157e-23
2.8034e-23
2.80531e-23
2.80729e-23
2.80936e-23
2.81151e-23
2.81375e-23
2.81608e-23
2.81851e-23
2.82103e-23
2.82366e-23
2.82639e-23
2.82924e-23
2.8322e-23
2.83528e-23
2.83848e-23
2.84181e-23
2.84526e-23
2.84886e-23
2.85259e-23
2.85647e-23
2.86049e-23
2.86465e-23
2.86897e-23
2.87343e-23
2.87805e-23
2.8828e-23
2.8877e-23
2.89272e-23
2.89786e-23
2.90309e-23
2.9084e-23
2.91375e-23
2.9191e-23
2.9244e-23
2.9296e-23
2.93464e-23
2.93944e-23
2.94395e-23
2.9481e-23
2.95185e-23
2.95516e-23
2.95803e-23
2.96046e-23
2.96247e-23
2.96401e-23
2.96502e-23
2.96533e-23
2.96468e-23
2.96278e-23
2.95935e-23
2.95425e-23
2.94761e-23
2.93996e-23
2.93228e-23
2.92594e-23
2.92241e-23
2.92286e-23
2.92774e-23
2.93669e-23
2.94859e-23
2.96195e-23
2.97523e-23
2.98714e-23
2.99691e-23
3.00436e-23
3.00985e-23
3.01397e-23
3.01713e-23
3.01929e-23
3.01998e-23
3.0186e-23
3.01482e-23
3.00883e-23
3.00142e-23
2.99375e-23
2.98705e-23
2.98236e-23
2.98032e-23
2.98124e-23
2.98516e-23
2.99189e-23
3.00105e-23
3.0121e-23
3.02439e-23
3.03731e-23
3.0503e-23
3.06289e-23
3.07462e-23
3.08508e-23
3.0939e-23
3.10083e-23
3.10574e-23
3.10859e-23
3.10945e-23
3.10845e-23
3.10582e-23
3.10181e-23
3.09677e-23
3.09107e-23
3.08506e-23
3.0791e-23
3.07345e-23
3.0683e-23
3.06389e-23
3.06051e-23
3.0586e-23
3.05863e-23
3.06097e-23
3.06559e-23
3.07206e-23
3.07952e-23
3.08703e-23
3.09375e-23
3.09911e-23
3.10284e-23
3.1049e-23
3.10547e-23
3.10481e-23
3.10327e-23
3.1012e-23
3.09899e-23
3.097e-23
3.09556e-23
3.09493e-23
3.0953e-23
3.09673e-23
3.09919e-23
3.10252e-23
3.1065e-23
3.11087e-23
3.11534e-23
3.11965e-23
3.12362e-23
3.12706e-23
3.12989e-23
3.13205e-23
3.13352e-23
3.1343e-23
3.1344e-23
3.13382e-23
3.13252e-23
3.13047e-23
3.12758e-23
3.12378e-23
3.11907e-23
3.11352e-23
3.1074e-23
3.10118e-23
3.0955e-23
3.0911e-23
3.0886e-23
3.08832e-23
3.0902e-23
3.09377e-23
3.09828e-23
3.10284e-23
3.1066e-23
3.10884e-23
3.10917e-23
3.10764e-23
3.10488e-23
3.1021e-23
3.10079e-23
3.10224e-23
3.10693e-23
3.11431e-23
3.12306e-23
3.13163e-23
3.13872e-23
3.14353e-23
3.14572e-23
3.14539e-23
3.14298e-23
3.13929e-23
3.1354e-23
3.13249e-23
3.13156e-23
3.13304e-23
3.1366e-23
3.14126e-23
3.14576e-23
3.14892e-23
3.14997e-23
3.14866e-23
3.14526e-23
3.14055e-23
3.13558e-23
3.13144e-23
3.12897e-23
3.12853e-23
3.13001e-23
3.13301e-23
3.13705e-23
3.14171e-23
3.14667e-23
3.15162e-23
3.1563e-23
3.16049e-23
3.16405e-23
3.1669e-23
3.16912e-23
3.17082e-23
3.17218e-23
3.17335e-23
3.17443e-23
3.17543e-23
3.17622e-23
3.17659e-23
3.17627e-23
3.17496e-23
3.17244e-23
3.16858e-23
3.16346e-23
3.15739e-23
3.15089e-23
3.14471e-23
3.13969e-23
3.13659e-23
3.13596e-23
3.13791e-23
3.14216e-23
3.14809e-23
3.15497e-23
3.16209e-23
3.16893e-23
3.17519e-23
3.18072e-23
3.18554e-23
3.1897e-23
3.19332e-23
3.19649e-23
3.19933e-23
3.20193e-23
3.20437e-23
3.20672e-23
3.20904e-23
3.21133e-23
3.21359e-23
3.21575e-23
3.21768e-23
3.2192e-23
3.22007e-23
3.21999e-23
3.21863e-23
3.21573e-23
3.21109e-23
3.20479e-23
3.19722e-23
3.18915e-23
3.18162e-23
3.17573e-23
3.17236e-23
3.17202e-23
3.17491e-23
3.1809e-23
3.18952e-23
3.19989e-23
3.21078e-23
3.22085e-23
3.22889e-23
3.234e-23
3.23559e-23
3.23339e-23
3.22731e-23
3.21745e-23
3.20418e-23
3.18817e-23
3.1705e-23
3.1526e-23
3.13606e-23
3.12253e-23
3.11343e-23
3.10984e-23
3.11218e-23
3.11997e-23
3.13191e-23
3.14619e-23
3.16111e-23
3.17534e-23
3.18807e-23
3.19888e-23
3.20762e-23
3.21432e-23
3.21911e-23
3.22217e-23
3.22369e-23
3.2239e-23
3.22303e-23
3.22129e-23
3.21892e-23
3.21617e-23
3.21328e-23
3.21051e-23
3.2081e-23
3.20625e-23
3.20509e-23
3.20468e-23
3.20501e-23
3.20598e-23
3.20746e-23
3.2093e-23
3.21135e-23
3.21349e-23
3.21566e-23
3.21778e-23
3.21985e-23
3.22184e-23
3.22378e-23
3.22565e-23
3.22748e-23
3.22927e-23
3.231e-23
3.23266e-23
3.23421e-23
3.23561e-23
3.23677e-23
3.23758e-23
3.23786e-23
3.23738e-23
3.23582e-23
3.23273e-23
3.22753e-23
3.21955e-23
3.20806e-23
3.19259e-23
3.17344e-23
3.1524e-23
3.13317e-23
3.12058e-23
3.1182e-23
3.12605e-23
3.14056e-23
3.15692e-23
3.1714e-23
3.18212e-23
3.18861e-23
3.19115e-23
3.19029e-23
3.18673e-23
3.18128e-23
3.17499e-23
3.16911e-23
3.16497e-23
3.16364e-23
3.16561e-23
3.17061e-23
3.17778e-23
3.18596e-23
3.19403e-23
3.20118e-23
3.20692e-23
3.21101e-23
3.21344e-23
3.21429e-23
3.21364e-23
3.21157e-23
3.20803e-23
3.20285e-23
3.19572e-23
3.18624e-23
3.17407e-23
3.15922e-23
3.14239e-23
3.12538e-23
3.1111e-23
3.10289e-23
3.10316e-23
3.11206e-23
3.12731e-23
3.14526e-23
3.16254e-23
3.17689e-23
3.18731e-23
3.1937e-23
3.19643e-23
3.19605e-23
3.19315e-23
3.18831e-23
3.18215e-23
3.17542e-23
3.16895e-23
3.16368e-23
3.16042e-23
3.15963e-23
3.16132e-23
3.16497e-23
3.16982e-23
3.17503e-23
3.17993e-23
3.18408e-23
3.18727e-23
3.18944e-23
3.1906e-23
3.19079e-23
3.19e-23
3.18822e-23
3.18538e-23
3.18136e-23
3.17606e-23
3.16937e-23
3.16124e-23
3.15178e-23
3.14131e-23
3.13041e-23
3.11998e-23
3.11101e-23
3.10432e-23
3.10028e-23
3.09859e-23
3.09849e-23
3.099e-23
3.09926e-23
3.09875e-23
3.09736e-23
3.09528e-23
3.09292e-23
3.09075e-23
3.08914e-23
3.08826e-23
3.08813e-23
3.08867e-23
3.08985e-23
3.09177e-23
3.0947e-23
3.09892e-23
3.10454e-23
3.11137e-23
3.11893e-23
3.12653e-23
3.13348e-23
3.1392e-23
3.14332e-23
3.14568e-23
3.14624e-23
3.14508e-23
3.14233e-23
3.13818e-23
3.13289e-23
3.12682e-23
3.12042e-23
3.11423e-23
3.10884e-23
3.10473e-23
3.10222e-23
3.10135e-23
3.1019e-23
3.10343e-23
3.10547e-23
3.10757e-23
3.10941e-23
3.11078e-23
3.11158e-23
3.11182e-23
3.11153e-23
3.11079e-23
3.10968e-23
3.10827e-23
3.10665e-23
3.10486e-23
3.10296e-23
3.10099e-23
3.09896e-23
3.0969e-23
3.09484e-23
3.09282e-23
3.09092e-23
3.08924e-23
3.0879e-23
3.08705e-23
3.08678e-23
3.08712e-23
3.088e-23
3.08928e-23
3.09075e-23
3.09222e-23
3.09351e-23
3.09455e-23
3.09536e-23
3.09604e-23
3.09674e-23
3.09757e-23
3.09858e-23
3.09971e-23
3.10077e-23
3.10151e-23
3.10162e-23
3.10085e-23
3.09902e-23
3.09608e-23
3.09217e-23
3.08762e-23
3.08292e-23
3.07864e-23
3.07534e-23
3.07339e-23
3.0729e-23
3.0737e-23
3.07548e-23
3.07788e-23
3.08067e-23
3.08376e-23
3.08723e-23
3.09123e-23
3.09588e-23
3.1012e-23
3.10704e-23
3.11312e-23
3.1191e-23
3.12465e-23
3.12953e-23
3.13359e-23
3.13684e-23
3.13935e-23
3.1413e-23
3.14286e-23
3.1442e-23
3.14545e-23
3.14666e-23
3.14781e-23
3.1488e-23
3.14951e-23
3.14978e-23
3.14947e-23
3.1484e-23
3.14636e-23
3.14302e-23
3.13787e-23
3.13019e-23
3.11913e-23
3.10415e-23
3.08587e-23
3.06714e-23
3.05319e-23
3.04959e-23
3.05855e-23
3.07707e-23
3.09909e-23
3.11921e-23
3.13449e-23
3.14417e-23
3.14873e-23
3.14911e-23
3.14642e-23
3.14181e-23
3.13647e-23
3.13143e-23
3.1274e-23
3.12456e-23
3.12258e-23
3.12087e-23
3.11896e-23
3.1169e-23
3.11534e-23
3.11528e-23
3.11758e-23
3.12254e-23
3.12978e-23
3.13847e-23
3.14767e-23
3.15659e-23
3.16473e-23
3.17183e-23
3.17787e-23
3.18292e-23
3.18714e-23
3.19071e-23
3.19377e-23
3.19646e-23
3.19886e-23
3.20105e-23
3.20304e-23
3.20484e-23
3.20646e-23
3.20787e-23
3.20907e-23
3.21004e-23
3.21076e-23
3.21123e-23
3.21144e-23
3.21138e-23
3.21107e-23
3.21052e-23
3.20977e-23
3.20885e-23
3.2078e-23
3.20664e-23
3.20536e-23
3.20393e-23
3.20223e-23
3.20008e-23
3.19724e-23
3.19341e-23
3.18825e-23
3.18142e-23
3.17263e-23
3.16176e-23
3.14908e-23
3.13563e-23
3.12345e-23
3.11556e-23
3.11502e-23
3.12336e-23
3.1395e-23
3.1602e-23
3.18168e-23
3.20106e-23
3.21686e-23
3.22869e-23
3.23684e-23
3.24181e-23
3.24415e-23
3.24432e-23
3.24269e-23
3.23953e-23
3.23508e-23
3.22953e-23
3.2231e-23
3.21605e-23
3.20873e-23
3.20157e-23
3.19501e-23
3.18945e-23
3.18514e-23
3.182e-23
3.17964e-23
3.17749e-23
3.17498e-23
3.17196e-23
3.169e-23
3.16739e-23
3.16879e-23
3.17443e-23
3.18439e-23
3.19749e-23
3.21187e-23
3.22576e-23
3.23796e-23
3.2479e-23
3.25549e-23
3.26091e-23
3.2644e-23
3.2662e-23
3.26648e-23
3.26532e-23
3.26276e-23
3.25878e-23
3.25332e-23
3.24635e-23
3.23788e-23
3.22806e-23
3.21721e-23
3.20595e-23
3.19513e-23
3.18585e-23
3.17917e-23
3.17587e-23
3.17618e-23
3.17972e-23
3.1857e-23
3.19321e-23
3.20145e-23
3.20986e-23
3.21807e-23
3.22577e-23
3.23267e-23
3.23834e-23
3.24224e-23
3.24368e-23
3.24193e-23
3.23639e-23
3.227e-23
3.21485e-23
3.20259e-23
3.19413e-23
3.19306e-23
3.20053e-23
3.21455e-23
3.23135e-23
3.24749e-23
3.26096e-23
3.27121e-23
3.27852e-23
3.28352e-23
3.28687e-23
3.28908e-23
3.29055e-23
3.29155e-23
3.29223e-23
3.29269e-23
3.29301e-23
3.29324e-23
3.29344e-23
3.29368e-23
3.29406e-23
3.29466e-23
3.2956e-23
3.29695e-23
3.29877e-23
3.301e-23
3.30349e-23
3.30593e-23
3.30776e-23
3.30815e-23
3.30597e-23
3.29985e-23
3.28855e-23
3.27181e-23
3.25182e-23
3.23411e-23
3.22609e-23
3.23233e-23
3.25077e-23
3.27438e-23
3.29616e-23
3.31218e-23
3.32139e-23
3.32419e-23
3.32116e-23
3.31244e-23
3.29746e-23
3.27537e-23
3.24623e-23
3.21338e-23
3.18529e-23
3.17298e-23
3.18202e-23
3.20729e-23
3.23783e-23
3.26509e-23
3.28585e-23
3.30051e-23
3.31073e-23
3.3182e-23
3.32421e-23
3.32961e-23
3.33493e-23
3.34044e-23
3.34616e-23
3.3519e-23
3.35737e-23
3.36218e-23
3.36592e-23
3.36818e-23
3.36858e-23
3.36682e-23
3.36267e-23
3.35611e-23
3.34739e-23
3.33714e-23
3.3264e-23
3.31652e-23
3.30887e-23
3.30451e-23
3.30387e-23
3.30672e-23
3.31225e-23
3.31931e-23
3.32658e-23
3.33271e-23
3.33638e-23
3.33636e-23
3.33156e-23
3.32137e-23
3.30621e-23
3.28833e-23
3.27215e-23
3.26303e-23
3.2644e-23
3.27542e-23
3.29173e-23
3.30838e-23
3.32218e-23
3.33199e-23
3.3381e-23
3.34135e-23
3.34268e-23
3.34288e-23
3.34245e-23
3.34165e-23
3.34045e-23
3.33867e-23
3.336e-23
3.33222e-23
3.32729e-23
3.32151e-23
3.31547e-23
3.30995e-23
3.30554e-23
3.30244e-23
3.30031e-23
3.29847e-23
3.29624e-23
3.29329e-23
3.28979e-23
3.28645e-23
3.28428e-23
3.28412e-23
3.2862e-23
3.28999e-23
3.29437e-23
3.29813e-23
3.30035e-23
3.30061e-23
3.29898e-23
3.29585e-23
3.29184e-23
3.28759e-23
3.28372e-23
3.28068e-23
3.27871e-23
3.27772e-23
3.27736e-23
3.27707e-23
3.2762e-23
3.27412e-23
3.27035e-23
3.2647e-23
3.25731e-23
3.24872e-23
3.2398e-23
3.23161e-23
3.22526e-23
3.22162e-23
3.22113e-23
3.22366e-23
3.22844e-23
3.2342e-23
3.23957e-23
3.24337e-23
3.2449e-23
3.24399e-23
3.24091e-23
3.2363e-23
3.23093e-23
3.22558e-23
3.22097e-23
3.21763e-23
3.21595e-23
3.2161e-23
3.21799e-23
3.22128e-23
3.2254e-23
3.22974e-23
3.23376e-23
3.23711e-23
3.23963e-23
3.24138e-23
3.24249e-23
3.24317e-23
3.24359e-23
3.24392e-23
3.24425e-23
3.24462e-23
3.24503e-23
3.24548e-23
3.24594e-23
3.24635e-23
3.24671e-23
3.24698e-23
3.24716e-23
3.24722e-23
3.24716e-23
3.24698e-23
3.24666e-23
3.2462e-23
3.24557e-23
3.24474e-23
3.24368e-23
3.24235e-23
3.2407e-23
3.2387e-23
3.2363e-23
3.23352e-23
3.23039e-23
3.22703e-23
3.22365e-23
3.22053e-23
3.21797e-23
3.21627e-23
3.21561e-23
3.21598e-23
3.21721e-23
3.21898e-23
3.22091e-23
3.22267e-23
3.22407e-23
3.22502e-23
3.2256e-23
3.22596e-23
3.22629e-23
3.22678e-23
3.22755e-23
3.22869e-23
3.23021e-23
3.23204e-23
3.23408e-23
3.2362e-23
3.23824e-23
3.24004e-23
3.24142e-23
3.24224e-23
3.24236e-23
3.24165e-23
3.24005e-23
3.23749e-23
3.23398e-23
3.22958e-23
3.22438e-23
3.21853e-23
3.21226e-23
3.2059e-23
3.19996e-23
3.19515e-23
3.19233e-23
3.19226e-23
3.19533e-23
3.20132e-23
3.20937e-23
3.21823e-23
3.22657e-23
3.23309e-23
3.23667e-23
3.2362e-23
3.2306e-23
3.21887e-23
3.20051e-23
3.17629e-23
3.14922e-23
3.12465e-23
3.10831e-23
3.10293e-23
2.76587e-23
2.77563e-23
2.78681e-23
2.7977e-23
2.80807e-23
2.81814e-23
2.82797e-23
2.83729e-23
2.84568e-23
2.85279e-23
2.85841e-23
2.8625e-23
2.86515e-23
2.86655e-23
2.86687e-23
2.8663e-23
2.86498e-23
2.86301e-23
2.86043e-23
2.85726e-23
2.85346e-23
2.84898e-23
2.84376e-23
2.83778e-23
2.8311e-23
2.82391e-23
2.81659e-23
2.80966e-23
2.80381e-23
2.79966e-23
2.79765e-23
2.79787e-23
2.80001e-23
2.8035e-23
2.80766e-23
2.81189e-23
2.81574e-23
2.81894e-23
2.82138e-23
2.82305e-23
2.82398e-23
2.82426e-23
2.82397e-23
2.82319e-23
2.82201e-23
2.82051e-23
2.81877e-23
2.81689e-23
2.81498e-23
2.81315e-23
2.81151e-23
2.81017e-23
2.80919e-23
2.80861e-23
2.8084e-23
2.80846e-23
2.80864e-23
2.80876e-23
2.80865e-23
2.80815e-23
2.80717e-23
2.8057e-23
2.8038e-23
2.80162e-23
2.79937e-23
2.79729e-23
2.79562e-23
2.79453e-23
2.79412e-23
2.79439e-23
2.79528e-23
2.79665e-23
2.79835e-23
2.80022e-23
2.80211e-23
2.8039e-23
2.80545e-23
2.80671e-23
2.80758e-23
2.80805e-23
2.80809e-23
2.80774e-23
2.80706e-23
2.80615e-23
2.80513e-23
2.80417e-23
2.80344e-23
2.80315e-23
2.80349e-23
2.80466e-23
2.80681e-23
2.81001e-23
2.81418e-23
2.81913e-23
2.82456e-23
2.83007e-23
2.8353e-23
2.83993e-23
2.84378e-23
2.84677e-23
2.84899e-23
2.85066e-23
2.8521e-23
2.85369e-23
2.85577e-23
2.85858e-23
2.86221e-23
2.86654e-23
2.87135e-23
2.87629e-23
2.88103e-23
2.88528e-23
2.8888e-23
2.89144e-23
2.8931e-23
2.89374e-23
2.89334e-23
2.89193e-23
2.88954e-23
2.88621e-23
2.88202e-23
2.87704e-23
2.87136e-23
2.86506e-23
2.85824e-23
2.85102e-23
2.84355e-23
2.83608e-23
2.82896e-23
2.8227e-23
2.81781e-23
2.81472e-23
2.81351e-23
2.81378e-23
2.81468e-23
2.81517e-23
2.81461e-23
2.81327e-23
2.81256e-23
2.81458e-23
2.82106e-23
2.83237e-23
2.8475e-23
2.86473e-23
2.88252e-23
2.89978e-23
2.91584e-23
2.93026e-23
2.94276e-23
2.95316e-23
2.96137e-23
2.96741e-23
2.97137e-23
2.97336e-23
2.97347e-23
2.97181e-23
2.96848e-23
2.96362e-23
2.95743e-23
2.9502e-23
2.94231e-23
2.93424e-23
2.92648e-23
2.91943e-23
2.91329e-23
2.90799e-23
2.90331e-23
2.89895e-23
2.89473e-23
2.89074e-23
2.88732e-23
2.88489e-23
2.88376e-23
2.88394e-23
2.8851e-23
2.88677e-23
2.88848e-23
2.89001e-23
2.89137e-23
2.89279e-23
2.89457e-23
2.89694e-23
2.89999e-23
2.90365e-23
2.90773e-23
2.91199e-23
2.91622e-23
2.92025e-23
2.92402e-23
2.92746e-23
2.93056e-23
2.93329e-23
2.93557e-23
2.93735e-23
2.93853e-23
2.93905e-23
2.93885e-23
2.93793e-23
2.93634e-23
2.9342e-23
2.93168e-23
2.929e-23
2.9264e-23
2.92408e-23
2.92222e-23
2.92094e-23
2.92033e-23
2.92046e-23
2.92135e-23
2.923e-23
2.9253e-23
2.92799e-23
2.93071e-23
2.93299e-23
2.93442e-23
2.93466e-23
2.93352e-23
2.93101e-23
2.92728e-23
2.92269e-23
2.91779e-23
2.91322e-23
2.90963e-23
2.90739e-23
2.90639e-23
2.90609e-23
2.9057e-23
2.90461e-23
2.90255e-23
2.89963e-23
2.8962e-23
2.89259e-23
2.88906e-23
2.88585e-23
2.88323e-23
2.88148e-23
2.88081e-23
2.88114e-23
2.88218e-23
2.88354e-23
2.88499e-23
2.88658e-23
2.8886e-23
2.89145e-23
2.89546e-23
2.90069e-23
2.90694e-23
2.91375e-23
2.92059e-23
2.92691e-23
2.93228e-23
2.93642e-23
2.93918e-23
2.94059e-23
2.94075e-23
2.93987e-23
2.93817e-23
2.93592e-23
2.93337e-23
2.93076e-23
2.92826e-23
2.92603e-23
2.92417e-23
2.92275e-23
2.92178e-23
2.92129e-23
2.92127e-23
2.92168e-23
2.92247e-23
2.92354e-23
2.92475e-23
2.92586e-23
2.9266e-23
2.92662e-23
2.92551e-23
2.9228e-23
2.91804e-23
2.91087e-23
2.90112e-23
2.88907e-23
2.87565e-23
2.8625e-23
2.85171e-23
2.84515e-23
2.84372e-23
2.84708e-23
2.85396e-23
2.86285e-23
2.87246e-23
2.88189e-23
2.89058e-23
2.89818e-23
2.90451e-23
2.90953e-23
2.91328e-23
2.91589e-23
2.91752e-23
2.91834e-23
2.91854e-23
2.91828e-23
2.91772e-23
2.91696e-23
2.91606e-23
2.91503e-23
2.91378e-23
2.91215e-23
2.9099e-23
2.90675e-23
2.90239e-23
2.89662e-23
2.8894e-23
2.88099e-23
2.872e-23
2.86339e-23
2.85619e-23
2.85122e-23
2.84874e-23
2.84836e-23
2.8493e-23
2.85073e-23
2.85205e-23
2.85303e-23
2.85372e-23
2.85434e-23
2.85516e-23
2.85639e-23
2.85813e-23
2.86042e-23
2.86321e-23
2.86643e-23
2.86997e-23
2.87369e-23
2.87746e-23
2.88115e-23
2.88462e-23
2.88778e-23
2.89055e-23
2.89288e-23
2.89476e-23
2.8962e-23
2.89719e-23
2.89777e-23
2.89796e-23
2.89777e-23
2.89722e-23
2.89634e-23
2.89513e-23
2.89363e-23
2.89186e-23
2.88987e-23
2.88773e-23
2.88551e-23
2.88328e-23
2.88114e-23
2.87917e-23
2.87742e-23
2.87593e-23
2.8747e-23
2.87366e-23
2.87271e-23
2.87165e-23
2.87025e-23
2.86822e-23
2.86522e-23
2.86092e-23
2.8551e-23
2.84775e-23
2.83929e-23
2.83068e-23
2.82344e-23
2.81931e-23
2.81959e-23
2.82457e-23
2.83333e-23
2.84421e-23
2.85548e-23
2.86584e-23
2.87459e-23
2.88151e-23
2.8867e-23
2.89038e-23
2.89284e-23
2.89433e-23
2.89511e-23
2.89537e-23
2.89528e-23
2.89499e-23
2.89462e-23
2.89429e-23
2.89409e-23
2.89406e-23
2.89426e-23
2.8947e-23
2.89535e-23
2.89617e-23
2.89711e-23
2.8981e-23
2.89905e-23
2.89989e-23
2.90055e-23
2.90096e-23
2.90106e-23
2.90082e-23
2.9002e-23
2.89918e-23
2.89776e-23
2.89596e-23
2.89384e-23
2.89151e-23
2.8892e-23
2.88727e-23
2.88621e-23
2.8866e-23
2.88897e-23
2.89365e-23
2.90065e-23
2.90958e-23
2.91975e-23
2.93034e-23
2.94056e-23
2.94978e-23
2.95757e-23
2.96368e-23
2.96799e-23
2.97044e-23
2.971e-23
2.9696e-23
2.96618e-23
2.96068e-23
2.95317e-23
2.94399e-23
2.93393e-23
2.92432e-23
2.9169e-23
2.91337e-23
2.91467e-23
2.92064e-23
2.93005e-23
2.9412e-23
2.95247e-23
2.96274e-23
2.97139e-23
2.9782e-23
2.98318e-23
2.98642e-23
2.98807e-23
2.98827e-23
2.98713e-23
2.98481e-23
2.98149e-23
2.97743e-23
2.97299e-23
2.96861e-23
2.96482e-23
2.96214e-23
2.96101e-23
2.9617e-23
2.96433e-23
2.96879e-23
2.97484e-23
2.98211e-23
2.99016e-23
2.99855e-23
3.00681e-23
3.0145e-23
3.02121e-23
3.02652e-23
3.03003e-23
3.03134e-23
3.03005e-23
3.02579e-23
3.01828e-23
3.00745e-23
2.99357e-23
2.97734e-23
2.95984e-23
2.94227e-23
2.92561e-23
2.91038e-23
2.89685e-23
2.88535e-23
2.8767e-23
2.87204e-23
2.87245e-23
2.87827e-23
2.88882e-23
2.90253e-23
2.9175e-23
2.93201e-23
2.94492e-23
2.95573e-23
2.96446e-23
2.97148e-23
2.97726e-23
2.98224e-23
2.98668e-23
2.99068e-23
2.99417e-23
2.99702e-23
2.99908e-23
3.00021e-23
3.00031e-23
2.99933e-23
2.99722e-23
2.99393e-23
2.98942e-23
2.98362e-23
2.97649e-23
2.96798e-23
2.95815e-23
2.94723e-23
2.93567e-23
2.92428e-23
2.91411e-23
2.90634e-23
2.90192e-23
2.90128e-23
2.90423e-23
2.91008e-23
2.91789e-23
2.92677e-23
2.93598e-23
2.94495e-23
2.95326e-23
2.96063e-23
2.96686e-23
2.97182e-23
2.9754e-23
2.97754e-23
2.97816e-23
2.97722e-23
2.97471e-23
2.97073e-23
2.96557e-23
2.95976e-23
2.95407e-23
2.94939e-23
2.94649e-23
2.94572e-23
2.9469e-23
2.94939e-23
2.95239e-23
2.95522e-23
2.95756e-23
2.95942e-23
2.96104e-23
2.96269e-23
2.96455e-23
2.96656e-23
2.96847e-23
2.96992e-23
2.97049e-23
2.96983e-23
2.96765e-23
2.96374e-23
2.95801e-23
2.95044e-23
2.94116e-23
2.93054e-23
2.91924e-23
2.90819e-23
2.89849e-23
2.89118e-23
2.88684e-23
2.88549e-23
2.88661e-23
2.88945e-23
2.89339e-23
2.89821e-23
2.90403e-23
2.91119e-23
2.91989e-23
2.93009e-23
2.94137e-23
2.9531e-23
2.96453e-23
2.97497e-23
2.98392e-23
2.99102e-23
2.99612e-23
2.99915e-23
3.00019e-23
2.99935e-23
2.99681e-23
2.9928e-23
2.98757e-23
2.9814e-23
2.97456e-23
2.96731e-23
2.95985e-23
2.95232e-23
2.94486e-23
2.93761e-23
2.93084e-23
2.9249e-23
2.9202e-23
2.91704e-23
2.91544e-23
2.91505e-23
2.91518e-23
2.91499e-23
2.91369e-23
2.91069e-23
2.9057e-23
2.89878e-23
2.89031e-23
2.881e-23
2.87181e-23
2.86383e-23
2.85795e-23
2.85467e-23
2.85383e-23
2.85471e-23
2.85628e-23
2.85756e-23
2.85792e-23
2.85729e-23
2.85617e-23
2.8554e-23
2.8559e-23
2.85824e-23
2.8624e-23
2.86782e-23
2.87363e-23
2.87896e-23
2.88321e-23
2.88605e-23
2.88744e-23
2.88749e-23
2.88644e-23
2.88453e-23
2.88201e-23
2.87911e-23
2.87603e-23
2.87295e-23
2.86998e-23
2.86726e-23
2.86484e-23
2.86278e-23
2.86111e-23
2.85983e-23
2.85895e-23
2.85842e-23
2.85822e-23
2.85828e-23
2.85855e-23
2.85893e-23
2.85934e-23
2.85968e-23
2.85983e-23
2.85971e-23
2.85919e-23
2.85819e-23
2.85664e-23
2.85449e-23
2.85173e-23
2.84838e-23
2.8445e-23
2.84023e-23
2.83574e-23
2.83127e-23
2.82713e-23
2.8237e-23
2.8214e-23
2.82063e-23
2.82165e-23
2.82456e-23
2.82921e-23
2.83523e-23
2.84214e-23
2.84941e-23
2.85653e-23
2.8631e-23
2.86881e-23
2.87343e-23
2.87679e-23
2.87881e-23
2.87944e-23
2.87866e-23
2.87649e-23
2.87299e-23
2.86825e-23
2.86251e-23
2.85615e-23
2.84978e-23
2.84406e-23
2.83945e-23
2.8359e-23
2.83272e-23
2.82892e-23
2.82387e-23
2.81802e-23
2.81311e-23
2.81154e-23
2.81492e-23
2.82288e-23
2.83314e-23
2.84271e-23
2.84923e-23
2.85159e-23
2.84989e-23
2.84509e-23
2.83863e-23
2.83219e-23
2.82739e-23
2.82554e-23
2.82742e-23
2.83306e-23
2.8418e-23
2.85248e-23
2.86385e-23
2.87479e-23
2.88458e-23
2.89282e-23
2.89944e-23
2.90451e-23
2.90822e-23
2.91074e-23
2.91227e-23
2.91294e-23
2.91287e-23
2.91214e-23
2.91078e-23
2.90882e-23
2.90621e-23
2.90289e-23
2.89876e-23
2.89366e-23
2.88739e-23
2.87969e-23
2.87032e-23
2.85911e-23
2.84617e-23
2.83213e-23
2.81833e-23
2.80675e-23
2.79946e-23
2.79769e-23
2.80117e-23
2.80821e-23
2.8166e-23
2.82444e-23
2.83063e-23
2.83481e-23
2.8371e-23
2.83787e-23
2.83756e-23
2.83658e-23
2.83527e-23
2.83388e-23
2.83262e-23
2.83164e-23
2.83106e-23
2.83094e-23
2.83132e-23
2.83217e-23
2.83342e-23
2.83494e-23
2.8366e-23
2.83826e-23
2.83978e-23
2.8411e-23
2.84221e-23
2.84315e-23
2.844e-23
2.84487e-23
2.84587e-23
2.84708e-23
2.84854e-23
2.85021e-23
2.85206e-23
2.85398e-23
2.85588e-23
2.85767e-23
2.85927e-23
2.86063e-23
2.86172e-23
2.86252e-23
2.86301e-23
2.86316e-23
2.86292e-23
2.86222e-23
2.86093e-23
2.85891e-23
2.85594e-23
2.85182e-23
2.84636e-23
2.83949e-23
2.83135e-23
2.82238e-23
2.81343e-23
2.80564e-23
2.80024e-23
2.79815e-23
2.79965e-23
2.80434e-23
2.8113e-23
2.81944e-23
2.82773e-23
2.83535e-23
2.84176e-23
2.84662e-23
2.84981e-23
2.85146e-23
2.85189e-23
2.85162e-23
2.85125e-23
2.85135e-23
2.8523e-23
2.85419e-23
2.85684e-23
2.85989e-23
2.86295e-23
2.86571e-23
2.86803e-23
2.86991e-23
2.87146e-23
2.87288e-23
2.87438e-23
2.87615e-23
2.87829e-23
2.88074e-23
2.88328e-23
2.88552e-23
2.887e-23
2.8872e-23
2.88576e-23
2.88261e-23
2.87828e-23
2.87407e-23
2.87199e-23
2.87411e-23
2.88156e-23
2.89381e-23
2.90891e-23
2.92441e-23
2.93827e-23
2.94927e-23
2.95695e-23
2.96129e-23
2.9625e-23
2.96082e-23
2.95645e-23
2.94954e-23
2.9403e-23
2.92909e-23
2.91661e-23
2.90395e-23
2.89249e-23
2.88355e-23
2.87802e-23
2.87615e-23
2.87776e-23
2.88249e-23
2.88991e-23
2.89941e-23
2.91011e-23
2.9211e-23
2.93167e-23
2.94155e-23
2.95075e-23
2.95939e-23
2.9675e-23
2.97494e-23
2.98146e-23
2.98683e-23
2.99093e-23
2.99382e-23
2.99572e-23
2.9969e-23
2.99764e-23
2.99816e-23
2.99851e-23
2.99865e-23
2.99842e-23
2.99763e-23
2.99615e-23
2.99394e-23
2.99106e-23
2.98759e-23
2.98354e-23
2.97873e-23
2.97288e-23
2.96568e-23
2.95703e-23
2.94724e-23
2.93707e-23
2.92764e-23
2.92017e-23
2.9157e-23
2.91487e-23
2.91777e-23
2.92406e-23
2.93301e-23
2.94373e-23
2.95527e-23
2.96674e-23
2.9774e-23
2.98666e-23
2.99404e-23
2.99918e-23
3.00185e-23
3.00199e-23
2.99976e-23
2.99562e-23
2.99029e-23
2.98466e-23
2.97956e-23
2.97555e-23
2.97274e-23
2.9708e-23
2.96917e-23
2.96728e-23
2.96472e-23
2.96131e-23
2.95711e-23
2.95234e-23
2.94732e-23
2.94236e-23
2.93777e-23
2.93376e-23
2.93047e-23
2.92794e-23
2.92615e-23
2.92503e-23
2.92448e-23
2.92441e-23
2.92469e-23
2.92524e-23
2.92593e-23
2.92665e-23
2.92727e-23
2.92764e-23
2.92765e-23
2.9272e-23
2.92623e-23
2.92472e-23
2.92271e-23
2.92026e-23
2.91746e-23
2.91442e-23
2.91125e-23
2.90805e-23
2.90493e-23
2.90195e-23
2.89917e-23
2.89662e-23
2.89428e-23
2.89214e-23
2.89016e-23
2.88825e-23
2.88633e-23
2.88429e-23
2.88199e-23
2.87931e-23
2.87612e-23
2.87233e-23
2.86789e-23
2.86287e-23
2.85752e-23
2.85222e-23
2.84753e-23
2.84408e-23
2.84237e-23
2.8426e-23
2.8446e-23
2.84782e-23
2.85157e-23
2.85516e-23
2.85807e-23
2.86003e-23
2.86103e-23
2.8612e-23
2.8608e-23
2.86008e-23
2.85929e-23
2.8586e-23
2.85805e-23
2.85764e-23
2.85726e-23
2.85676e-23
2.85602e-23
2.85489e-23
2.85327e-23
2.85109e-23
2.84832e-23
2.84496e-23
2.84106e-23
2.83674e-23
2.83215e-23
2.82757e-23
2.82332e-23
2.81977e-23
2.81732e-23
2.81625e-23
2.81673e-23
2.8187e-23
2.82194e-23
2.8261e-23
2.83076e-23
2.76584e-23
2.77044e-23
2.77462e-23
2.77825e-23
2.78125e-23
2.78359e-23
2.78524e-23
2.78619e-23
2.78642e-23
2.7859e-23
2.7846e-23
2.78249e-23
2.77954e-23
2.7757e-23
2.77091e-23
2.76504e-23
2.75791e-23
2.74921e-23
2.73865e-23
2.7261e-23
2.71202e-23
2.698e-23
2.687e-23
2.68266e-23
2.68757e-23
2.70153e-23
2.72148e-23
2.74328e-23
2.76352e-23
2.78035e-23
2.79318e-23
2.80223e-23
2.80799e-23
2.81101e-23
2.8118e-23
2.81087e-23
2.80875e-23
2.80605e-23
2.80345e-23
2.80165e-23
2.80121e-23
2.80249e-23
2.80549e-23
2.80991e-23
2.81527e-23
2.82104e-23
2.82676e-23
2.83214e-23
2.83701e-23
2.84132e-23
2.8451e-23
2.84843e-23
2.85139e-23
2.85406e-23
2.85651e-23
2.8588e-23
2.86095e-23
2.86301e-23
2.86499e-23
2.8669e-23
2.86873e-23
2.8705e-23
2.87218e-23
2.87378e-23
2.87528e-23
2.87666e-23
2.87792e-23
2.87904e-23
2.88003e-23
2.88086e-23
2.88155e-23
2.8821e-23
2.88251e-23
2.88281e-23
2.883e-23
2.88309e-23
2.8831e-23
2.88305e-23
2.88292e-23
2.88274e-23
2.88251e-23
2.88227e-23
2.88206e-23
2.88198e-23
2.88212e-23
2.88264e-23
2.88365e-23
2.88527e-23
2.88753e-23
2.89042e-23
2.89384e-23
2.89766e-23
2.90176e-23
2.90598e-23
2.91026e-23
2.9145e-23
2.91867e-23
2.92269e-23
2.92652e-23
2.93009e-23
2.93337e-23
2.93639e-23
2.93923e-23
2.94198e-23
2.94471e-23
2.94739e-23
2.94991e-23
2.95206e-23
2.95359e-23
2.95433e-23
2.95425e-23
2.95348e-23
2.9523e-23
2.95108e-23
2.95016e-23
2.94973e-23
2.94979e-23
2.95013e-23
2.95041e-23
2.95028e-23
2.94947e-23
2.94787e-23
2.94552e-23
2.94265e-23
2.93958e-23
2.93668e-23
2.93428e-23
2.93264e-23
2.93188e-23
2.93203e-23
2.93301e-23
2.9347e-23
2.93696e-23
2.93961e-23
2.94253e-23
2.94557e-23
2.9486e-23
2.95148e-23
2.95409e-23
2.95628e-23
2.95794e-23
2.95897e-23
2.9593e-23
2.95888e-23
2.9577e-23
2.95577e-23
2.95314e-23
2.94987e-23
2.94605e-23
2.94182e-23
2.93733e-23
2.93274e-23
2.92825e-23
2.92402e-23
2.92019e-23
2.91693e-23
2.91445e-23
2.91302e-23
2.91293e-23
2.91435e-23
2.9172e-23
2.92112e-23
2.92544e-23
2.92937e-23
2.93217e-23
2.93325e-23
2.93233e-23
2.92942e-23
2.92496e-23
2.91973e-23
2.91484e-23
2.91143e-23
2.91034e-23
2.91182e-23
2.91544e-23
2.92027e-23
2.92524e-23
2.9294e-23
2.93211e-23
2.93304e-23
2.93206e-23
2.92923e-23
2.92467e-23
2.91861e-23
2.91135e-23
2.90329e-23
2.89491e-23
2.88677e-23
2.87945e-23
2.8735e-23
2.86929e-23
2.86702e-23
2.86663e-23
2.86781e-23
2.87014e-23
2.87311e-23
2.87629e-23
2.87937e-23
2.88216e-23
2.8846e-23
2.88666e-23
2.88836e-23
2.88968e-23
2.89059e-23
2.89104e-23
2.89095e-23
2.89026e-23
2.88891e-23
2.88685e-23
2.88402e-23
2.88038e-23
2.87588e-23
2.87049e-23
2.86419e-23
2.85712e-23
2.84958e-23
2.84221e-23
2.83599e-23
2.83207e-23
2.83146e-23
2.83456e-23
2.8409e-23
2.84928e-23
2.85822e-23
2.86635e-23
2.87275e-23
2.87695e-23
2.87891e-23
2.87885e-23
2.87725e-23
2.8747e-23
2.87193e-23
2.86962e-23
2.86827e-23
2.86815e-23
2.86916e-23
2.87093e-23
2.87295e-23
2.87471e-23
2.87585e-23
2.87618e-23
2.87564e-23
2.87424e-23
2.87189e-23
2.86832e-23
2.86311e-23
2.8557e-23
2.84568e-23
2.83318e-23
2.81922e-23
2.80595e-23
2.79637e-23
2.79327e-23
2.79803e-23
2.80986e-23
2.82618e-23
2.84379e-23
2.86002e-23
2.87343e-23
2.88377e-23
2.89163e-23
2.89797e-23
2.90372e-23
2.90944e-23
2.9153e-23
2.92111e-23
2.92654e-23
2.93126e-23
2.93503e-23
2.93774e-23
2.93939e-23
2.94002e-23
2.9397e-23
2.93848e-23
2.93638e-23
2.93345e-23
2.9297e-23
2.92522e-23
2.92014e-23
2.91461e-23
2.90885e-23
2.90307e-23
2.89744e-23
2.89214e-23
2.88731e-23
2.88309e-23
2.8797e-23
2.87737e-23
2.87636e-23
2.87691e-23
2.87915e-23
2.88306e-23
2.88845e-23
2.89498e-23
2.90218e-23
2.90954e-23
2.91653e-23
2.9227e-23
2.92764e-23
2.93105e-23
2.93276e-23
2.93271e-23
2.93096e-23
2.92771e-23
2.92328e-23
2.91805e-23
2.91242e-23
2.90676e-23
2.90137e-23
2.89646e-23
2.89218e-23
2.88872e-23
2.88633e-23
2.88536e-23
2.88622e-23
2.88925e-23
2.89456e-23
2.90193e-23
2.91083e-23
2.92053e-23
2.93027e-23
2.93937e-23
2.94731e-23
2.95372e-23
2.95839e-23
2.96115e-23
2.96193e-23
2.96065e-23
2.95729e-23
2.95187e-23
2.94445e-23
2.93524e-23
2.92452e-23
2.91279e-23
2.90067e-23
2.88894e-23
2.8785e-23
2.8702e-23
2.8648e-23
2.86274e-23
2.86405e-23
2.86827e-23
2.87457e-23
2.88185e-23
2.88908e-23
2.89542e-23
2.90043e-23
2.90401e-23
2.90645e-23
2.90824e-23
2.90997e-23
2.91216e-23
2.9151e-23
2.91887e-23
2.9233e-23
2.92807e-23
2.93283e-23
2.9373e-23
2.94124e-23
2.94455e-23
2.9472e-23
2.94921e-23
2.95063e-23
2.95154e-23
2.95202e-23
2.95215e-23
2.95198e-23
2.95158e-23
2.95096e-23
2.95015e-23
2.94908e-23
2.94767e-23
2.94575e-23
2.94305e-23
2.9392e-23
2.93373e-23
2.92603e-23
2.91542e-23
2.90114e-23
2.88248e-23
2.85907e-23
2.83136e-23
2.80155e-23
2.77423e-23
2.75602e-23
2.75301e-23
2.76713e-23
2.79465e-23
2.82845e-23
2.8617e-23
2.89009e-23
2.91197e-23
2.92745e-23
2.93741e-23
2.94295e-23
2.94512e-23
2.94476e-23
2.94259e-23
2.93918e-23
2.93503e-23
2.93053e-23
2.92597e-23
2.92161e-23
2.91763e-23
2.91423e-23
2.91169e-23
2.91033e-23
2.91047e-23
2.91223e-23
2.91543e-23
2.91947e-23
2.92348e-23
2.92647e-23
2.92754e-23
2.92611e-23
2.92197e-23
2.91544e-23
2.90739e-23
2.89917e-23
2.89233e-23
2.88816e-23
2.88724e-23
2.8892e-23
2.89291e-23
2.897e-23
2.90025e-23
2.90194e-23
2.90179e-23
2.89998e-23
2.89692e-23
2.89321e-23
2.88944e-23
2.88612e-23
2.88361e-23
2.88207e-23
2.88151e-23
2.88185e-23
2.88303e-23
2.88507e-23
2.88812e-23
2.89234e-23
2.89779e-23
2.90425e-23
2.91118e-23
2.91776e-23
2.92306e-23
2.92611e-23
2.92607e-23
2.92224e-23
2.91428e-23
2.90242e-23
2.88801e-23
2.8738e-23
2.86356e-23
2.86058e-23
2.86578e-23
2.87718e-23
2.89116e-23
2.90441e-23
2.9149e-23
2.92192e-23
2.92551e-23
2.92593e-23
2.92339e-23
2.91787e-23
2.90919e-23
2.89717e-23
2.88199e-23
2.86478e-23
2.84797e-23
2.83513e-23
2.82966e-23
2.8329e-23
2.84326e-23
2.85722e-23
2.87123e-23
2.883e-23
2.89173e-23
2.89763e-23
2.90145e-23
2.904e-23
2.90597e-23
2.90775e-23
2.90948e-23
2.91106e-23
2.9123e-23
2.91299e-23
2.91294e-23
2.91205e-23
2.91024e-23
2.9075e-23
2.90381e-23
2.8992e-23
2.89371e-23
2.88748e-23
2.8807e-23
2.8737e-23
2.86688e-23
2.86072e-23
2.85567e-23
2.85213e-23
2.85034e-23
2.85031e-23
2.85186e-23
2.85456e-23
2.85791e-23
2.86132e-23
2.86426e-23
2.86633e-23
2.86724e-23
2.86685e-23
2.86513e-23
2.86212e-23
2.85793e-23
2.85272e-23
2.84676e-23
2.84041e-23
2.83414e-23
2.82852e-23
2.82421e-23
2.82179e-23
2.82173e-23
2.82419e-23
2.82892e-23
2.83527e-23
2.84234e-23
2.8492e-23
2.85511e-23
2.85962e-23
2.86261e-23
2.86425e-23
2.86489e-23
2.86507e-23
2.86536e-23
2.86626e-23
2.86813e-23
2.87107e-23
2.87487e-23
2.87911e-23
2.88323e-23
2.8867e-23
2.88908e-23
2.89006e-23
2.88951e-23
2.88748e-23
2.88416e-23
2.87989e-23
2.87511e-23
2.87034e-23
2.86605e-23
2.86262e-23
2.86027e-23
2.85901e-23
2.85872e-23
2.85914e-23
2.86001e-23
2.86104e-23
2.86198e-23
2.86263e-23
2.86285e-23
2.86258e-23
2.86188e-23
2.8609e-23
2.85986e-23
2.85906e-23
2.85882e-23
2.85937e-23
2.86089e-23
2.86341e-23
2.8668e-23
2.87085e-23
2.87523e-23
2.87959e-23
2.88359e-23
2.88689e-23
2.8892e-23
2.89026e-23
2.88988e-23
2.88792e-23
2.8844e-23
2.87951e-23
2.87375e-23
2.86787e-23
2.86282e-23
2.85948e-23
2.85836e-23
2.85936e-23
2.86185e-23
2.86489e-23
2.8676e-23
2.86939e-23
2.87006e-23
2.86977e-23
2.86893e-23
2.86805e-23
2.86769e-23
2.86828e-23
2.8701e-23
2.87321e-23
2.87746e-23
2.88254e-23
2.88807e-23
2.89362e-23
2.89881e-23
2.90336e-23
2.90704e-23
2.9097e-23
2.91127e-23
2.91172e-23
2.91111e-23
2.90952e-23
2.90713e-23
2.90418e-23
2.90099e-23
2.89792e-23
2.89529e-23
2.89338e-23
2.8923e-23
2.892e-23
2.8923e-23
2.8929e-23
2.89354e-23
2.89399e-23
2.89416e-23
2.8941e-23
2.89395e-23
2.89394e-23
2.89422e-23
2.89482e-23
2.89546e-23
2.89561e-23
2.89444e-23
2.89101e-23
2.88452e-23
2.87479e-23
2.86284e-23
2.85134e-23
2.84423e-23
2.84504e-23
2.8547e-23
2.87088e-23
2.88942e-23
2.9065e-23
2.91978e-23
2.92834e-23
2.93215e-23
2.9315e-23
2.92677e-23
2.91835e-23
2.90666e-23
2.8923e-23
2.87615e-23
2.85942e-23
2.84359e-23
2.83024e-23
2.82062e-23
2.81537e-23
2.81422e-23
2.81622e-23
2.82021e-23
2.82532e-23
2.83131e-23
2.83839e-23
2.84683e-23
2.85666e-23
2.86752e-23
2.87875e-23
2.88965e-23
2.89954e-23
2.90791e-23
2.91442e-23
2.91893e-23
2.92145e-23
2.92211e-23
2.92108e-23
2.91861e-23
2.9149e-23
2.91018e-23
2.90464e-23
2.89844e-23
2.89175e-23
2.88476e-23
2.87766e-23
2.87064e-23
2.86394e-23
2.85772e-23
2.85214e-23
2.84726e-23
2.84309e-23
2.8396e-23
2.83679e-23
2.83464e-23
2.83318e-23
2.83241e-23
2.83235e-23
2.83292e-23
2.83401e-23
2.83546e-23
2.8371e-23
2.83879e-23
2.84047e-23
2.84214e-23
2.8439e-23
2.84582e-23
2.84801e-23
2.85046e-23
2.85312e-23
2.85586e-23
2.85854e-23
2.861e-23
2.86314e-23
2.86489e-23
2.86623e-23
2.86717e-23
2.86774e-23
2.868e-23
2.86801e-23
2.8678e-23
2.86741e-23
2.86688e-23
2.86621e-23
2.86541e-23
2.86447e-23
2.86337e-23
2.86209e-23
2.86058e-23
2.85881e-23
2.85675e-23
2.85436e-23
2.85162e-23
2.84852e-23
2.84506e-23
2.84122e-23
2.83702e-23
2.83244e-23
2.82742e-23
2.82191e-23
2.81583e-23
2.80918e-23
2.80215e-23
2.79527e-23
2.78944e-23
2.78582e-23
2.78545e-23
2.7888e-23
2.79547e-23
2.80434e-23
2.81403e-23
2.82329e-23
2.83134e-23
2.83779e-23
2.84258e-23
2.84585e-23
2.84779e-23
2.84861e-23
2.84849e-23
2.84757e-23
2.84596e-23
2.84371e-23
2.84087e-23
2.83745e-23
2.83344e-23
2.82883e-23
2.8236e-23
2.81776e-23
2.81135e-23
2.80453e-23
2.79754e-23
2.79075e-23
2.78465e-23
2.77976e-23
2.77653e-23
2.77524e-23
2.77589e-23
2.77824e-23
2.78186e-23
2.78627e-23
2.79101e-23
2.79572e-23
2.80013e-23
2.80407e-23
2.80743e-23
2.81012e-23
2.81208e-23
2.81324e-23
2.81352e-23
2.81283e-23
2.8111e-23
2.80826e-23
2.80426e-23
2.79911e-23
2.79288e-23
2.78571e-23
2.77781e-23
2.76943e-23
2.76085e-23
2.75234e-23
2.74422e-23
2.73684e-23
2.73068e-23
2.7263e-23
2.72425e-23
2.72491e-23
2.72821e-23
2.73358e-23
2.73997e-23
2.74619e-23
2.7512e-23
2.75429e-23
2.75517e-23
2.75388e-23
2.75073e-23
2.7462e-23
2.74084e-23
2.73525e-23
2.72998e-23
2.72546e-23
2.72201e-23
2.71983e-23
2.71905e-23
2.71983e-23
2.72232e-23
2.72661e-23
2.73258e-23
2.73985e-23
2.74779e-23
2.75568e-23
2.76282e-23
2.76866e-23
2.77285e-23
2.77517e-23
2.77553e-23
2.77396e-23
2.77058e-23
2.76568e-23
2.75978e-23
2.75362e-23
2.74816e-23
2.74441e-23
2.74307e-23
2.74441e-23
2.74806e-23
2.75328e-23
2.75915e-23
2.76486e-23
2.76987e-23
2.77389e-23
2.77686e-23
2.77883e-23
2.77994e-23
2.78034e-23
2.78019e-23
2.77962e-23
2.77877e-23
2.77775e-23
2.77667e-23
2.77562e-23
2.77468e-23
2.77393e-23
2.77342e-23
2.77318e-23
2.77323e-23
2.77354e-23
2.77405e-23
2.77467e-23
2.77528e-23
2.77574e-23
2.77592e-23
2.77569e-23
2.77497e-23
2.77375e-23
2.77207e-23
2.77014e-23
2.76822e-23
2.76672e-23
2.76603e-23
2.76654e-23
2.76846e-23
2.77183e-23
2.77647e-23
2.78205e-23
2.78816e-23
2.79442e-23
2.8005e-23
2.80619e-23
2.81134e-23
2.81592e-23
2.81992e-23
2.82337e-23
2.82632e-23
2.8288e-23
2.83086e-23
2.83253e-23
2.83383e-23
2.83478e-23
2.83542e-23
2.83578e-23
2.8359e-23
2.83583e-23
2.83564e-23
2.83538e-23
2.83514e-23
2.83497e-23
2.83492e-23
2.83502e-23
2.83528e-23
2.83569e-23
2.83621e-23
2.83676e-23
2.83726e-23
2.83761e-23
2.8377e-23
2.83743e-23
2.83668e-23
2.83539e-23
2.83352e-23
2.83108e-23
2.82816e-23
2.82493e-23
2.82163e-23
2.81859e-23
2.81614e-23
2.81461e-23
2.81424e-23
2.81516e-23
2.81734e-23
2.82066e-23
2.82487e-23
2.82973e-23
2.83497e-23
2.84041e-23
2.84587e-23
2.85128e-23
2.85655e-23
2.86167e-23
2.86661e-23
2.87131e-23
2.87573e-23
2.87978e-23
2.88331e-23
2.88619e-23
2.88823e-23
2.88921e-23
2.88893e-23
2.88712e-23
2.88356e-23
2.87798e-23
2.87015e-23
2.85992e-23
2.84743e-23
2.83328e-23
2.8189e-23
2.80651e-23
2.79861e-23
2.79699e-23
2.80172e-23
2.81123e-23
2.82315e-23
2.83541e-23
2.84671e-23
2.85649e-23
2.86461e-23
2.87104e-23
2.87577e-23
2.87878e-23
2.88003e-23
2.87957e-23
2.87753e-23
2.87421e-23
2.87008e-23
2.86578e-23
2.862e-23
2.85941e-23
2.85844e-23
2.85922e-23
2.86159e-23
2.86511e-23
2.86927e-23
2.87356e-23
2.87752e-23
2.88085e-23
2.88331e-23
2.88481e-23
2.88534e-23
2.88501e-23
2.88398e-23
2.88248e-23
2.88075e-23
2.87907e-23
2.87764e-23
2.87662e-23
2.87609e-23
2.87604e-23
2.87642e-23
2.87711e-23
2.87798e-23
2.87891e-23
2.87977e-23
2.88043e-23
2.88078e-23
