2.71246e-23
2.71246e-23
2.71245e-23
2.71245e-23
2.71245e-23
2.71245e-23
2.71245e-23
2.71245e-23
2.71245e-23
2.71245e-23
2.71245e-23
2.71244e-23
2.71244e-23
2.71244e-23
2.71243e-23
2.71241e-23
2.71238e-23
2.71234e-23
2.71231e-23
2.71227e-23
2.71224e-23
2.71221e-23
2.71215e-23
2.71211e-23
2.71205e-23
2.71202e-23
2.712e-23
2.71197e-23
2.71193e-23
2.71189e-23
2.71184e-23
2.71181e-23
2.71178e-23
2.71174e-23
2.71171e-23
2.71166e-23
2.71163e-23
2.71159e-23
2.71156e-23
2.71155e-23
2.71154e-23
2.71151e-23
2.71148e-23
2.71146e-23
2.71145e-23
2.71144e-23
2.71141e-23
2.71139e-23
2.71136e-23
2.71134e-23
2.71134e-23
2.71132e-23
2.71131e-23
2.71128e-23
2.71128e-23
2.71126e-23
2.71124e-23
2.71122e-23
2.71121e-23
2.71119e-23
2.71118e-23
2.71119e-23
2.71118e-23
2.71117e-23
2.71114e-23
2.71112e-23
2.71111e-23
2.71109e-23
2.71107e-23
2.71106e-23
2.71105e-23
2.71104e-23
2.71103e-23
2.71101e-23
2.711e-23
2.71097e-23
2.71097e-23
2.71094e-23
2.71092e-23
2.71091e-23
2.7109e-23
2.71089e-23
2.71088e-23
2.71086e-23
2.71084e-23
2.71083e-23
2.71082e-23
2.71081e-23
2.71081e-23
2.71078e-23
2.71077e-23
2.71074e-23
2.71071e-23
2.71071e-23
2.71068e-23
2.71066e-23
2.71065e-23
2.71065e-23
2.71065e-23
2.71064e-23
2.71064e-23
2.71064e-23
2.71064e-23
2.71065e-23
2.71066e-23
2.71068e-23
2.71072e-23
2.71074e-23
2.71077e-23
2.71083e-23
2.71087e-23
2.71091e-23
2.71095e-23
2.71101e-23
2.71107e-23
2.71114e-23
2.71124e-23
2.71138e-23
2.71154e-23
2.71171e-23
2.71184e-23
2.71188e-23
2.71182e-23
2.7116e-23
2.71125e-23
2.71081e-23
2.71037e-23
2.71e-23
2.70977e-23
2.70969e-23
2.70975e-23
2.70994e-23
2.71019e-23
2.71042e-23
2.71058e-23
2.71069e-23
2.7108e-23
2.71091e-23
2.7111e-23
2.71133e-23
2.71157e-23
2.71175e-23
2.71182e-23
2.71177e-23
2.7116e-23
2.71136e-23
2.71107e-23
2.71076e-23
2.71047e-23
2.71021e-23
2.71001e-23
2.70986e-23
2.70978e-23
2.70974e-23
2.70976e-23
2.70981e-23
2.70992e-23
2.71007e-23
2.71024e-23
2.71045e-23
2.71066e-23
2.71086e-23
2.71106e-23
2.71123e-23
2.71139e-23
2.71151e-23
2.71158e-23
2.71163e-23
2.71164e-23
2.7116e-23
2.71155e-23
2.71149e-23
2.7114e-23
2.71128e-23
2.71112e-23
2.7109e-23
2.71067e-23
2.71046e-23
2.71033e-23
2.71027e-23
2.7103e-23
2.71042e-23
2.71057e-23
2.71073e-23
2.7109e-23
2.71104e-23
2.71115e-23
2.71122e-23
2.71124e-23
2.71123e-23
2.71119e-23
2.71111e-23
2.71101e-23
2.71089e-23
2.71078e-23
2.71068e-23
2.7106e-23
2.71055e-23
2.71053e-23
2.71055e-23
2.71059e-23
2.71062e-23
2.71068e-23
2.71075e-23
2.71082e-23
2.71089e-23
2.71096e-23
2.71103e-23
2.71108e-23
2.71115e-23
2.71122e-23
2.7113e-23
2.7114e-23
2.7115e-23
2.71158e-23
2.71162e-23
2.71161e-23
2.71152e-23
2.71135e-23
2.71114e-23
2.71092e-23
2.71073e-23
2.71058e-23
2.71054e-23
2.71058e-23
2.7107e-23
2.71088e-23
2.71107e-23
2.71122e-23
2.71128e-23
2.71121e-23
2.71098e-23
2.71066e-23
2.71035e-23
2.71015e-23
2.7101e-23
2.71019e-23
2.71037e-23
2.71063e-23
2.71089e-23
2.71111e-23
2.71128e-23
2.71136e-23
2.71131e-23
2.71115e-23
2.71093e-23
2.71069e-23
2.71053e-23
2.71049e-23
2.71056e-23
2.71075e-23
2.711e-23
2.71123e-23
2.7114e-23
2.71146e-23
2.71143e-23
2.71129e-23
2.7111e-23
2.71091e-23
2.71075e-23
2.71062e-23
2.71054e-23
2.7105e-23
2.71049e-23
2.71051e-23
2.71056e-23
2.71064e-23
2.7107e-23
2.71077e-23
2.71083e-23
2.71086e-23
2.71089e-23
2.7109e-23
2.71091e-23
2.71091e-23
2.71095e-23
2.71101e-23
2.71108e-23
2.7112e-23
2.71133e-23
2.71147e-23
2.71158e-23
2.71166e-23
2.71166e-23
2.71158e-23
2.71141e-23
2.71119e-23
2.71093e-23
2.71067e-23
2.71048e-23
2.71037e-23
2.71031e-23
2.71031e-23
2.71036e-23
2.71043e-23
2.7105e-23
2.71058e-23
2.71064e-23
2.71068e-23
2.71072e-23
2.71075e-23
2.71077e-23
2.71077e-23
2.71078e-23
2.71078e-23
2.71079e-23
2.7108e-23
2.71081e-23
2.71086e-23
2.71092e-23
2.71099e-23
2.71111e-23
2.71125e-23
2.71141e-23
2.71159e-23
2.71174e-23
2.71184e-23
2.71183e-23
2.71172e-23
2.71148e-23
2.71119e-23
2.71088e-23
2.71058e-23
2.71028e-23
2.71008e-23
2.70996e-23
2.70997e-23
2.71012e-23
2.71037e-23
2.7107e-23
2.7111e-23
2.71149e-23
2.71188e-23
2.71224e-23
2.71252e-23
2.71272e-23
2.71281e-23
2.71273e-23
2.71252e-23
2.71213e-23
2.71162e-23
2.71102e-23
2.71045e-23
2.70997e-23
2.70965e-23
2.70952e-23
2.70954e-23
2.70966e-23
2.70985e-23
2.71003e-23
2.71024e-23
2.71045e-23
2.71064e-23
2.71081e-23
2.71095e-23
2.71108e-23
2.71117e-23
2.71125e-23
2.71131e-23
2.71133e-23
2.71135e-23
2.71132e-23
2.71127e-23
2.7112e-23
2.71113e-23
2.71106e-23
2.71098e-23
2.71092e-23
2.71088e-23
2.71086e-23
2.71085e-23
2.71083e-23
2.71085e-23
2.71085e-23
2.71089e-23
2.71088e-23
2.71089e-23
2.71088e-23
2.71089e-23
2.71089e-23
2.71089e-23
2.71089e-23
2.71091e-23
2.71093e-23
2.71097e-23
2.71102e-23
2.71109e-23
2.71118e-23
2.7113e-23
2.71148e-23
2.71172e-23
2.71206e-23
2.71243e-23
2.71283e-23
2.71313e-23
2.71314e-23
2.71269e-23
2.71179e-23
2.71069e-23
2.70982e-23
2.70941e-23
2.70946e-23
2.7098e-23
2.71023e-23
2.71064e-23
2.711e-23
2.71132e-23
2.71154e-23
2.71167e-23
2.71169e-23
2.71158e-23
2.71133e-23
2.711e-23
2.71068e-23
2.71042e-23
2.71026e-23
2.71022e-23
2.71028e-23
2.7104e-23
2.71056e-23
2.71073e-23
2.71089e-23
2.71103e-23
2.71117e-23
2.71132e-23
2.71147e-23
2.71166e-23
2.71188e-23
2.71213e-23
2.7124e-23
2.71264e-23
2.71277e-23
2.71265e-23
2.7122e-23
2.71143e-23
2.71052e-23
2.70976e-23
2.7093e-23
2.70923e-23
2.70943e-23
2.70979e-23
2.71021e-23
2.71059e-23
2.71091e-23
2.71118e-23
2.71142e-23
2.71158e-23
2.71168e-23
2.71169e-23
2.71162e-23
2.71146e-23
2.71122e-23
2.71097e-23
2.71075e-23
2.7106e-23
2.71053e-23
2.71053e-23
2.7106e-23
2.71069e-23
2.71078e-23
2.71087e-23
2.71097e-23
2.71108e-23
2.71117e-23
2.71128e-23
2.71138e-23
2.7115e-23
2.71165e-23
2.7118e-23
2.71194e-23
2.71204e-23
2.71211e-23
2.71211e-23
2.71199e-23
2.71181e-23
2.71156e-23
2.71129e-23
2.71108e-23
2.71096e-23
2.71095e-23
2.71102e-23
2.71111e-23
2.71119e-23
2.71124e-23
2.71124e-23
2.71121e-23
2.71114e-23
2.71103e-23
2.71097e-23
2.7109e-23
2.71082e-23
2.71074e-23
2.71062e-23
2.71049e-23
2.71035e-23
2.71025e-23
2.71022e-23
2.71024e-23
2.71035e-23
2.7105e-23
2.71067e-23
2.71087e-23
2.71106e-23
2.71122e-23
2.71136e-23
2.71149e-23
2.71159e-23
2.71165e-23
2.71165e-23
2.71159e-23
2.71147e-23
2.71131e-23
2.71114e-23
2.711e-23
2.71087e-23
2.71079e-23
2.71076e-23
2.71077e-23
2.71082e-23
2.71087e-23
2.71093e-23
2.71098e-23
2.71104e-23
2.71109e-23
2.71112e-23
2.71114e-23
2.71115e-23
2.71114e-23
2.71115e-23
2.71115e-23
2.71115e-23
2.71116e-23
2.71117e-23
2.71116e-23
2.71114e-23
2.71111e-23
2.71108e-23
2.71103e-23
2.71097e-23
2.7109e-23
2.71084e-23
2.7108e-23
2.71079e-23
2.71078e-23
2.71081e-23
2.71084e-23
2.71088e-23
2.71089e-23
2.71089e-23
2.71086e-23
2.71085e-23
2.71084e-23
2.71087e-23
2.71092e-23
2.711e-23
2.71111e-23
2.71121e-23
2.71132e-23
2.7114e-23
2.71145e-23
2.71144e-23
2.71137e-23
2.71125e-23
2.71111e-23
2.71097e-23
2.71086e-23
2.71079e-23
2.71075e-23
2.71074e-23
2.71068e-23
2.71062e-23
2.71056e-23
2.7105e-23
2.71043e-23
2.71038e-23
2.71037e-23
2.7104e-23
2.71046e-23
2.71053e-23
2.71061e-23
2.71069e-23
2.71076e-23
2.7108e-23
2.71082e-23
2.71083e-23
2.71083e-23
2.71085e-23
2.71085e-23
2.71088e-23
2.71092e-23
2.71097e-23
2.71104e-23
2.71113e-23
2.71123e-23
2.71139e-23
2.71161e-23
2.7119e-23
2.71226e-23
2.71264e-23
2.71285e-23
2.71262e-23
2.71181e-23
2.71056e-23
2.70939e-23
2.70876e-23
2.70873e-23
2.70913e-23
2.70969e-23
2.71025e-23
2.7107e-23
2.71108e-23
2.71131e-23
2.71144e-23
2.71145e-23
2.71137e-23
2.71126e-23
2.71116e-23
2.71111e-23
2.71111e-23
2.71112e-23
2.71112e-23
2.71101e-23
2.71081e-23
2.71054e-23
2.71028e-23
2.71008e-23
2.71e-23
2.70999e-23
2.71006e-23
2.71016e-23
2.71027e-23
2.71038e-23
2.71047e-23
2.71055e-23
2.71061e-23
2.71066e-23
2.71071e-23
2.71073e-23
2.71074e-23
2.71076e-23
2.71077e-23
2.71079e-23
2.71081e-23
2.71082e-23
2.71084e-23
2.71087e-23
2.7109e-23
2.71093e-23
2.71095e-23
2.71097e-23
2.711e-23
2.71101e-23
2.71102e-23
2.71104e-23
2.71104e-23
2.71106e-23
2.71107e-23
2.71111e-23
2.71117e-23
2.71127e-23
2.71139e-23
2.71153e-23
2.7117e-23
2.71191e-23
2.71212e-23
2.71226e-23
2.71225e-23
2.71196e-23
2.71133e-23
2.71048e-23
2.7096e-23
2.70897e-23
2.70873e-23
2.70883e-23
2.70914e-23
2.70954e-23
2.70993e-23
2.71027e-23
2.71057e-23
2.71082e-23
2.71102e-23
2.71117e-23
2.71132e-23
2.71142e-23
2.71151e-23
2.71158e-23
2.71165e-23
2.71167e-23
2.71164e-23
2.71155e-23
2.71144e-23
2.71132e-23
2.71121e-23
2.71117e-23
2.71118e-23
2.71126e-23
2.7113e-23
2.71124e-23
2.71099e-23
2.71061e-23
2.71016e-23
2.70976e-23
2.70955e-23
2.70954e-23
2.70968e-23
2.70991e-23
2.71016e-23
2.71039e-23
2.71059e-23
2.71077e-23
2.71093e-23
2.71108e-23
2.71122e-23
2.71134e-23
2.71148e-23
2.71163e-23
2.71176e-23
2.71191e-23
2.71204e-23
2.71211e-23
2.71212e-23
2.71201e-23
2.71179e-23
2.71148e-23
2.71112e-23
2.71077e-23
2.71048e-23
2.7103e-23
2.71019e-23
2.71015e-23
2.71015e-23
2.7102e-23
2.71026e-23
2.71036e-23
2.71054e-23
2.71074e-23
2.71102e-23
2.71139e-23
2.7118e-23
2.71214e-23
2.7123e-23
2.7121e-23
2.71149e-23
2.71066e-23
2.70986e-23
2.7094e-23
2.70933e-23
2.70955e-23
2.70985e-23
2.71017e-23
2.71044e-23
2.71063e-23
2.71077e-23
2.71084e-23
2.7109e-23
2.71094e-23
2.71094e-23
2.71096e-23
2.71098e-23
2.711e-23
2.711e-23
2.71099e-23
2.71098e-23
2.71094e-23
2.7109e-23
2.71086e-23
2.71082e-23
2.71079e-23
2.71077e-23
2.71081e-23
2.71091e-23
2.71111e-23
2.71144e-23
2.71191e-23
2.71247e-23
2.71295e-23
2.71302e-23
2.7124e-23
2.71109e-23
2.70965e-23
2.70878e-23
2.70868e-23
2.70913e-23
2.7098e-23
2.71047e-23
2.71108e-23
2.71163e-23
2.71221e-23
2.71288e-23
2.71363e-23
2.71425e-23
2.71425e-23
2.71315e-23
2.71111e-23
2.70908e-23
2.70803e-23
2.70806e-23
2.70864e-23
2.7093e-23
2.70983e-23
2.71018e-23
2.71038e-23
2.71047e-23
2.7105e-23
2.7105e-23
2.7105e-23
2.71049e-23
2.71049e-23
2.71053e-23
2.71061e-23
2.71074e-23
2.71091e-23
2.71112e-23
2.71135e-23
2.71159e-23
2.71182e-23
2.71201e-23
2.71212e-23
2.71209e-23
2.71193e-23
2.71163e-23
2.71126e-23
2.71089e-23
2.71057e-23
2.71037e-23
2.71029e-23
2.71034e-23
2.71053e-23
2.71085e-23
2.71128e-23
2.7118e-23
2.71234e-23
2.71275e-23
2.71282e-23
2.71236e-23
2.71139e-23
2.71031e-23
2.70954e-23
2.7093e-23
2.70949e-23
2.70987e-23
2.71027e-23
2.7106e-23
2.71083e-23
2.71098e-23
2.71105e-23
2.71109e-23
2.71112e-23
2.71116e-23
2.71123e-23
2.71135e-23
2.71146e-23
2.71156e-23
2.71163e-23
2.71161e-23
2.71151e-23
2.71139e-23
2.71126e-23
2.71119e-23
2.7112e-23
2.71126e-23
2.71134e-23
2.71136e-23
2.71128e-23
2.71112e-23
2.71091e-23
2.71071e-23
2.71059e-23
2.71061e-23
2.71072e-23
2.71091e-23
2.7111e-23
2.71127e-23
2.71138e-23
2.71145e-23
2.71142e-23
2.71137e-23
2.71125e-23
2.71113e-23
2.71105e-23
2.71101e-23
2.71104e-23
2.71113e-23
2.71128e-23
2.71145e-23
2.71164e-23
2.71178e-23
2.71187e-23
2.71185e-23
2.7117e-23
2.71147e-23
2.71119e-23
2.71086e-23
2.71059e-23
2.71042e-23
2.71041e-23
2.71052e-23
2.71072e-23
2.71098e-23
2.71124e-23
2.71141e-23
2.71152e-23
2.71155e-23
2.7115e-23
2.7114e-23
2.71124e-23
2.71106e-23
2.71087e-23
2.71074e-23
2.71062e-23
2.71056e-23
2.71058e-23
2.71063e-23
2.71072e-23
2.71079e-23
2.71087e-23
2.71091e-23
2.71095e-23
2.71097e-23
2.71097e-23
2.71098e-23
2.71097e-23
2.71095e-23
2.71095e-23
2.71096e-23
2.71097e-23
2.71098e-23
2.71097e-23
2.71099e-23
2.711e-23
2.711e-23
2.71102e-23
2.71103e-23
2.71103e-23
2.71105e-23
2.71107e-23
2.71109e-23
2.71113e-23
2.71115e-23
2.71119e-23
2.71125e-23
2.71128e-23
2.71132e-23
2.71133e-23
2.7113e-23
2.71126e-23
2.71118e-23
2.71108e-23
2.71096e-23
2.71087e-23
2.71079e-23
2.71076e-23
2.71076e-23
2.71079e-23
2.71081e-23
2.71085e-23
2.71089e-23
2.71091e-23
2.7109e-23
2.71087e-23
2.71084e-23
2.71078e-23
2.71076e-23
2.71071e-23
2.7107e-23
2.71069e-23
2.71071e-23
2.71072e-23
2.71076e-23
2.71082e-23
2.7109e-23
2.71099e-23
2.71106e-23
2.71116e-23
2.71126e-23
2.71133e-23
2.7114e-23
2.71144e-23
2.71148e-23
2.71148e-23
2.71141e-23
2.71125e-23
2.711e-23
2.71069e-23
2.71037e-23
2.71012e-23
2.71e-23
2.70998e-23
2.71011e-23
2.71035e-23
2.7107e-23
2.71117e-23
2.71173e-23
2.71237e-23
2.71302e-23
2.7135e-23
2.71353e-23
2.71296e-23
2.71192e-23
2.71086e-23
2.36846e-23
2.36818e-23
2.36816e-23
2.36821e-23
2.36826e-23
2.36829e-23
2.36832e-23
2.36838e-23
2.36849e-23
2.36863e-23
2.36879e-23
2.36893e-23
2.36905e-23
2.36916e-23
2.36927e-23
2.36933e-23
2.3694e-23
2.36946e-23
2.3695e-23
2.36956e-23
2.36963e-23
2.36972e-23
2.36979e-23
2.36986e-23
2.36992e-23
2.36996e-23
2.36994e-23
2.36987e-23
2.36973e-23
2.36954e-23
2.36934e-23
2.36913e-23
2.36895e-23
2.36886e-23
2.36882e-23
2.36884e-23
2.36889e-23
2.36896e-23
2.36903e-23
2.3691e-23
2.36916e-23
2.36922e-23
2.36927e-23
2.3693e-23
2.36934e-23
2.36937e-23
2.36939e-23
2.36939e-23
2.36941e-23
2.36938e-23
2.36936e-23
2.36932e-23
2.36928e-23
2.36923e-23
2.36921e-23
2.36917e-23
2.36918e-23
2.36919e-23
2.36922e-23
2.36926e-23
2.36931e-23
2.36935e-23
2.36938e-23
2.3694e-23
2.3694e-23
2.36936e-23
2.3693e-23
2.36923e-23
2.36916e-23
2.36908e-23
2.36901e-23
2.36898e-23
2.36895e-23
2.36895e-23
2.36896e-23
2.36898e-23
2.369e-23
2.36905e-23
2.36909e-23
2.36914e-23
2.36917e-23
2.36921e-23
2.36924e-23
2.36926e-23
2.36926e-23
2.36923e-23
2.36919e-23
2.36912e-23
2.36905e-23
2.36897e-23
2.36886e-23
2.36877e-23
2.36868e-23
2.36861e-23
2.36858e-23
2.36862e-23
2.36865e-23
2.36873e-23
2.36881e-23
2.36889e-23
2.36896e-23
2.369e-23
2.36898e-23
2.36896e-23
2.36889e-23
2.36881e-23
2.36874e-23
2.36867e-23
2.36864e-23
2.36865e-23
2.3687e-23
2.36877e-23
2.36885e-23
2.36894e-23
2.36903e-23
2.36913e-23
2.36924e-23
2.36934e-23
2.36944e-23
2.36952e-23
2.3696e-23
2.36968e-23
2.36975e-23
2.3698e-23
2.36983e-23
2.36986e-23
2.36987e-23
2.36985e-23
2.36978e-23
2.36966e-23
2.36949e-23
2.3693e-23
2.36913e-23
2.36902e-23
2.36903e-23
2.36911e-23
2.36921e-23
2.36923e-23
2.36906e-23
2.36867e-23
2.36817e-23
2.36771e-23
2.36741e-23
2.36731e-23
2.36733e-23
2.36744e-23
2.36757e-23
2.36775e-23
2.36796e-23
2.36818e-23
2.36839e-23
2.36861e-23
2.36882e-23
2.369e-23
2.36918e-23
2.36935e-23
2.3695e-23
2.36964e-23
2.36975e-23
2.36984e-23
2.3699e-23
2.36989e-23
2.36983e-23
2.36974e-23
2.36964e-23
2.36958e-23
2.36954e-23
2.36953e-23
2.36953e-23
2.3695e-23
2.36942e-23
2.3693e-23
2.36916e-23
2.36905e-23
2.36898e-23
2.36897e-23
2.36896e-23
2.369e-23
2.36901e-23
2.36898e-23
2.36892e-23
2.36885e-23
2.36877e-23
2.36874e-23
2.3687e-23
2.36869e-23
2.36871e-23
2.36873e-23
2.36876e-23
2.3688e-23
2.36883e-23
2.36888e-23
2.36892e-23
2.36897e-23
2.36904e-23
2.36912e-23
2.36919e-23
2.36926e-23
2.36932e-23
2.36935e-23
2.36939e-23
2.36939e-23
2.36936e-23
2.36932e-23
2.36928e-23
2.36923e-23
2.36916e-23
2.36908e-23
2.36899e-23
2.36892e-23
2.36888e-23
2.36885e-23
2.36888e-23
2.36894e-23
2.36906e-23
2.36921e-23
2.36936e-23
2.36949e-23
2.36959e-23
2.36967e-23
2.36968e-23
2.36962e-23
2.36949e-23
2.36935e-23
2.36923e-23
2.3692e-23
2.36926e-23
2.36935e-23
2.36944e-23
2.36951e-23
2.36954e-23
2.36955e-23
2.36954e-23
2.36949e-23
2.36942e-23
2.36932e-23
2.36921e-23
2.36914e-23
2.36908e-23
2.36908e-23
2.36905e-23
2.36902e-23
2.36895e-23
2.36884e-23
2.36873e-23
2.36863e-23
2.36856e-23
2.36853e-23
2.36855e-23
2.36863e-23
2.36877e-23
2.36889e-23
2.36903e-23
2.36915e-23
2.36927e-23
2.36937e-23
2.36944e-23
2.36948e-23
2.3695e-23
2.3695e-23
2.36948e-23
2.36944e-23
2.3694e-23
2.36934e-23
2.3693e-23
2.36923e-23
2.3692e-23
2.36916e-23
2.36912e-23
2.3691e-23
2.36909e-23
2.36912e-23
2.36918e-23
2.36927e-23
2.36942e-23
2.3696e-23
2.36983e-23
2.37009e-23
2.37033e-23
2.37054e-23
2.37061e-23
2.37045e-23
2.37012e-23
2.36962e-23
2.36909e-23
2.36868e-23
2.36842e-23
2.3683e-23
2.36829e-23
2.36834e-23
2.36845e-23
2.36856e-23
2.3687e-23
2.36883e-23
2.36895e-23
2.36905e-23
2.36914e-23
2.3692e-23
2.36925e-23
2.36931e-23
2.36933e-23
2.36935e-23
2.36936e-23
2.36938e-23
2.36942e-23
2.36947e-23
2.36953e-23
2.36964e-23
2.36977e-23
2.36991e-23
2.37005e-23
2.37013e-23
2.37014e-23
2.37005e-23
2.36987e-23
2.36964e-23
2.36941e-23
2.36924e-23
2.36915e-23
2.36913e-23
2.36917e-23
2.36919e-23
2.36922e-23
2.36921e-23
2.36919e-23
2.36914e-23
2.36909e-23
2.36903e-23
2.36898e-23
2.36895e-23
2.36892e-23
2.3689e-23
2.3689e-23
2.36892e-23
2.36894e-23
2.36899e-23
2.36904e-23
2.36908e-23
2.36912e-23
2.36917e-23
2.36921e-23
2.36925e-23
2.36929e-23
2.36933e-23
2.36937e-23
2.36942e-23
2.36946e-23
2.36949e-23
2.36951e-23
2.36952e-23
2.36954e-23
2.36954e-23
2.36953e-23
2.36953e-23
2.36949e-23
2.36947e-23
2.36945e-23
2.36943e-23
2.36943e-23
2.36944e-23
2.36947e-23
2.36951e-23
2.3696e-23
2.3697e-23
2.36984e-23
2.36999e-23
2.37013e-23
2.37021e-23
2.37015e-23
2.36992e-23
2.36953e-23
2.36906e-23
2.36862e-23
2.36832e-23
2.3682e-23
2.36824e-23
2.36839e-23
2.36857e-23
2.36875e-23
2.36892e-23
2.36906e-23
2.36917e-23
2.36924e-23
2.3693e-23
2.36935e-23
2.36936e-23
2.36936e-23
2.36937e-23
2.36937e-23
2.36936e-23
2.36934e-23
2.36931e-23
2.3693e-23
2.36928e-23
2.36927e-23
2.36926e-23
2.36926e-23
2.36927e-23
2.36928e-23
2.36931e-23
2.36935e-23
2.36938e-23
2.36943e-23
2.36946e-23
2.3695e-23
2.36953e-23
2.36956e-23
2.36959e-23
2.3696e-23
2.36958e-23
2.36951e-23
2.36941e-23
2.36923e-23
2.36901e-23
2.36879e-23
2.36859e-23
2.36843e-23
2.36835e-23
2.36836e-23
2.36843e-23
2.36855e-23
2.36871e-23
2.36887e-23
2.36905e-23
2.36924e-23
2.36943e-23
2.36963e-23
2.36984e-23
2.37004e-23
2.37024e-23
2.37037e-23
2.3704e-23
2.37027e-23
2.36994e-23
2.36949e-23
2.36899e-23
2.36858e-23
2.36834e-23
2.36828e-23
2.36833e-23
2.36846e-23
2.36864e-23
2.36882e-23
2.36899e-23
2.36916e-23
2.36931e-23
2.36944e-23
2.36957e-23
2.36969e-23
2.36977e-23
2.36983e-23
2.36984e-23
2.3698e-23
2.36971e-23
2.36957e-23
2.3694e-23
2.3692e-23
2.36899e-23
2.36882e-23
2.36867e-23
2.36857e-23
2.36851e-23
2.36849e-23
2.36853e-23
2.36861e-23
2.36873e-23
2.36889e-23
2.3691e-23
2.36934e-23
2.36962e-23
2.36993e-23
2.37027e-23
2.3706e-23
2.37086e-23
2.37104e-23
2.37111e-23
2.37106e-23
2.37093e-23
2.37078e-23
2.37059e-23
2.37035e-23
2.37001e-23
2.36956e-23
2.36902e-23
2.36851e-23
2.36809e-23
2.36788e-23
2.36786e-23
2.36797e-23
2.36816e-23
2.36839e-23
2.36858e-23
2.36872e-23
2.36882e-23
2.3689e-23
2.36893e-23
2.36898e-23
2.36903e-23
2.36911e-23
2.3692e-23
2.3693e-23
2.36941e-23
2.36952e-23
2.36962e-23
2.36976e-23
2.36989e-23
2.37003e-23
2.37016e-23
2.37031e-23
2.37043e-23
2.37052e-23
2.37054e-23
2.37048e-23
2.3703e-23
2.37e-23
2.36963e-23
2.36925e-23
2.36894e-23
2.3687e-23
2.36856e-23
2.36849e-23
2.36849e-23
2.36854e-23
2.36863e-23
2.36874e-23
2.36885e-23
2.36899e-23
2.36914e-23
2.36929e-23
2.36942e-23
2.36959e-23
2.36975e-23
2.3699e-23
2.36999e-23
2.37001e-23
2.36995e-23
2.3698e-23
2.36959e-23
2.36938e-23
2.36921e-23
2.3691e-23
2.36909e-23
2.36914e-23
2.36919e-23
2.36923e-23
2.36922e-23
2.3692e-23
2.36918e-23
2.36916e-23
2.36919e-23
2.36926e-23
2.36938e-23
2.36951e-23
2.36968e-23
2.36986e-23
2.37004e-23
2.3702e-23
2.37037e-23
2.37049e-23
2.37051e-23
2.37043e-23
2.37023e-23
2.36995e-23
2.36963e-23
2.36934e-23
2.36913e-23
2.36899e-23
2.3689e-23
2.36881e-23
2.36869e-23
2.36854e-23
2.36841e-23
2.36827e-23
2.36821e-23
2.36819e-23
2.36826e-23
2.3684e-23
2.36858e-23
2.36878e-23
2.36898e-23
2.36918e-23
2.36938e-23
2.36956e-23
2.36973e-23
2.36985e-23
2.36996e-23
2.37004e-23
2.37011e-23
2.37012e-23
2.37015e-23
2.37015e-23
2.37013e-23
2.3701e-23
2.37003e-23
2.36992e-23
2.36977e-23
2.36961e-23
2.36947e-23
2.36936e-23
2.36936e-23
2.36943e-23
2.36958e-23
2.36978e-23
2.37001e-23
2.37019e-23
2.37032e-23
2.37035e-23
2.37029e-23
2.3701e-23
2.36985e-23
2.3696e-23
2.36937e-23
2.36924e-23
2.36924e-23
2.36932e-23
2.36942e-23
2.3695e-23
2.36951e-23
2.36942e-23
2.36925e-23
2.36906e-23
2.36888e-23
2.36878e-23
2.36878e-23
2.36887e-23
2.36901e-23
2.36916e-23
2.3693e-23
2.36943e-23
2.36952e-23
2.36959e-23
2.36963e-23
2.36966e-23
2.36967e-23
2.36966e-23
2.36965e-23
2.36962e-23
2.36956e-23
2.36953e-23
2.36949e-23
2.36944e-23
2.3694e-23
2.36937e-23
2.36934e-23
2.3693e-23
2.36929e-23
2.36927e-23
2.36927e-23
2.36929e-23
2.36932e-23
2.36935e-23
2.3694e-23
2.36947e-23
2.36953e-23
2.36959e-23
2.36964e-23
2.36969e-23
2.36974e-23
2.36976e-23
2.36975e-23
2.36974e-23
2.36969e-23
2.36959e-23
2.36946e-23
2.36929e-23
2.36909e-23
2.3689e-23
2.36873e-23
2.36862e-23
2.36857e-23
2.36857e-23
2.36861e-23
2.36869e-23
2.36879e-23
2.3689e-23
2.36903e-23
2.36918e-23
2.36933e-23
2.36947e-23
2.36961e-23
2.36974e-23
2.36986e-23
2.36994e-23
2.36997e-23
2.36995e-23
2.36984e-23
2.36973e-23
2.36964e-23
2.36966e-23
2.36976e-23
2.36988e-23
2.36989e-23
2.36966e-23
2.3692e-23
2.36868e-23
2.36831e-23
2.36825e-23
2.36848e-23
2.36886e-23
2.36927e-23
2.36962e-23
2.36986e-23
2.36995e-23
2.36985e-23
2.36959e-23
2.36925e-23
2.36887e-23
2.36851e-23
2.36825e-23
2.36813e-23
2.36812e-23
2.36821e-23
2.36836e-23
2.36852e-23
2.36869e-23
2.36882e-23
2.36897e-23
2.36908e-23
2.36919e-23
2.36927e-23
2.36934e-23
2.36942e-23
2.36946e-23
2.36952e-23
2.36958e-23
2.36966e-23
2.36975e-23
2.36986e-23
2.36999e-23
2.37014e-23
2.37033e-23
2.37051e-23
2.37066e-23
2.3707e-23
2.37056e-23
2.37021e-23
2.3697e-23
2.36914e-23
2.3687e-23
2.36845e-23
2.36843e-23
2.36855e-23
2.36874e-23
2.36893e-23
2.36911e-23
2.36923e-23
2.36932e-23
2.36936e-23
2.36939e-23
2.3694e-23
2.36938e-23
2.36935e-23
2.36931e-23
2.36926e-23
2.36922e-23
2.36917e-23
2.36914e-23
2.36913e-23
2.36914e-23
2.36915e-23
2.36918e-23
2.36921e-23
2.36923e-23
2.36924e-23
2.36925e-23
2.36925e-23
2.36923e-23
2.3692e-23
2.36918e-23
2.36916e-23
2.36915e-23
2.36916e-23
2.36917e-23
2.36918e-23
2.3692e-23
2.36922e-23
2.36925e-23
2.36927e-23
2.36931e-23
2.36934e-23
2.36937e-23
2.36942e-23
2.36948e-23
2.36956e-23
2.36967e-23
2.36979e-23
2.36994e-23
2.37008e-23
2.3702e-23
2.37024e-23
2.37016e-23
2.36998e-23
2.36968e-23
2.36933e-23
2.36898e-23
2.36869e-23
2.36853e-23
2.36844e-23
2.36848e-23
2.36857e-23
2.36874e-23
2.3689e-23
2.36907e-23
2.36921e-23
2.36931e-23
2.36935e-23
2.36933e-23
2.36925e-23
2.36915e-23
2.36905e-23
2.36901e-23
2.36899e-23
2.36899e-23
2.36902e-23
2.36908e-23
2.36912e-23
2.36913e-23
2.36914e-23
2.36911e-23
2.36907e-23
2.36905e-23
2.36903e-23
2.36903e-23
2.36909e-23
2.36919e-23
2.36932e-23
2.3695e-23
2.36965e-23
2.3697e-23
2.3696e-23
2.36927e-23
2.36877e-23
2.36824e-23
2.36785e-23
2.3677e-23
2.36779e-23
2.36803e-23
2.36835e-23
2.36868e-23
2.36901e-23
2.36931e-23
2.36958e-23
2.36984e-23
2.37008e-23
2.3703e-23
2.37047e-23
2.37054e-23
2.37049e-23
2.37029e-23
2.36998e-23
2.36958e-23
2.36922e-23
2.3689e-23
2.36861e-23
2.36838e-23
2.36822e-23
2.36815e-23
2.36818e-23
2.36824e-23
2.36831e-23
2.36839e-23
2.36843e-23
2.36848e-23
2.36857e-23
2.36868e-23
2.36881e-23
2.36893e-23
2.36903e-23
2.36913e-23
2.36917e-23
2.36921e-23
2.36922e-23
2.36923e-23
2.36927e-23
2.36932e-23
2.36938e-23
2.36945e-23
2.3695e-23
2.36954e-23
2.36959e-23
2.36965e-23
2.36974e-23
2.36987e-23
2.37001e-23
2.37014e-23
2.37022e-23
2.3702e-23
2.37005e-23
2.36979e-23
2.36945e-23
2.3691e-23
2.36875e-23
2.36843e-23
2.36822e-23
2.36811e-23
2.36808e-23
2.36815e-23
2.36827e-23
2.36844e-23
2.36864e-23
2.36887e-23
2.36912e-23
2.36937e-23
2.36959e-23
2.36974e-23
2.3698e-23
2.36978e-23
2.36968e-23
2.36955e-23
2.36944e-23
2.36936e-23
2.36936e-23
2.36942e-23
2.36951e-23
2.36959e-23
2.36966e-23
2.36971e-23
2.36971e-23
2.36969e-23
2.36964e-23
2.36957e-23
2.36949e-23
2.36941e-23
2.36934e-23
2.36929e-23
2.36924e-23
2.3692e-23
2.36917e-23
2.36915e-23
2.36914e-23
2.36917e-23
2.36918e-23
2.36921e-23
2.36924e-23
2.36929e-23
2.36934e-23
2.3694e-23
2.36945e-23
2.36949e-23
2.36952e-23
2.36954e-23
2.36955e-23
2.36955e-23
2.36955e-23
2.36952e-23
2.3695e-23
2.36947e-23
2.36944e-23
2.36943e-23
2.36941e-23
2.36941e-23
2.36941e-23
2.36942e-23
2.36945e-23
2.36951e-23
2.36957e-23
2.36963e-23
2.36969e-23
2.36974e-23
2.36975e-23
2.36972e-23
2.36962e-23
2.36947e-23
2.36928e-23
2.36909e-23
2.36895e-23
2.36886e-23
2.36884e-23
2.36889e-23
2.36898e-23
2.36909e-23
2.36918e-23
2.36925e-23
2.3693e-23
2.36931e-23
2.36931e-23
2.3693e-23
2.36927e-23
2.36927e-23
2.36926e-23
2.36927e-23
2.36933e-23
2.36938e-23
2.36942e-23
2.36948e-23
2.36953e-23
2.36958e-23
2.36964e-23
2.36967e-23
2.36967e-23
2.36966e-23
2.3696e-23
2.3695e-23
2.36938e-23
2.36922e-23
2.36908e-23
2.36895e-23
2.36884e-23
2.36878e-23
2.36875e-23
2.29903e-23
2.29906e-23
2.29911e-23
2.29918e-23
2.29925e-23
2.29933e-23
2.29939e-23
2.29946e-23
2.29953e-23
2.29962e-23
2.2997e-23
2.29979e-23
2.29989e-23
2.29998e-23
2.30007e-23
2.30019e-23
2.30033e-23
2.3005e-23
2.30069e-23
2.30088e-23
2.30097e-23
2.30084e-23
2.30034e-23
2.29949e-23
2.29853e-23
2.29775e-23
2.29739e-23
2.29739e-23
2.29767e-23
2.29806e-23
2.29846e-23
2.29883e-23
2.29913e-23
2.29937e-23
2.29956e-23
2.2997e-23
2.29978e-23
2.2998e-23
2.29976e-23
2.29966e-23
2.2995e-23
2.29933e-23
2.29916e-23
2.29904e-23
2.29899e-23
2.29898e-23
2.299e-23
2.29904e-23
2.29909e-23
2.29915e-23
2.29919e-23
2.29922e-23
2.29927e-23
2.29929e-23
2.29929e-23
2.29931e-23
2.29932e-23
2.29933e-23
2.29935e-23
2.29937e-23
2.29938e-23
2.2994e-23
2.2994e-23
2.29943e-23
2.29944e-23
2.29946e-23
2.29947e-23
2.29949e-23
2.2995e-23
2.2995e-23
2.29951e-23
2.29953e-23
2.29952e-23
2.29953e-23
2.29954e-23
2.29954e-23
2.29955e-23
2.29954e-23
2.29954e-23
2.29955e-23
2.29956e-23
2.29956e-23
2.29954e-23
2.29952e-23
2.29948e-23
2.29944e-23
2.29937e-23
2.2993e-23
2.29925e-23
2.29918e-23
2.29915e-23
2.29911e-23
2.29908e-23
2.29907e-23
2.29906e-23
2.29908e-23
2.29909e-23
2.2991e-23
2.29913e-23
2.29915e-23
2.29918e-23
2.2992e-23
2.29922e-23
2.29925e-23
2.29926e-23
2.29928e-23
2.2993e-23
2.29935e-23
2.29942e-23
2.29951e-23
2.29957e-23
2.29964e-23
2.29968e-23
2.29966e-23
2.29963e-23
2.29957e-23
2.29953e-23
2.29952e-23
2.29954e-23
2.29959e-23
2.29968e-23
2.29976e-23
2.29984e-23
2.29988e-23
2.29987e-23
2.29982e-23
2.29975e-23
2.29965e-23
2.29955e-23
2.29946e-23
2.29937e-23
2.2993e-23
2.29925e-23
2.29922e-23
2.29921e-23
2.29921e-23
2.29922e-23
2.29922e-23
2.29925e-23
2.2993e-23
2.29935e-23
2.29941e-23
2.29949e-23
2.29956e-23
2.29963e-23
2.2997e-23
2.29975e-23
2.2998e-23
2.29986e-23
2.29987e-23
2.29989e-23
2.29988e-23
2.29987e-23
2.29983e-23
2.29978e-23
2.29972e-23
2.29963e-23
2.2995e-23
2.29937e-23
2.29922e-23
2.29908e-23
2.29902e-23
2.29903e-23
2.29911e-23
2.29926e-23
2.29946e-23
2.29966e-23
2.29983e-23
2.29995e-23
2.29998e-23
2.29988e-23
2.29968e-23
2.29943e-23
2.29919e-23
2.29901e-23
2.29894e-23
2.29899e-23
2.29911e-23
2.29928e-23
2.29947e-23
2.29967e-23
2.29985e-23
2.30001e-23
2.30014e-23
2.30025e-23
2.3003e-23
2.30031e-23
2.30026e-23
2.30014e-23
2.29997e-23
2.2998e-23
2.2996e-23
2.29942e-23
2.29928e-23
2.29918e-23
2.29914e-23
2.29915e-23
2.29919e-23
2.29923e-23
2.29928e-23
2.29931e-23
2.29935e-23
2.29937e-23
2.2994e-23
2.29945e-23
2.29951e-23
2.29957e-23
2.29965e-23
2.29976e-23
2.29984e-23
2.29992e-23
2.30002e-23
2.3001e-23
2.3002e-23
2.30027e-23
2.30028e-23
2.30021e-23
2.30003e-23
2.29974e-23
2.29939e-23
2.29902e-23
2.29875e-23
2.29865e-23
2.29867e-23
2.29881e-23
2.29902e-23
2.29925e-23
2.29947e-23
2.29965e-23
2.29977e-23
2.29983e-23
2.29982e-23
2.29975e-23
2.29964e-23
2.29951e-23
2.29943e-23
2.2994e-23
2.29941e-23
2.29946e-23
2.29953e-23
2.29963e-23
2.2997e-23
2.29977e-23
2.29991e-23
2.30005e-23
2.30027e-23
2.30052e-23
2.30079e-23
2.301e-23
2.30105e-23
2.30082e-23
2.30028e-23
2.29952e-23
2.29875e-23
2.29817e-23
2.2979e-23
2.29794e-23
2.29818e-23
2.29849e-23
2.29877e-23
2.29896e-23
2.29905e-23
2.29907e-23
2.29906e-23
2.29906e-23
2.29909e-23
2.29915e-23
2.29921e-23
2.29933e-23
2.29943e-23
2.29954e-23
2.29965e-23
2.29974e-23
2.29983e-23
2.29992e-23
2.30001e-23
2.30009e-23
2.30016e-23
2.30021e-23
2.30023e-23
2.30024e-23
2.30022e-23
2.30018e-23
2.30014e-23
2.30009e-23
2.30001e-23
2.29993e-23
2.2998e-23
2.29964e-23
2.29947e-23
2.29932e-23
2.29915e-23
2.29903e-23
2.29892e-23
2.29887e-23
2.29887e-23
2.29893e-23
2.29903e-23
2.29916e-23
2.29933e-23
2.29951e-23
2.29968e-23
2.29985e-23
2.29999e-23
2.30009e-23
2.30015e-23
2.30017e-23
2.30016e-23
2.30014e-23
2.30007e-23
2.3e-23
2.2999e-23
2.29978e-23
2.2996e-23
2.2994e-23
2.29917e-23
2.29895e-23
2.29875e-23
2.29864e-23
2.2986e-23
2.29863e-23
2.29873e-23
2.29887e-23
2.29903e-23
2.29921e-23
2.29941e-23
2.29961e-23
2.29981e-23
2.30002e-23
2.30022e-23
2.30041e-23
2.30057e-23
2.30071e-23
2.30079e-23
2.30077e-23
2.30069e-23
2.3005e-23
2.30024e-23
2.29992e-23
2.29958e-23
2.29927e-23
2.29902e-23
2.29886e-23
2.29882e-23
2.29887e-23
2.29898e-23
2.29912e-23
2.29923e-23
2.29932e-23
2.29935e-23
2.29933e-23
2.29928e-23
2.29918e-23
2.2991e-23
2.29904e-23
2.29902e-23
2.29903e-23
2.29906e-23
2.29911e-23
2.29918e-23
2.29925e-23
2.29931e-23
2.29938e-23
2.29942e-23
2.29946e-23
2.29951e-23
2.29954e-23
2.29956e-23
2.29959e-23
2.2996e-23
2.29963e-23
2.29966e-23
2.29973e-23
2.29982e-23
2.29994e-23
2.30013e-23
2.30039e-23
2.30071e-23
2.30112e-23
2.30158e-23
2.30206e-23
2.3024e-23
2.30239e-23
2.30179e-23
2.3005e-23
2.29877e-23
2.29719e-23
2.2962e-23
2.29599e-23
2.29632e-23
2.29693e-23
2.2976e-23
2.2982e-23
2.29869e-23
2.29907e-23
2.29937e-23
2.29958e-23
2.29973e-23
2.29982e-23
2.29988e-23
2.2999e-23
2.2999e-23
2.29989e-23
2.29982e-23
2.29975e-23
2.29966e-23
2.2995e-23
2.29933e-23
2.29917e-23
2.29905e-23
2.299e-23
2.29907e-23
2.2992e-23
2.29944e-23
2.2997e-23
2.29996e-23
2.30016e-23
2.30024e-23
2.30017e-23
2.29994e-23
2.29963e-23
2.29931e-23
2.29909e-23
2.29899e-23
2.29902e-23
2.29916e-23
2.29934e-23
2.29951e-23
2.29965e-23
2.29973e-23
2.29976e-23
2.29974e-23
2.29967e-23
2.29957e-23
2.29947e-23
2.29937e-23
2.29928e-23
2.2992e-23
2.29911e-23
2.299e-23
2.29887e-23
2.29876e-23
2.29868e-23
2.29866e-23
2.29874e-23
2.29892e-23
2.29919e-23
2.29955e-23
2.29995e-23
2.30034e-23
2.30067e-23
2.30081e-23
2.30059e-23
2.29998e-23
2.29919e-23
2.29844e-23
2.29801e-23
2.29795e-23
2.29815e-23
2.29848e-23
2.29885e-23
2.29919e-23
2.29948e-23
2.29977e-23
2.3001e-23
2.30043e-23
2.30078e-23
2.30103e-23
2.30112e-23
2.30091e-23
2.30031e-23
2.29945e-23
2.29861e-23
2.29808e-23
2.29794e-23
2.29808e-23
2.29837e-23
2.29868e-23
2.29894e-23
2.29911e-23
2.29918e-23
2.29921e-23
2.29923e-23
2.29925e-23
2.29926e-23
2.29932e-23
2.29938e-23
2.29946e-23
2.29955e-23
2.29964e-23
2.29972e-23
2.29981e-23
2.29989e-23
2.29998e-23
2.30004e-23
2.30009e-23
2.30008e-23
2.30003e-23
2.29993e-23
2.2998e-23
2.29963e-23
2.29946e-23
2.2993e-23
2.29916e-23
2.29907e-23
2.29905e-23
2.29907e-23
2.29913e-23
2.29924e-23
2.29938e-23
2.29951e-23
2.29965e-23
2.29976e-23
2.29989e-23
2.29997e-23
2.30004e-23
2.30006e-23
2.30003e-23
2.29992e-23
2.29977e-23
2.29955e-23
2.2993e-23
2.29907e-23
2.29888e-23
2.29876e-23
2.29874e-23
2.29881e-23
2.29894e-23
2.29909e-23
2.29923e-23
2.29935e-23
2.29943e-23
2.29946e-23
2.29941e-23
2.29935e-23
2.29925e-23
2.29914e-23
2.29909e-23
2.29907e-23
2.29911e-23
2.29919e-23
2.29934e-23
2.29949e-23
2.29966e-23
2.2998e-23
2.29991e-23
2.29999e-23
2.30002e-23
2.29998e-23
2.2999e-23
2.2998e-23
2.29969e-23
2.29959e-23
2.29951e-23
2.29944e-23
2.29942e-23
2.29942e-23
2.29943e-23
2.29946e-23
2.2995e-23
2.29955e-23
2.29959e-23
2.29962e-23
2.29962e-23
2.29957e-23
2.29951e-23
2.29941e-23
2.29931e-23
2.29922e-23
2.29915e-23
2.2991e-23
2.2991e-23
2.29912e-23
2.29917e-23
2.29927e-23
2.2994e-23
2.29953e-23
2.2997e-23
2.29988e-23
2.30002e-23
2.30015e-23
2.30021e-23
2.30017e-23
2.30004e-23
2.29985e-23
2.29962e-23
2.29943e-23
2.29933e-23
2.29933e-23
2.2994e-23
2.29951e-23
2.29962e-23
2.29968e-23
2.2997e-23
2.29967e-23
2.29959e-23
2.29947e-23
2.29933e-23
2.29921e-23
2.29911e-23
2.29904e-23
2.29903e-23
2.29904e-23
2.29908e-23
2.29915e-23
2.29925e-23
2.29935e-23
2.29947e-23
2.29959e-23
2.29967e-23
2.29975e-23
2.29983e-23
2.29987e-23
2.29988e-23
2.29985e-23
2.2998e-23
2.2997e-23
2.29961e-23
2.29954e-23
2.29951e-23
2.2995e-23
2.29951e-23
2.29954e-23
2.29957e-23
2.29959e-23
2.29958e-23
2.29955e-23
2.29953e-23
2.2995e-23
2.29951e-23
2.29961e-23
2.29979e-23
2.30007e-23
2.30042e-23
2.30072e-23
2.30083e-23
2.30059e-23
2.29993e-23
2.29902e-23
2.29822e-23
2.29778e-23
2.29777e-23
2.29808e-23
2.29852e-23
2.29899e-23
2.29945e-23
2.29987e-23
2.30027e-23
2.30061e-23
2.30091e-23
2.30113e-23
2.30125e-23
2.30124e-23
2.30106e-23
2.30072e-23
2.3003e-23
2.29986e-23
2.29948e-23
2.29924e-23
2.2991e-23
2.29902e-23
2.29894e-23
2.29883e-23
2.29869e-23
2.29858e-23
2.29851e-23
2.29852e-23
2.29861e-23
2.29874e-23
2.29892e-23
2.29911e-23
2.29931e-23
2.2995e-23
2.29968e-23
2.29984e-23
2.29997e-23
2.30007e-23
2.30016e-23
2.30022e-23
2.30028e-23
2.30032e-23
2.30033e-23
2.30032e-23
2.30031e-23
2.30026e-23
2.3002e-23
2.30014e-23
2.30008e-23
2.30001e-23
2.29994e-23
2.29988e-23
2.29982e-23
2.29975e-23
2.2997e-23
2.29964e-23
2.29957e-23
2.29953e-23
2.2995e-23
2.29949e-23
2.29949e-23
2.29948e-23
2.29948e-23
2.29946e-23
2.29943e-23
2.2994e-23
2.29939e-23
2.29939e-23
2.29938e-23
2.2994e-23
2.29943e-23
2.29946e-23
2.29952e-23
2.29956e-23
2.29959e-23
2.29963e-23
2.29965e-23
2.29968e-23
2.29972e-23
2.29971e-23
2.29973e-23
2.29975e-23
2.29976e-23
2.29978e-23
2.29979e-23
2.29983e-23
2.29985e-23
2.29987e-23
2.29988e-23
2.29991e-23
2.29995e-23
2.29999e-23
2.30003e-23
2.30006e-23
2.3001e-23
2.30013e-23
2.30017e-23
2.30021e-23
2.30026e-23
2.30033e-23
2.30034e-23
2.30028e-23
2.30012e-23
2.29984e-23
2.29948e-23
2.29911e-23
2.29883e-23
2.29868e-23
2.29866e-23
2.29876e-23
2.29892e-23
2.29909e-23
2.29924e-23
2.29938e-23
2.29951e-23
2.29962e-23
2.29971e-23
2.29977e-23
2.29984e-23
2.29989e-23
2.29996e-23
2.30002e-23
2.30007e-23
2.30012e-23
2.30019e-23
2.30025e-23
2.30032e-23
2.30035e-23
2.30036e-23
2.30031e-23
2.30022e-23
2.30008e-23
2.29989e-23
2.29972e-23
2.29953e-23
2.29939e-23
2.29929e-23
2.29924e-23
2.29923e-23
2.29924e-23
2.2993e-23
2.29936e-23
2.29941e-23
2.29949e-23
2.29956e-23
2.29965e-23
2.29976e-23
2.29985e-23
2.29998e-23
2.30009e-23
2.30021e-23
2.30033e-23
2.30043e-23
2.30051e-23
2.30057e-23
2.30063e-23
2.30063e-23
2.30061e-23
2.30055e-23
2.30045e-23
2.3003e-23
2.30009e-23
2.29982e-23
2.29956e-23
2.29931e-23
2.29914e-23
2.29911e-23
2.29918e-23
2.29935e-23
2.29956e-23
2.29979e-23
2.29999e-23
2.30016e-23
2.30027e-23
2.30031e-23
2.30032e-23
2.30025e-23
2.30018e-23
2.30007e-23
2.29993e-23
2.29977e-23
2.29961e-23
2.29944e-23
2.29926e-23
2.29911e-23
2.299e-23
2.29899e-23
2.29904e-23
2.29916e-23
2.29931e-23
2.29949e-23
2.2997e-23
2.29988e-23
2.30006e-23
2.30022e-23
2.30036e-23
2.30042e-23
2.30041e-23
2.30027e-23
2.30004e-23
2.29978e-23
2.29951e-23
2.29931e-23
2.2992e-23
2.29917e-23
2.29923e-23
2.29933e-23
2.29944e-23
2.29953e-23
2.29964e-23
2.29969e-23
2.29974e-23
2.29978e-23
2.29981e-23
2.29984e-23
2.29986e-23
2.29985e-23
2.29984e-23
2.29982e-23
2.29979e-23
2.29977e-23
2.29974e-23
2.29972e-23
2.29969e-23
2.29968e-23
2.29968e-23
2.29968e-23
2.2997e-23
2.29973e-23
2.29978e-23
2.29984e-23
2.29989e-23
2.29992e-23
2.29994e-23
2.29992e-23
2.29986e-23
2.29976e-23
2.29962e-23
2.29946e-23
2.29933e-23
2.29921e-23
2.29914e-23
2.29912e-23
2.29913e-23
2.29916e-23
2.29921e-23
2.29926e-23
2.29933e-23
2.29939e-23
2.29944e-23
2.29949e-23
2.29954e-23
2.29958e-23
2.29961e-23
2.29964e-23
2.29968e-23
2.29971e-23
2.29972e-23
2.29975e-23
2.29975e-23
2.29975e-23
2.29975e-23
2.29974e-23
2.29974e-23
2.29974e-23
2.29973e-23
2.29971e-23
2.29969e-23
2.29968e-23
2.29968e-23
2.29969e-23
2.2997e-23
2.29973e-23
2.29978e-23
2.29983e-23
2.29988e-23
2.29994e-23
2.30001e-23
2.30005e-23
2.30007e-23
2.30006e-23
2.30001e-23
2.29993e-23
2.29982e-23
2.2997e-23
2.29956e-23
2.29944e-23
2.29934e-23
2.29927e-23
2.29922e-23
2.29919e-23
2.29919e-23
2.2992e-23
2.29921e-23
2.29922e-23
2.29923e-23
2.29925e-23
2.29926e-23
2.29929e-23
2.29934e-23
2.2994e-23
2.29949e-23
2.2996e-23
2.29971e-23
2.29985e-23
2.30001e-23
2.30019e-23
2.30041e-23
2.30065e-23
2.3009e-23
2.30112e-23
2.30122e-23
2.30114e-23
2.30079e-23
2.30023e-23
2.29956e-23
2.29899e-23
2.29864e-23
2.29853e-23
2.29857e-23
2.2987e-23
2.29886e-23
2.29903e-23
2.29919e-23
2.29937e-23
2.29955e-23
2.29973e-23
2.29989e-23
2.30004e-23
2.30014e-23
2.30019e-23
2.30018e-23
2.30009e-23
2.29994e-23
2.29976e-23
2.29957e-23
2.29944e-23
2.29934e-23
2.2993e-23
2.29931e-23
2.29937e-23
2.29945e-23
2.29956e-23
2.29965e-23
2.29975e-23
2.29983e-23
2.29989e-23
2.29993e-23
2.29995e-23
2.29994e-23
2.29991e-23
2.29986e-23
2.29981e-23
2.29976e-23
2.29971e-23
2.29969e-23
2.29968e-23
2.29968e-23
2.2997e-23
2.29971e-23
2.29974e-23
