3.23206 0
3.14135 0.0907107
3.1304 0.0535054
3.15243 0.0437833
3.14578 0.0345614
3.15227 0.0289559
3.14546 0.0254009
3.14935 0.02234
3.14938 0.019702
3.14911 0.0176242
3.14772 0.0160022
3.14754 0.0146089
3.14908 0.0135262
3.15048 0.0125999
3.15398 0.0122428
3.15692 0.0118235
3.15528 0.0112278
3.15469 0.0106021
3.15611 0.0101287
3.15876 0.00996947
3.15706 0.00963415
3.15695 0.0091865
3.1565 0.00878945
3.15555 0.00846818
3.1556 0.0081225
3.15367 0.00803735
3.15348 0.00773621
3.15275 0.0074912
3.15189 0.00727874
3.15221 0.0070393
3.15509 0.00739249
3.15467 0.00716999
3.15677 0.00725752
3.15813 0.00717135
3.15738 0.0070038
3.15632 0.0068888
3.15836 0.00700581
3.15731 0.00690046
3.15691 0.00673312
3.15613 0.00660802
3.15409 0.00676218
3.15422 0.00660049
3.15429 0.00644564
3.15557 0.00642467
3.15506 0.00630057
3.15586 0.0062137
3.15622 0.00609047
3.15512 0.00606192
3.15665 0.00613031
3.15434 0.0064338
3.15284 0.0064822
3.15293 0.00635697
3.15252 0.00624975
3.15295 0.00614781
3.15262 0.00604402
3.15396 0.00608541
3.15342 0.00600225
3.1531 0.00590659
3.15244 0.00584274
3.15316 0.00579005
3.1524 0.00574537
3.15284 0.00566901
3.15334 0.00560119
3.15368 0.00552298
3.15348 0.00544101
3.15331 0.00536043
3.1539 0.00531269
3.15336 0.00526173
3.1528 0.00521573
3.1527 0.0051417
3.15221 0.00509202
3.15198 0.00502599
3.15207 0.00495748
3.15107 0.00499177
3.15075 0.00493525
3.15082 0.00487048
3.15046 0.00482033
3.15064 0.00476156
3.15072 0.0047015
3.15034 0.00465808
3.14998 0.00461435
3.14971 0.00456565
3.14954 0.00451343
3.15065 0.00459477
3.14998 0.00458894
3.14905 0.00462891
3.14883 0.00458069
3.14833 0.00455612
3.14773 0.00454429
3.14809 0.00450749
3.14893 0.00453662
3.14805 0.00457157
3.14818 0.00452384
3.14792 0.00448282
3.14793 0.00443539
3.14811 0.00439279
3.1475 0.00439074
3.14732 0.00434941
3.14744 0.00430703
3.14753 0.00426472
