-1.39379e-22
-1.39233e-22
-1.38886e-22
-1.38477e-22
-1.38232e-22
-1.38033e-22
-1.37905e-22
-1.37844e-22
-1.37796e-22
-1.37758e-22
-1.37779e-22
-1.37835e-22
-1.37864e-22
-1.37881e-22
-1.37909e-22
-1.37928e-22
-1.3794e-22
-1.37893e-22
-1.37846e-22
-1.37843e-22
-1.37867e-22
-1.37832e-22
-1.37823e-22
-1.37813e-22
-1.37843e-22
-1.37859e-22
-1.37868e-22
-1.37948e-22
-1.37942e-22
-1.38003e-22
-1.38069e-22
-1.38084e-22
-1.38088e-22
-1.38094e-22
-1.38112e-22
-1.38107e-22
-1.38101e-22
-1.38149e-22
-1.38122e-22
-1.38074e-22
-1.38074e-22
-1.38079e-22
-1.38078e-22
-1.38028e-22
-1.37984e-22
-1.38003e-22
-1.37968e-22
-1.37983e-22
-1.37959e-22
-1.37987e-22
-1.37991e-22
-1.37971e-22
-1.3798e-22
-1.37951e-22
-1.3795e-22
-1.37968e-22
-1.38005e-22
-1.38006e-22
-1.38018e-22
-1.38047e-22
-1.38026e-22
-1.38003e-22
-1.37991e-22
-1.38e-22
-1.38021e-22
-1.37988e-22
-1.38004e-22
-1.38026e-22
-1.38017e-22
-1.38036e-22
-1.38036e-22
-1.38017e-22
-1.38034e-22
-1.381e-22
-1.38118e-22
-1.38122e-22
-1.38105e-22
-1.38122e-22
-1.38137e-22
-1.38103e-22
-1.38074e-22
-1.38077e-22
-1.38086e-22
-1.38101e-22
-1.38096e-22
-1.38077e-22
-1.38101e-22
-1.38092e-22
-1.38078e-22
-1.38044e-22
-1.38064e-22
-1.38071e-22
-1.37996e-22
-1.38009e-22
-1.38034e-22
-1.37991e-22
-1.37981e-22
-1.37918e-22
-1.37923e-22
-1.37931e-22
-1.37914e-22
-1.37893e-22
-1.37908e-22
-1.3791e-22
-1.37906e-22
-1.37941e-22
-1.3796e-22
-1.37957e-22
-1.38007e-22
-1.38023e-22
-1.38032e-22
-1.38088e-22
-1.38158e-22
-1.38144e-22
-1.38156e-22
-1.38185e-22
-1.38198e-22
-1.38182e-22
-1.38117e-22
-1.381e-22
-1.38077e-22
-1.38035e-22
-1.38002e-22
-1.37985e-22
-1.3795e-22
-1.37937e-22
-1.37932e-22
-1.37964e-22
-1.37976e-22
-1.37934e-22
-1.37974e-22
-1.37993e-22
-1.38024e-22
-1.38027e-22
-1.38014e-22
-1.38034e-22
-1.38025e-22
-1.37983e-22
-1.37954e-22
-1.37953e-22
-1.3798e-22
-1.38042e-22
-1.38071e-22
-1.38e-22
-1.38004e-22
-1.3798e-22
-1.37962e-22
-1.37963e-22
-1.37955e-22
-1.38005e-22
-1.38021e-22
-1.38049e-22
-1.38009e-22
-1.38004e-22
-1.38028e-22
-1.37993e-22
-1.37926e-22
-1.37935e-22
-1.37879e-22
-1.37878e-22
-1.37892e-22
-1.37907e-22
-1.37896e-22
-1.37993e-22
-1.38034e-22
-1.38019e-22
-1.38089e-22
-1.38054e-22
-1.38035e-22
-1.38095e-22
-1.38092e-22
-1.38114e-22
-1.38102e-22
-1.3807e-22
-1.38041e-22
-1.38033e-22
-1.38056e-22
-1.38094e-22
-1.38074e-22
-1.38069e-22
-1.38079e-22
-1.38064e-22
-1.38042e-22
-1.38027e-22
-1.38046e-22
-1.38031e-22
-1.38036e-22
-1.38019e-22
-1.38001e-22
-1.38008e-22
-1.38007e-22
-1.3799e-22
-1.38013e-22
-1.38017e-22
-1.37981e-22
-1.3803e-22
-1.3802e-22
-1.38027e-22
-1.3803e-22
-1.38054e-22
-1.38072e-22
-1.38137e-22
-1.38185e-22
-1.38217e-22
-1.38217e-22
-1.38221e-22
-1.38173e-22
-1.38211e-22
-1.382e-22
-1.38181e-22
-1.38135e-22
-1.38109e-22
-1.38071e-22
-1.38053e-22
-1.3801e-22
-1.38015e-22
-1.38036e-22
-1.38006e-22
-1.37985e-22
-1.37954e-22
-1.37945e-22
-1.37971e-22
-1.37938e-22
-1.37932e-22
-1.37942e-22
-1.37965e-22
-1.37942e-22
-1.37966e-22
-1.37997e-22
-1.38032e-22
-1.38066e-22
-1.38057e-22
-1.3806e-22
-1.38061e-22
-1.38074e-22
-1.38065e-22
-1.38067e-22
-1.38074e-22
-1.38059e-22
-1.38043e-22
-1.38054e-22
-1.38092e-22
-1.3807e-22
-1.38064e-22
-1.38046e-22
-1.38051e-22
-1.37998e-22
-1.3798e-22
-1.37964e-22
-1.37929e-22
-1.37976e-22
-1.37968e-22
-1.37959e-22
-1.37956e-22
-1.37993e-22
-1.37986e-22
-1.37979e-22
-1.37949e-22
-1.37953e-22
-1.37964e-22
-1.38017e-22
-1.38044e-22
-1.37984e-22
-1.37973e-22
-1.38024e-22
-1.38006e-22
-1.38048e-22
-1.38062e-22
-1.38066e-22
-1.38057e-22
-1.37992e-22
-1.38017e-22
-1.37997e-22
-1.38005e-22
-1.38001e-22
-1.37991e-22
-1.38001e-22
-1.38024e-22
-1.38032e-22
-1.38045e-22
-1.38016e-22
-1.38045e-22
-1.38065e-22
-1.38023e-22
-1.38033e-22
-1.38041e-22
-1.37976e-22
-1.37939e-22
-1.37908e-22
-1.37883e-22
-1.37906e-22
-1.37935e-22
-1.37959e-22
-1.3799e-22
-1.38025e-22
-1.38042e-22
-1.38049e-22
-1.38031e-22
-1.38078e-22
-1.38068e-22
-1.38081e-22
-1.38094e-22
-1.38057e-22
-1.38095e-22
-1.38039e-22
-1.38018e-22
-1.38053e-22
-1.38002e-22
-1.3798e-22
-1.37954e-22
-1.37922e-22
-1.37966e-22
-1.37964e-22
-1.37957e-22
-1.37977e-22
-1.3795e-22
-1.37964e-22
-1.37976e-22
-1.38013e-22
-1.38013e-22
-1.38018e-22
-1.38014e-22
-1.37947e-22
-1.37968e-22
-1.37982e-22
-1.3797e-22
-1.37973e-22
-1.37971e-22
-1.37969e-22
-1.37956e-22
-1.37951e-22
-1.37974e-22
-1.38039e-22
-1.3805e-22
-1.38075e-22
-1.38043e-22
-1.38018e-22
-1.38017e-22
-1.38023e-22
-1.37995e-22
-1.3794e-22
-1.37974e-22
-1.37941e-22
-1.37942e-22
-1.37944e-22
-1.37932e-22
-1.37954e-22
-1.37994e-22
-1.37993e-22
-1.38003e-22
-1.37958e-22
-1.3802e-22
-1.38042e-22
-1.38064e-22
-1.3804e-22
-1.38017e-22
-1.38043e-22
-1.38044e-22
-1.37999e-22
-1.37941e-22
-1.37939e-22
-1.37917e-22
-1.37941e-22
-1.37924e-22
-1.3798e-22
-1.37946e-22
-1.37912e-22
-1.37945e-22
-1.3793e-22
-1.37929e-22
-1.37949e-22
-1.37942e-22
-1.3797e-22
-1.37972e-22
-1.37968e-22
-1.37979e-22
-1.37963e-22
-1.38056e-22
-1.38072e-22
-1.38081e-22
-1.38082e-22
-1.38095e-22
-1.3808e-22
-1.38077e-22
-1.3806e-22
-1.38062e-22
-1.38008e-22
-1.38049e-22
-1.38029e-22
-1.38016e-22
-1.37983e-22
-1.37993e-22
-1.37991e-22
-1.37971e-22
-1.38006e-22
-1.37982e-22
-1.37993e-22
-1.37998e-22
-1.3801e-22
-1.38014e-22
-1.38045e-22
-1.38014e-22
-1.38002e-22
-1.38001e-22
-1.37986e-22
-1.37936e-22
-1.37953e-22
-1.37895e-22
-1.37871e-22
-1.37875e-22
-1.37893e-22
-1.37891e-22
-1.37892e-22
-1.37881e-22
-1.37867e-22
-1.37881e-22
-1.3785e-22
-1.3788e-22
-1.3789e-22
-1.37904e-22
-1.37923e-22
-1.38013e-22
-1.37971e-22
-1.38001e-22
-1.37968e-22
-1.38001e-22
-1.37986e-22
-1.37984e-22
-1.37989e-22
-1.3796e-22
-1.37947e-22
-1.37935e-22
-1.37958e-22
-1.3797e-22
-1.38032e-22
-1.37973e-22
-1.37963e-22
-1.38016e-22
-1.38028e-22
-1.37973e-22
-1.38025e-22
-1.38036e-22
-1.3806e-22
-1.38001e-22
-1.38002e-22
-1.37981e-22
-1.37999e-22
-1.37955e-22
-1.37998e-22
-1.38e-22
-1.37973e-22
-1.37961e-22
-1.37963e-22
-1.37959e-22
-1.37937e-22
-1.37917e-22
-1.37919e-22
-1.37937e-22
-1.37949e-22
-1.37969e-22
-1.37962e-22
-1.38009e-22
-1.3802e-22
-1.38058e-22
-1.38052e-22
-1.38039e-22
-1.38025e-22
-1.38018e-22
-1.38004e-22
-1.38044e-22
-1.38044e-22
-1.38029e-22
-1.37961e-22
-1.37988e-22
-1.37996e-22
-1.38004e-22
-1.37991e-22
-1.38012e-22
-1.37991e-22
-1.38023e-22
-1.38008e-22
-1.37991e-22
-1.38029e-22
-1.38046e-22
-1.38056e-22
-1.38073e-22
-1.38075e-22
-1.38064e-22
-1.38115e-22
-1.38092e-22
-1.38098e-22
-1.38112e-22
-1.38108e-22
-1.38113e-22
-1.38111e-22
-1.38056e-22
-1.38013e-22
-1.38004e-22
-1.38007e-22
-1.38021e-22
-1.38041e-22
-1.381e-22
-1.38076e-22
-1.3806e-22
-1.3803e-22
-1.38014e-22
-1.38e-22
-1.38035e-22
-1.38083e-22
-1.38036e-22
-1.38078e-22
-1.38037e-22
-1.3805e-22
-1.3805e-22
-1.38009e-22
-1.38002e-22
-1.37968e-22
-1.37995e-22
-1.37994e-22
-1.38014e-22
-1.37952e-22
-1.37965e-22
-1.37978e-22
-1.38005e-22
-1.37991e-22
-1.38058e-22
-1.38037e-22
-1.38002e-22
-1.37974e-22
-1.37967e-22
-1.37935e-22
-1.37937e-22
-1.37947e-22
-1.37998e-22
-1.37975e-22
-1.3798e-22
-1.37964e-22
-1.37981e-22
-1.38004e-22
-1.38013e-22
-1.37992e-22
-1.38011e-22
-1.37973e-22
-1.38015e-22
-1.37975e-22
-1.38002e-22
-1.37995e-22
-1.37983e-22
-1.37951e-22
-1.37984e-22
-1.37937e-22
-1.37934e-22
-1.37926e-22
-1.37933e-22
-1.37932e-22
-1.37956e-22
-1.38019e-22
-1.38026e-22
-1.38045e-22
-1.38057e-22
-1.37972e-22
-1.37962e-22
-1.37933e-22
-1.37917e-22
-1.37915e-22
-1.37934e-22
-1.37939e-22
-1.37945e-22
-1.37972e-22
-1.37944e-22
-1.37938e-22
-1.37945e-22
-1.37981e-22
-1.38046e-22
-1.38016e-22
-1.38036e-22
-1.38043e-22
-1.38064e-22
-1.38072e-22
-1.38071e-22
-1.38102e-22
-1.38088e-22
-1.38104e-22
-1.38097e-22
-1.38033e-22
-1.38078e-22
-1.38049e-22
-1.38023e-22
-1.38067e-22
-1.38051e-22
-1.38044e-22
-1.38023e-22
-1.38016e-22
-1.38022e-22
-1.38027e-22
-1.37958e-22
-1.37964e-22
-1.37999e-22
-1.37981e-22
-1.37957e-22
-1.37988e-22
-1.38005e-22
-1.38007e-22
-1.38001e-22
-1.37999e-22
-1.37956e-22
-1.37945e-22
-1.37962e-22
-1.37953e-22
-1.37932e-22
-1.37927e-22
-1.37912e-22
-1.37947e-22
-1.3793e-22
-1.37921e-22
-1.37966e-22
-1.37981e-22
-1.37993e-22
-1.37993e-22
-1.37963e-22
-1.37971e-22
-1.3799e-22
-1.38028e-22
-1.37977e-22
-1.37973e-22
-1.3797e-22
-1.37967e-22
-1.37967e-22
-1.37928e-22
-1.37886e-22
-1.37875e-22
-1.379e-22
-1.37921e-22
-1.37956e-22
-1.37984e-22
-1.37969e-22
-1.37961e-22
-1.37985e-22
-1.38015e-22
-1.38044e-22
-1.38052e-22
-1.38039e-22
-1.38051e-22
-1.38083e-22
-1.38085e-22
-1.38101e-22
-1.38022e-22
-1.38005e-22
-1.38003e-22
-1.38003e-22
-1.38032e-22
-1.38062e-22
-1.38059e-22
-1.3805e-22
-1.38081e-22
-1.38064e-22
-1.38046e-22
-1.38033e-22
-1.38032e-22
-1.38016e-22
-1.38004e-22
-1.37999e-22
-1.37979e-22
-1.37985e-22
-1.38026e-22
-1.38054e-22
-1.38041e-22
-1.38024e-22
-1.37988e-22
-1.37954e-22
-1.37971e-22
-1.37998e-22
-1.38014e-22
-1.38025e-22
-1.38031e-22
-1.38071e-22
-1.38075e-22
-1.3805e-22
-1.38035e-22
-1.38016e-22
-1.37987e-22
-1.38022e-22
-1.38008e-22
-1.37984e-22
-1.37974e-22
-1.37944e-22
-1.3799e-22
-1.38045e-22
-1.38061e-22
-1.38018e-22
-1.37955e-22
-1.37942e-22
-1.37895e-22
-1.37869e-22
-1.37864e-22
-1.37858e-22
-1.37906e-22
-1.379e-22
-1.3791e-22
-1.37955e-22
-1.37967e-22
-1.37979e-22
-1.3797e-22
-1.38022e-22
-1.3803e-22
-1.38058e-22
-1.38029e-22
-1.37966e-22
-1.37942e-22
-1.37939e-22
-1.37935e-22
-1.37952e-22
-1.37909e-22
-1.37888e-22
-1.37894e-22
-1.37936e-22
-1.37939e-22
-1.37949e-22
-1.3798e-22
-1.37978e-22
-1.37989e-22
-1.38094e-22
-1.38089e-22
-1.38116e-22
-1.38054e-22
-1.38043e-22
-1.38004e-22
-1.37992e-22
-1.37999e-22
-1.38013e-22
-1.38008e-22
-1.37985e-22
-1.37969e-22
-1.37969e-22
-1.3793e-22
-1.3796e-22
-1.3795e-22
-1.37955e-22
-1.37974e-22
-1.37938e-22
-1.3795e-22
-1.37967e-22
-1.37956e-22
-1.37936e-22
-1.37977e-22
-1.37961e-22
-1.37966e-22
-1.37944e-22
-1.37969e-22
-1.37982e-22
-1.38021e-22
-1.38006e-22
-1.37971e-22
-1.37948e-22
-1.37932e-22
-1.37922e-22
-1.37918e-22
-1.37928e-22
-1.37917e-22
-1.37956e-22
-1.37968e-22
-1.38017e-22
-1.38041e-22
-1.38e-22
-1.38036e-22
-1.38025e-22
-1.38035e-22
-1.38044e-22
-1.38065e-22
-1.38041e-22
-1.38042e-22
-1.3808e-22
-1.38088e-22
-1.3812e-22
-1.38056e-22
-1.38071e-22
-1.38087e-22
-1.38028e-22
-1.38038e-22
-1.38051e-22
-1.3804e-22
-1.3802e-22
-1.38011e-22
-1.37978e-22
-1.37975e-22
-1.37953e-22
-1.37986e-22
-1.3797e-22
-1.37965e-22
-1.37997e-22
-1.38013e-22
-1.38053e-22
-1.38064e-22
-1.3808e-22
-1.3811e-22
-1.38119e-22
-1.38128e-22
-1.38091e-22
-1.3804e-22
-1.38064e-22
-1.38074e-22
-1.38085e-22
-1.3809e-22
-1.38081e-22
-1.38038e-22
-1.38037e-22
-1.38042e-22
-1.38008e-22
-1.38003e-22
-1.38039e-22
-1.38056e-22
-1.38061e-22
-1.38053e-22
-1.38119e-22
-1.38118e-22
-1.38101e-22
-1.38124e-22
-1.38139e-22
-1.38145e-22
-1.38067e-22
-1.38102e-22
-1.38102e-22
-1.38047e-22
-1.38025e-22
-1.37996e-22
-1.37976e-22
-1.37971e-22
-1.37983e-22
-1.37977e-22
-1.37967e-22
-1.37946e-22
-1.37954e-22
-1.37962e-22
-1.37957e-22
-1.37938e-22
-1.37965e-22
-1.38005e-22
-1.38023e-22
-1.38047e-22
-1.38043e-22
-1.3805e-22
-1.38049e-22
-1.38052e-22
-1.38013e-22
-1.38019e-22
-1.37991e-22
-1.37962e-22
-1.37995e-22
-1.37975e-22
-1.37997e-22
-1.38029e-22
-1.38063e-22
-1.38107e-22
-1.38104e-22
-1.38075e-22
-1.38087e-22
-1.38065e-22
-1.38055e-22
-1.38025e-22
-1.3804e-22
-1.38014e-22
-1.38014e-22
-1.37965e-22
-1.37976e-22
-1.38e-22
-1.38036e-22
-1.38052e-22
-1.37999e-22
-1.37988e-22
-1.37971e-22
-1.37934e-22
-1.37939e-22
-1.37905e-22
-1.37921e-22
-1.37891e-22
-1.37912e-22
-1.37907e-22
-1.37923e-22
-1.37972e-22
-1.38027e-22
-1.38025e-22
-1.38068e-22
-1.38074e-22
-1.38071e-22
-1.381e-22
-1.3812e-22
-1.38052e-22
-1.38051e-22
-1.37989e-22
-1.3805e-22
-1.38051e-22
-1.38026e-22
-1.38031e-22
-1.38005e-22
-1.37988e-22
-1.37973e-22
-1.3798e-22
-1.37981e-22
-1.38063e-22
-1.38056e-22
-1.38035e-22
-1.38074e-22
-1.38092e-22
-1.38095e-22
-1.38103e-22
-1.38116e-22
-1.38107e-22
-1.3809e-22
-1.38092e-22
-1.38134e-22
-1.38188e-22
-1.38166e-22
-1.3813e-22
-1.38128e-22
-1.38133e-22
-1.38119e-22
-1.38073e-22
-1.38065e-22
-1.38066e-22
-1.38045e-22
-1.3802e-22
-1.38072e-22
-1.38071e-22
-1.3806e-22
-1.38067e-22
-1.38055e-22
-1.38018e-22
-1.3806e-22
-1.38052e-22
-1.38024e-22
-1.37991e-22
-1.3799e-22
-1.37958e-22
-1.37964e-22
-1.37985e-22
-1.37979e-22
-1.37973e-22
-1.37972e-22
-1.37928e-22
-1.38003e-22
-1.38008e-22
-1.37984e-22
-1.37944e-22
-1.37943e-22
-1.37962e-22
-1.37995e-22
-1.38023e-22
-1.38025e-22
-1.38049e-22
-1.37988e-22
-1.38016e-22
-1.37998e-22
-1.37994e-22
-1.38011e-22
-1.38027e-22
-1.38031e-22
-1.38027e-22
-1.38045e-22
-1.38084e-22
-1.38074e-22
-1.38113e-22
-1.38143e-22
-1.38139e-22
-1.38134e-22
-1.38093e-22
-1.38059e-22
-1.38037e-22
-1.38026e-22
-1.38042e-22
-1.38008e-22
-1.37987e-22
-1.37967e-22
-1.37988e-22
-1.37997e-22
-1.37988e-22
-1.38015e-22
-1.38008e-22
-1.38017e-22
-1.37992e-22
-1.37975e-22
-1.37939e-22
-1.3799e-22
-1.38009e-22
-1.38e-22
-1.38038e-22
-1.38035e-22
-1.38065e-22
-1.38122e-22
-1.38104e-22
-1.38091e-22
-1.3811e-22
-1.38121e-22
-1.3811e-22
-1.3811e-22
-1.38096e-22
-1.38055e-22
-1.38022e-22
-1.38037e-22
-1.38014e-22
-1.38047e-22
-1.25521e-22
-1.25502e-22
-1.25471e-22
-1.25395e-22
-1.25343e-22
-1.25342e-22
-1.25349e-22
-1.25327e-22
-1.25292e-22
-1.25295e-22
-1.25334e-22
-1.25394e-22
-1.25387e-22
-1.25378e-22
-1.25385e-22
-1.25409e-22
-1.25405e-22
-1.25356e-22
-1.25372e-22
-1.25426e-22
-1.25442e-22
-1.25412e-22
-1.25401e-22
-1.25396e-22
-1.25391e-22
-1.25379e-22
-1.25346e-22
-1.2534e-22
-1.25368e-22
-1.25403e-22
-1.25398e-22
-1.2542e-22
-1.2543e-22
-1.25419e-22
-1.25468e-22
-1.25435e-22
-1.25398e-22
-1.25406e-22
-1.25398e-22
-1.25414e-22
-1.25383e-22
-1.25351e-22
-1.25307e-22
-1.25291e-22
-1.25291e-22
-1.25314e-22
-1.25314e-22
-1.25318e-22
-1.2534e-22
-1.2536e-22
-1.25377e-22
-1.25405e-22
-1.25419e-22
-1.25433e-22
-1.25401e-22
-1.2545e-22
-1.255e-22
-1.25483e-22
-1.25456e-22
-1.25475e-22
-1.25498e-22
-1.25479e-22
-1.25446e-22
-1.25472e-22
-1.25491e-22
-1.25499e-22
-1.2549e-22
-1.2547e-22
-1.25456e-22
-1.25445e-22
-1.25418e-22
-1.25415e-22
-1.25433e-22
-1.25459e-22
-1.25456e-22
-1.25415e-22
-1.25425e-22
-1.2545e-22
-1.25486e-22
-1.25479e-22
-1.25451e-22
-1.25451e-22
-1.25444e-22
-1.25423e-22
-1.25416e-22
-1.25363e-22
-1.2536e-22
-1.25366e-22
-1.25396e-22
-1.25387e-22
-1.25415e-22
-1.25411e-22
-1.254e-22
-1.25417e-22
-1.2544e-22
-1.25489e-22
-1.25454e-22
-1.2547e-22
-1.25449e-22
-1.25492e-22
-1.25485e-22
-1.25442e-22
-1.25399e-22
-1.25383e-22
-1.25383e-22
-1.254e-22
-1.25365e-22
-1.2538e-22
-1.25384e-22
-1.25395e-22
-1.25426e-22
-1.25408e-22
-1.25443e-22
-1.25416e-22
-1.25408e-22
-1.25411e-22
-1.25352e-22
-1.2536e-22
-1.25401e-22
-1.25403e-22
-1.25415e-22
-1.25423e-22
-1.25406e-22
-1.25379e-22
-1.25394e-22
-1.25408e-22
-1.25448e-22
-1.25457e-22
-1.25443e-22
-1.25447e-22
-1.25449e-22
-1.25424e-22
-1.25407e-22
-1.25404e-22
-1.2537e-22
-1.25297e-22
-1.2534e-22
-1.25356e-22
-1.2533e-22
-1.25317e-22
-1.25316e-22
-1.2529e-22
-1.25279e-22
-1.25344e-22
-1.25412e-22
-1.25438e-22
-1.25457e-22
-1.25482e-22
-1.25493e-22
-1.25491e-22
-1.25521e-22
-1.25515e-22
-1.25526e-22
-1.25535e-22
-1.25547e-22
-1.25469e-22
-1.25443e-22
-1.25422e-22
-1.25408e-22
-1.25377e-22
-1.25384e-22
-1.25383e-22
-1.25375e-22
-1.25386e-22
-1.25379e-22
-1.25433e-22
-1.25452e-22
-1.25467e-22
-1.25499e-22
-1.25458e-22
-1.25461e-22
-1.25496e-22
-1.25467e-22
-1.25471e-22
-1.25516e-22
-1.25487e-22
-1.25474e-22
-1.25432e-22
-1.25435e-22
-1.25387e-22
-1.25416e-22
-1.25416e-22
-1.25415e-22
-1.2546e-22
-1.25422e-22
-1.25431e-22
-1.25412e-22
-1.25419e-22
-1.2544e-22
-1.25414e-22
-1.25397e-22
-1.25447e-22
-1.25477e-22
-1.25473e-22
-1.25459e-22
-1.2545e-22
-1.25445e-22
-1.25473e-22
-1.25466e-22
-1.25467e-22
-1.25503e-22
-1.25481e-22
-1.25523e-22
-1.25555e-22
-1.25472e-22
-1.2547e-22
-1.25521e-22
-1.25584e-22
-1.25575e-22
-1.25577e-22
-1.25536e-22
-1.25479e-22
-1.25428e-22
-1.2539e-22
-1.254e-22
-1.25392e-22
-1.25351e-22
-1.25342e-22
-1.2533e-22
-1.25316e-22
-1.25295e-22
-1.25319e-22
-1.25379e-22
-1.25356e-22
-1.25362e-22
-1.25438e-22
-1.25456e-22
-1.25409e-22
-1.25427e-22
-1.25437e-22
-1.25473e-22
-1.25453e-22
-1.25417e-22
-1.25423e-22
-1.25374e-22
-1.25369e-22
-1.25372e-22
-1.25418e-22
-1.25418e-22
-1.2546e-22
-1.25468e-22
-1.25421e-22
-1.25402e-22
-1.25437e-22
-1.25466e-22
-1.25475e-22
-1.25476e-22
-1.25456e-22
-1.25435e-22
-1.2538e-22
-1.25393e-22
-1.25428e-22
-1.25401e-22
-1.25388e-22
-1.25388e-22
-1.25373e-22
-1.25391e-22
-1.25373e-22
-1.25362e-22
-1.25345e-22
-1.25329e-22
-1.25351e-22
-1.25355e-22
-1.25354e-22
-1.25327e-22
-1.25347e-22
-1.25358e-22
-1.25396e-22
-1.25411e-22
-1.25453e-22
-1.25495e-22
-1.25482e-22
-1.25494e-22
-1.25472e-22
-1.25447e-22
-1.25409e-22
-1.25391e-22
-1.25355e-22
-1.25383e-22
-1.25371e-22
-1.25374e-22
-1.25382e-22
-1.25435e-22
-1.25423e-22
-1.25463e-22
-1.25447e-22
-1.25437e-22
-1.25435e-22
-1.25353e-22
-1.25321e-22
-1.25312e-22
-1.2534e-22
-1.25357e-22
-1.25337e-22
-1.25348e-22
-1.25356e-22
-1.25381e-22
-1.25406e-22
-1.25425e-22
-1.25495e-22
-1.25506e-22
-1.25516e-22
-1.25511e-22
-1.25483e-22
-1.25487e-22
-1.25438e-22
-1.25408e-22
-1.25356e-22
-1.25359e-22
-1.25388e-22
-1.25334e-22
-1.25363e-22
-1.25302e-22
-1.25328e-22
-1.25331e-22
-1.25391e-22
-1.25378e-22
-1.25367e-22
-1.25399e-22
-1.2538e-22
-1.25386e-22
-1.2539e-22
-1.25359e-22
-1.25337e-22
-1.25338e-22
-1.25351e-22
-1.25328e-22
-1.2531e-22
-1.25297e-22
-1.25342e-22
-1.25372e-22
-1.25367e-22
-1.25405e-22
-1.2543e-22
-1.25449e-22
-1.25453e-22
-1.25458e-22
-1.25458e-22
-1.25463e-22
-1.2544e-22
-1.254e-22
-1.25419e-22
-1.2541e-22
-1.25374e-22
-1.25358e-22
-1.25394e-22
-1.25387e-22
-1.25414e-22
-1.25421e-22
-1.25406e-22
-1.25403e-22
-1.25398e-22
-1.25396e-22
-1.25399e-22
-1.25439e-22
-1.25497e-22
-1.25443e-22
-1.25449e-22
-1.25426e-22
-1.2541e-22
-1.25388e-22
-1.2539e-22
-1.25382e-22
-1.25328e-22
-1.25269e-22
-1.25239e-22
-1.25277e-22
-1.25275e-22
-1.25282e-22
-1.25277e-22
-1.25313e-22
-1.25327e-22
-1.2535e-22
-1.25328e-22
-1.25349e-22
-1.25336e-22
-1.25344e-22
-1.25388e-22
-1.25428e-22
-1.25402e-22
-1.25355e-22
-1.25356e-22
-1.25329e-22
-1.25349e-22
-1.25376e-22
-1.25343e-22
-1.25346e-22
-1.25322e-22
-1.25346e-22
-1.25329e-22
-1.2537e-22
-1.25369e-22
-1.25407e-22
-1.2541e-22
-1.25467e-22
-1.25463e-22
-1.25445e-22
-1.25469e-22
-1.2544e-22
-1.25417e-22
-1.25409e-22
-1.25419e-22
-1.25415e-22
-1.25417e-22
-1.25427e-22
-1.25399e-22
-1.25356e-22
-1.25385e-22
-1.25351e-22
-1.25366e-22
-1.25405e-22
-1.25439e-22
-1.25407e-22
-1.25343e-22
-1.2535e-22
-1.25348e-22
-1.25345e-22
-1.25335e-22
-1.25251e-22
-1.25263e-22
-1.25298e-22
-1.25308e-22
-1.253e-22
-1.25295e-22
-1.25312e-22
-1.25365e-22
-1.2537e-22
-1.25348e-22
-1.25371e-22
-1.25347e-22
-1.25309e-22
-1.25315e-22
-1.25359e-22
-1.25371e-22
-1.25348e-22
-1.25355e-22
-1.25371e-22
-1.25376e-22
-1.25418e-22
-1.25397e-22
-1.25382e-22
-1.25392e-22
-1.25402e-22
-1.25391e-22
-1.25396e-22
-1.25421e-22
-1.25415e-22
-1.25459e-22
-1.25478e-22
-1.2546e-22
-1.25458e-22
-1.25451e-22
-1.25465e-22
-1.25426e-22
-1.2542e-22
-1.25436e-22
-1.25431e-22
-1.25459e-22
-1.25473e-22
-1.25409e-22
-1.25417e-22
-1.25422e-22
-1.25438e-22
-1.25452e-22
-1.25445e-22
-1.25445e-22
-1.25458e-22
-1.25403e-22
-1.25443e-22
-1.25491e-22
-1.25452e-22
-1.25456e-22
-1.25443e-22
-1.25425e-22
-1.25415e-22
-1.2544e-22
-1.25438e-22
-1.25436e-22
-1.25432e-22
-1.25476e-22
-1.25477e-22
-1.25458e-22
-1.2543e-22
-1.25442e-22
-1.25405e-22
-1.25395e-22
-1.25412e-22
-1.25401e-22
-1.2539e-22
-1.25379e-22
-1.25343e-22
-1.25317e-22
-1.25329e-22
-1.25353e-22
-1.2538e-22
-1.25408e-22
-1.25391e-22
-1.25388e-22
-1.25386e-22
-1.25393e-22
-1.2546e-22
-1.25433e-22
-1.2539e-22
-1.25391e-22
-1.25428e-22
-1.25473e-22
-1.25503e-22
-1.25502e-22
-1.25505e-22
-1.25491e-22
-1.25468e-22
-1.25424e-22
-1.25396e-22
-1.25424e-22
-1.25477e-22
-1.25466e-22
-1.25476e-22
-1.2544e-22
-1.25437e-22
-1.25441e-22
-1.2541e-22
-1.25441e-22
-1.25418e-22
-1.25441e-22
-1.25404e-22
-1.2544e-22
-1.25454e-22
-1.25493e-22
-1.25422e-22
-1.25403e-22
-1.25417e-22
-1.25391e-22
-1.25427e-22
-1.25397e-22
-1.25405e-22
-1.25409e-22
-1.25428e-22
-1.25387e-22
-1.254e-22
-1.2542e-22
-1.25384e-22
-1.25395e-22
-1.25438e-22
-1.25439e-22
-1.25443e-22
-1.25471e-22
-1.25434e-22
-1.25408e-22
-1.25394e-22
-1.25383e-22
-1.25389e-22
-1.254e-22
-1.25389e-22
-1.25411e-22
-1.25374e-22
-1.25386e-22
-1.25392e-22
-1.25388e-22
-1.2534e-22
-1.25334e-22
-1.25309e-22
-1.25334e-22
-1.25371e-22
-1.25327e-22
-1.25387e-22
-1.25371e-22
-1.25352e-22
-1.25377e-22
-1.25356e-22
-1.25368e-22
-1.254e-22
-1.25425e-22
-1.25444e-22
-1.25444e-22
-1.25432e-22
-1.25461e-22
-1.25494e-22
-1.25495e-22
-1.25492e-22
-1.25458e-22
-1.25435e-22
-1.25426e-22
-1.25419e-22
-1.25422e-22
-1.25454e-22
-1.25439e-22
-1.25424e-22
-1.25421e-22
-1.25356e-22
-1.25323e-22
-1.25346e-22
-1.25363e-22
-1.25418e-22
-1.25429e-22
-1.25402e-22
-1.25362e-22
-1.2537e-22
-1.25403e-22
-1.25405e-22
-1.25391e-22
-1.25388e-22
-1.25376e-22
-1.25358e-22
-1.25353e-22
-1.25323e-22
-1.25356e-22
-1.25363e-22
-1.25412e-22
-1.25421e-22
-1.25435e-22
-1.25449e-22
-1.25454e-22
-1.25452e-22
-1.25443e-22
-1.25427e-22
-1.25405e-22
-1.25426e-22
-1.25424e-22
-1.25418e-22
-1.25401e-22
-1.25446e-22
-1.25464e-22
-1.25444e-22
-1.25459e-22
-1.2544e-22
-1.25389e-22
-1.25381e-22
-1.25399e-22
-1.25385e-22
-1.25327e-22
-1.25376e-22
-1.25397e-22
-1.25362e-22
-1.25352e-22
-1.25364e-22
-1.25384e-22
-1.25431e-22
-1.25442e-22
-1.25431e-22
-1.25409e-22
-1.25412e-22
-1.25383e-22
-1.25337e-22
-1.25328e-22
-1.25317e-22
-1.25331e-22
-1.25365e-22
-1.25406e-22
-1.25396e-22
-1.25465e-22
-1.25425e-22
-1.25444e-22
-1.25393e-22
-1.25403e-22
-1.25398e-22
-1.25368e-22
-1.2534e-22
-1.25354e-22
-1.25312e-22
-1.25284e-22
-1.25285e-22
-1.25298e-22
-1.25308e-22
-1.2535e-22
-1.25381e-22
-1.25391e-22
-1.25401e-22
-1.25422e-22
-1.25413e-22
-1.25437e-22
-1.25432e-22
-1.25371e-22
-1.25371e-22
-1.2539e-22
-1.25412e-22
-1.25444e-22
-1.25453e-22
-1.25399e-22
-1.25352e-22
-1.25315e-22
-1.25326e-22
-1.2535e-22
-1.25407e-22
-1.25433e-22
-1.25443e-22
-1.25424e-22
-1.25415e-22
-1.25362e-22
-1.25395e-22
-1.25381e-22
-1.254e-22
-1.25405e-22
-1.25391e-22
-1.25348e-22
-1.25359e-22
-1.2537e-22
-1.25401e-22
-1.25399e-22
-1.25398e-22
-1.25425e-22
-1.25426e-22
-1.25392e-22
-1.25397e-22
-1.25366e-22
-1.25347e-22
-1.25361e-22
-1.25356e-22
-1.25334e-22
-1.25296e-22
-1.25351e-22
-1.25362e-22
-1.25394e-22
-1.25418e-22
-1.25438e-22
-1.25481e-22
-1.255e-22
-1.25475e-22
-1.25454e-22
-1.25466e-22
-1.25444e-22
-1.25437e-22
-1.25432e-22
-1.25396e-22
-1.25384e-22
-1.2539e-22
-1.25404e-22
-1.25407e-22
-1.25416e-22
-1.25394e-22
-1.25403e-22
-1.25422e-22
-1.25452e-22
-1.2548e-22
-1.25535e-22
-1.25499e-22
-1.25456e-22
-1.25474e-22
-1.25414e-22
-1.25399e-22
-1.25369e-22
-1.25322e-22
-1.25351e-22
-1.2536e-22
-1.25379e-22
-1.25389e-22
-1.25388e-22
-1.25445e-22
-1.25418e-22
-1.25419e-22
-1.25415e-22
-1.25401e-22
-1.25406e-22
-1.25447e-22
-1.25496e-22
-1.25468e-22
-1.25513e-22
-1.25521e-22
-1.25499e-22
-1.25429e-22
-1.25401e-22
-1.25455e-22
-1.2539e-22
-1.25394e-22
-1.25376e-22
-1.25375e-22
-1.25363e-22
-1.25366e-22
-1.25359e-22
-1.25357e-22
-1.25412e-22
-1.25362e-22
-1.25358e-22
-1.25365e-22
-1.25344e-22
-1.25354e-22
-1.25341e-22
-1.2537e-22
-1.25369e-22
-1.25366e-22
-1.25344e-22
-1.25366e-22
-1.2539e-22
-1.25392e-22
-1.25413e-22
-1.25434e-22
-1.25429e-22
-1.25447e-22
-1.25433e-22
-1.25422e-22
-1.25441e-22
-1.25421e-22
-1.25482e-22
-1.2546e-22
-1.25456e-22
-1.25496e-22
-1.25459e-22
-1.25441e-22
-1.25416e-22
-1.25402e-22
-1.25428e-22
-1.25417e-22
-1.25385e-22
-1.25381e-22
-1.25374e-22
-1.25359e-22
-1.25338e-22
-1.25403e-22
-1.25387e-22
-1.2535e-22
-1.2537e-22
-1.25374e-22
-1.2539e-22
-1.25407e-22
-1.25366e-22
-1.25407e-22
-1.25414e-22
-1.25431e-22
-1.25408e-22
-1.25407e-22
-1.25409e-22
-1.25409e-22
-1.25382e-22
-1.25385e-22
-1.25351e-22
-1.25335e-22
-1.25303e-22
-1.25314e-22
-1.25354e-22
-1.25381e-22
-1.25435e-22
-1.25488e-22
-1.25472e-22
-1.25483e-22
-1.25468e-22
-1.25492e-22
-1.25467e-22
-1.255e-22
-1.25481e-22
-1.25478e-22
-1.2546e-22
-1.25413e-22
-1.25396e-22
-1.25436e-22
-1.25419e-22
-1.25413e-22
-1.25384e-22
-1.25373e-22
-1.25365e-22
-1.25357e-22
-1.25357e-22
-1.25375e-22
-1.25371e-22
-1.25338e-22
-1.25337e-22
-1.25388e-22
-1.25362e-22
-1.2534e-22
-1.25329e-22
-1.25355e-22
-1.2535e-22
-1.25377e-22
-1.25369e-22
-1.25334e-22
-1.25281e-22
-1.25286e-22
-1.25294e-22
-1.25313e-22
-1.25315e-22
-1.25314e-22
-1.25316e-22
-1.25354e-22
-1.25367e-22
-1.25414e-22
-1.25426e-22
-1.25456e-22
-1.25502e-22
-1.25537e-22
-1.25525e-22
-1.25482e-22
-1.25483e-22
-1.25442e-22
-1.25489e-22
-1.25457e-22
-1.25452e-22
-1.25413e-22
-1.25404e-22
-1.25394e-22
-1.25376e-22
-1.25377e-22
-1.25385e-22
-1.25405e-22
-1.25401e-22
-1.25437e-22
-1.25469e-22
-1.25453e-22
-1.25445e-22
-1.25461e-22
-1.25495e-22
-1.25424e-22
-1.25439e-22
-1.25451e-22
-1.25432e-22
-1.254e-22
-1.25394e-22
-1.25388e-22
-1.25402e-22
-1.25408e-22
-1.25392e-22
-1.25405e-22
-1.25445e-22
-1.25424e-22
-1.25445e-22
-1.25384e-22
-1.25362e-22
-1.25368e-22
-1.25405e-22
-1.25451e-22
-1.25422e-22
-1.25443e-22
-1.25447e-22
-1.25459e-22
-1.25464e-22
-1.2549e-22
-1.25475e-22
-1.25396e-22
-1.25381e-22
-1.25304e-22
-1.25288e-22
-1.25301e-22
-1.25278e-22
-1.25287e-22
-1.25343e-22
-1.25309e-22
-1.25313e-22
-1.25319e-22
-1.25375e-22
-1.25382e-22
-1.25395e-22
-1.25358e-22
-1.25338e-22
-1.25343e-22
-1.25378e-22
-1.25378e-22
-1.25395e-22
-1.25418e-22
-1.25405e-22
-1.25398e-22
-1.25418e-22
-1.25438e-22
-1.25399e-22
-1.25409e-22
-1.25374e-22
-1.25381e-22
-1.25363e-22
-1.25401e-22
-1.25371e-22
-1.25394e-22
-1.25348e-22
-1.25354e-22
-1.25351e-22
-1.25361e-22
-1.25322e-22
-1.25339e-22
-1.25343e-22
-1.25389e-22
-1.25377e-22
-1.25368e-22
-1.25355e-22
-1.25359e-22
-1.25336e-22
-1.25352e-22
-1.25351e-22
-1.25419e-22
-1.25447e-22
-1.25462e-22
-1.25414e-22
-1.25414e-22
-1.25395e-22
-1.25374e-22
-1.25393e-22
-1.25411e-22
-1.25433e-22
-1.25443e-22
-1.25488e-22
-1.25428e-22
-1.25467e-22
-1.255e-22
-1.25522e-22
-1.25512e-22
-1.25412e-22
-1.25378e-22
-1.25352e-22
-1.25315e-22
-1.25302e-22
-1.25279e-22
-1.25281e-22
-1.25286e-22
-1.25287e-22
-1.25311e-22
-1.2535e-22
-1.16864e-22
-1.16858e-22
-1.16833e-22
-1.16792e-22
-1.16772e-22
-1.16808e-22
-1.16843e-22
-1.16883e-22
-1.16863e-22
-1.16903e-22
-1.16921e-22
-1.16935e-22
-1.16957e-22
-1.16973e-22
-1.1694e-22
-1.16902e-22
-1.16887e-22
-1.1685e-22
-1.16876e-22
-1.16904e-22
-1.16955e-22
-1.16982e-22
-1.16937e-22
-1.16868e-22
-1.16886e-22
-1.1687e-22
-1.1686e-22
-1.16883e-22
-1.16891e-22
-1.16901e-22
-1.16871e-22
-1.16866e-22
-1.16898e-22
-1.16929e-22
-1.16937e-22
-1.16944e-22
-1.16985e-22
-1.1695e-22
-1.16979e-22
-1.16954e-22
-1.16919e-22
-1.16942e-22
-1.16889e-22
-1.16858e-22
-1.16917e-22
-1.16864e-22
-1.16876e-22
-1.16925e-22
-1.16913e-22
-1.16893e-22
-1.169e-22
-1.16918e-22
-1.1691e-22
-1.16914e-22
-1.16917e-22
-1.16945e-22
-1.16964e-22
-1.16982e-22
-1.16973e-22
-1.16953e-22
-1.16923e-22
-1.16906e-22
-1.16891e-22
-1.1686e-22
-1.16836e-22
-1.16792e-22
-1.16809e-22
-1.16836e-22
-1.16858e-22
-1.16885e-22
-1.16897e-22
-1.16893e-22
-1.16895e-22
-1.16882e-22
-1.16874e-22
-1.16874e-22
-1.16874e-22
-1.16909e-22
-1.16899e-22
-1.16876e-22
-1.16853e-22
-1.16862e-22
-1.16856e-22
-1.16821e-22
-1.16787e-22
-1.16787e-22
-1.16849e-22
-1.16852e-22
-1.16856e-22
-1.16897e-22
-1.16927e-22
-1.16926e-22
-1.16961e-22
-1.17011e-22
-1.17033e-22
-1.17037e-22
-1.17082e-22
-1.17063e-22
-1.17008e-22
-1.16971e-22
-1.16921e-22
-1.16867e-22
-1.16829e-22
-1.16836e-22
-1.16799e-22
-1.16804e-22
-1.16805e-22
-1.16848e-22
-1.16873e-22
-1.16919e-22
-1.16931e-22
-1.16876e-22
-1.16851e-22
-1.16867e-22
-1.16854e-22
-1.16815e-22
-1.16807e-22
-1.16786e-22
-1.16773e-22
-1.16758e-22
-1.16779e-22
-1.16766e-22
-1.16829e-22
-1.16848e-22
-1.16889e-22
-1.16876e-22
-1.16868e-22
-1.16852e-22
-1.16861e-22
-1.16863e-22
-1.16833e-22
-1.16842e-22
-1.16818e-22
-1.16812e-22
-1.1682e-22
-1.16841e-22
-1.16823e-22
-1.16858e-22
-1.16854e-22
-1.16829e-22
-1.16821e-22
-1.16836e-22
-1.16855e-22
-1.16852e-22
-1.16884e-22
-1.16859e-22
-1.1683e-22
-1.16833e-22
-1.16859e-22
-1.16891e-22
-1.16915e-22
-1.16948e-22
-1.16983e-22
-1.16973e-22
-1.17e-22
-1.16924e-22
-1.16897e-22
-1.16895e-22
-1.16877e-22
-1.16904e-22
-1.16903e-22
-1.1692e-22
-1.16993e-22
-1.17005e-22
-1.16985e-22
-1.16991e-22
-1.16976e-22
-1.16965e-22
-1.16971e-22
-1.1697e-22
-1.16921e-22
-1.1694e-22
-1.16957e-22
-1.16994e-22
-1.16993e-22
-1.16966e-22
-1.16973e-22
-1.16936e-22
-1.16916e-22
-1.16894e-22
-1.16863e-22
-1.1688e-22
-1.16837e-22
-1.16846e-22
-1.16854e-22
-1.16902e-22
-1.16922e-22
-1.16939e-22
-1.16927e-22
-1.16891e-22
-1.16869e-22
-1.16876e-22
-1.16898e-22
-1.16937e-22
-1.16886e-22
-1.16916e-22
-1.16933e-22
-1.16916e-22
-1.16923e-22
-1.16904e-22
-1.16935e-22
-1.16939e-22
-1.16928e-22
-1.1691e-22
-1.16914e-22
-1.16868e-22
-1.1687e-22
-1.16843e-22
-1.16914e-22
-1.16923e-22
-1.16935e-22
-1.16928e-22
-1.1695e-22
-1.16939e-22
-1.16911e-22
-1.16949e-22
-1.16967e-22
-1.16926e-22
-1.16927e-22
-1.16943e-22
-1.16962e-22
-1.16936e-22
-1.16933e-22
-1.16933e-22
-1.16914e-22
-1.16928e-22
-1.16911e-22
-1.16903e-22
-1.16943e-22
-1.1694e-22
-1.16915e-22
-1.16893e-22
-1.16883e-22
-1.16871e-22
-1.16868e-22
-1.16908e-22
-1.16892e-22
-1.16902e-22
-1.16903e-22
-1.16898e-22
-1.16908e-22
-1.16921e-22
-1.16941e-22
-1.16994e-22
-1.16954e-22
-1.16925e-22
-1.16901e-22
-1.16924e-22
-1.16968e-22
-1.16919e-22
-1.16892e-22
-1.16904e-22
-1.16916e-22
-1.16922e-22
-1.16984e-22
-1.16994e-22
-1.16985e-22
-1.16951e-22
-1.16922e-22
-1.16905e-22
-1.16892e-22
-1.16888e-22
-1.16866e-22
-1.16883e-22
-1.16865e-22
-1.16903e-22
-1.16924e-22
-1.16921e-22
-1.16892e-22
-1.1685e-22
-1.16852e-22
-1.16845e-22
-1.16817e-22
-1.1681e-22
-1.16753e-22
-1.16777e-22
-1.16835e-22
-1.16907e-22
-1.1693e-22
-1.16941e-22
-1.1693e-22
-1.1699e-22
-1.16968e-22
-1.16992e-22
-1.17022e-22
-1.17024e-22
-1.16987e-22
-1.16983e-22
-1.16959e-22
-1.16952e-22
-1.1693e-22
-1.16934e-22
-1.16929e-22
-1.16948e-22
-1.16953e-22
-1.16909e-22
-1.16909e-22
-1.16948e-22
-1.16985e-22
-1.16976e-22
-1.16963e-22
-1.16923e-22
-1.16954e-22
-1.16937e-22
-1.16934e-22
-1.16971e-22
-1.16972e-22
-1.1699e-22
-1.16943e-22
-1.16932e-22
-1.16885e-22
-1.16911e-22
-1.16918e-22
-1.16854e-22
-1.16875e-22
-1.16875e-22
-1.16867e-22
-1.16865e-22
-1.16819e-22
-1.16837e-22
-1.1687e-22
-1.16832e-22
-1.16872e-22
-1.16873e-22
-1.16875e-22
-1.16846e-22
-1.16856e-22
-1.16907e-22
-1.16899e-22
-1.16912e-22
-1.16934e-22
-1.16941e-22
-1.16974e-22
-1.16977e-22
-1.1695e-22
-1.16981e-22
-1.16983e-22
-1.16949e-22
-1.169e-22
-1.16914e-22
-1.1685e-22
-1.16834e-22
-1.16874e-22
-1.16855e-22
-1.16888e-22
-1.16908e-22
-1.16904e-22
-1.16907e-22
-1.16915e-22
-1.1693e-22
-1.16914e-22
-1.16903e-22
-1.16866e-22
-1.16843e-22
-1.16828e-22
-1.16849e-22
-1.16833e-22
-1.16871e-22
-1.16861e-22
-1.16897e-22
-1.16941e-22
-1.1695e-22
-1.1697e-22
-1.16943e-22
-1.1695e-22
-1.16971e-22
-1.16959e-22
-1.17004e-22
-1.16954e-22
-1.16979e-22
-1.16961e-22
-1.16913e-22
-1.16888e-22
-1.16855e-22
-1.16805e-22
-1.16841e-22
-1.1686e-22
-1.16819e-22
-1.16844e-22
-1.16824e-22
-1.16847e-22
-1.16837e-22
-1.16875e-22
-1.16895e-22
-1.16845e-22
-1.16844e-22
-1.16867e-22
-1.16852e-22
-1.16821e-22
-1.16811e-22
-1.16808e-22
-1.16785e-22
-1.16772e-22
-1.16779e-22
-1.16835e-22
-1.16845e-22
-1.16876e-22
-1.16888e-22
-1.16877e-22
-1.16837e-22
-1.16831e-22
-1.168e-22
-1.16794e-22
-1.16781e-22
-1.16799e-22
-1.16755e-22
-1.16746e-22
-1.16791e-22
-1.16801e-22
-1.16821e-22
-1.16885e-22
-1.1687e-22
-1.16894e-22
-1.16904e-22
-1.16902e-22
-1.16884e-22
-1.16885e-22
-1.16873e-22
-1.16829e-22
-1.16855e-22
-1.16861e-22
-1.16804e-22
-1.16827e-22
-1.16761e-22
-1.16745e-22
-1.16714e-22
-1.1673e-22
-1.16752e-22
-1.16763e-22
-1.1678e-22
-1.16774e-22
-1.16785e-22
-1.168e-22
-1.16841e-22
-1.16848e-22
-1.16869e-22
-1.16869e-22
-1.1691e-22
-1.16912e-22
-1.16922e-22
-1.16919e-22
-1.16912e-22
-1.16906e-22
-1.1694e-22
-1.1692e-22
-1.16931e-22
-1.16959e-22
-1.16961e-22
-1.16918e-22
-1.16863e-22
-1.16855e-22
-1.16821e-22
-1.16776e-22
-1.16795e-22
-1.16769e-22
-1.16774e-22
-1.16802e-22
-1.16802e-22
-1.1682e-22
-1.16855e-22
-1.16919e-22
-1.16946e-22
-1.16933e-22
-1.16925e-22
-1.16958e-22
-1.16906e-22
-1.16894e-22
-1.16884e-22
-1.16872e-22
-1.16852e-22
-1.16831e-22
-1.16868e-22
-1.16846e-22
-1.16861e-22
-1.16891e-22
-1.16874e-22
-1.16895e-22
-1.16868e-22
-1.16856e-22
-1.1684e-22
-1.16842e-22
-1.16853e-22
-1.16859e-22
-1.16886e-22
-1.16898e-22
-1.16943e-22
-1.16941e-22
-1.16925e-22
-1.16929e-22
-1.16965e-22
-1.16949e-22
-1.16927e-22
-1.16929e-22
-1.16914e-22
-1.16898e-22
-1.16946e-22
-1.1693e-22
-1.16899e-22
-1.16895e-22
-1.16916e-22
-1.16911e-22
-1.16893e-22
-1.16852e-22
-1.16859e-22
-1.16824e-22
-1.16853e-22
-1.16918e-22
-1.16917e-22
-1.16955e-22
-1.16976e-22
-1.17018e-22
-1.17014e-22
-1.17024e-22
-1.16995e-22
-1.16984e-22
-1.16925e-22
-1.16906e-22
-1.1688e-22
-1.16863e-22
-1.16863e-22
-1.16841e-22
-1.16854e-22
-1.16832e-22
-1.16851e-22
-1.1682e-22
-1.16865e-22
-1.16923e-22
-1.16919e-22
-1.16915e-22
-1.16883e-22
-1.16882e-22
-1.16869e-22
-1.16877e-22
-1.16898e-22
-1.1688e-22
-1.16871e-22
-1.16897e-22
-1.16948e-22
-1.1689e-22
-1.16855e-22
-1.1691e-22
-1.16939e-22
-1.16939e-22
-1.16939e-22
-1.1693e-22
-1.16895e-22
-1.16937e-22
-1.16957e-22
-1.16944e-22
-1.16919e-22
-1.16903e-22
-1.16897e-22
-1.16868e-22
-1.16877e-22
-1.16916e-22
-1.16911e-22
-1.16948e-22
-1.16951e-22
-1.16946e-22
-1.16954e-22
-1.16953e-22
-1.16965e-22
-1.16982e-22
-1.16998e-22
-1.16991e-22
-1.16981e-22
-1.17013e-22
-1.16967e-22
-1.16911e-22
-1.16833e-22
-1.16867e-22
-1.16886e-22
-1.16829e-22
-1.16865e-22
-1.16894e-22
-1.1692e-22
-1.16935e-22
-1.16941e-22
-1.16964e-22
-1.16933e-22
-1.16903e-22
-1.16922e-22
-1.16871e-22
-1.16875e-22
-1.16842e-22
-1.16846e-22
-1.16819e-22
-1.168e-22
-1.16806e-22
-1.16843e-22
-1.16844e-22
-1.16837e-22
-1.16786e-22
-1.16821e-22
-1.16829e-22
-1.16865e-22
-1.16966e-22
-1.16959e-22
-1.16913e-22
-1.16961e-22
-1.16949e-22
-1.1685e-22
-1.16837e-22
-1.16853e-22
-1.16862e-22
-1.16883e-22
-1.16863e-22
-1.16848e-22
-1.169e-22
-1.16873e-22
-1.16868e-22
-1.16893e-22
-1.16866e-22
-1.16895e-22
-1.16919e-22
-1.16897e-22
-1.1689e-22
-1.16898e-22
-1.16921e-22
-1.16971e-22
-1.16943e-22
-1.16952e-22
-1.16943e-22
-1.16921e-22
-1.16915e-22
-1.16886e-22
-1.16849e-22
-1.16826e-22
-1.16859e-22
-1.16835e-22
-1.16816e-22
-1.16869e-22
-1.16852e-22
-1.16839e-22
-1.16877e-22
-1.16856e-22
-1.1681e-22
-1.16846e-22
-1.16868e-22
-1.16875e-22
-1.16891e-22
-1.16894e-22
-1.16858e-22
-1.16857e-22
-1.16859e-22
-1.16846e-22
-1.168e-22
-1.16797e-22
-1.16813e-22
-1.16801e-22
-1.16889e-22
-1.1692e-22
-1.16907e-22
-1.16969e-22
-1.17009e-22
-1.17026e-22
-1.17016e-22
-1.17041e-22
-1.16973e-22
-1.16989e-22
-1.16956e-22
-1.16922e-22
-1.16887e-22
-1.16879e-22
-1.16886e-22
-1.16861e-22
-1.16875e-22
-1.16839e-22
-1.16877e-22
-1.16889e-22
-1.16899e-22
-1.16935e-22
-1.16929e-22
-1.1687e-22
-1.16871e-22
-1.16835e-22
-1.16911e-22
-1.16919e-22
-1.16925e-22
-1.1688e-22
-1.16928e-22
-1.16898e-22
-1.169e-22
-1.1696e-22
-1.16894e-22
-1.16902e-22
-1.16908e-22
-1.16908e-22
-1.16924e-22
-1.16901e-22
-1.16922e-22
-1.16969e-22
-1.16974e-22
-1.16962e-22
-1.16946e-22
-1.1688e-22
-1.16832e-22
-1.16812e-22
-1.16843e-22
-1.16878e-22
-1.16898e-22
-1.16897e-22
-1.16881e-22
-1.16895e-22
-1.16883e-22
-1.16919e-22
-1.16967e-22
-1.16974e-22
-1.16973e-22
-1.17019e-22
-1.17036e-22
-1.17021e-22
-1.17025e-22
-1.16973e-22
-1.16919e-22
-1.16891e-22
-1.16867e-22
-1.16837e-22
-1.16818e-22
-1.16821e-22
-1.16793e-22
-1.16799e-22
-1.16809e-22
-1.16833e-22
-1.16812e-22
-1.16789e-22
-1.16828e-22
-1.16821e-22
-1.1687e-22
-1.16902e-22
-1.16911e-22
-1.16931e-22
-1.16917e-22
-1.16928e-22
-1.16965e-22
-1.16953e-22
-1.16919e-22
-1.16857e-22
-1.16888e-22
-1.16945e-22
-1.16961e-22
-1.16951e-22
-1.16969e-22
-1.16943e-22
-1.16899e-22
-1.16886e-22
-1.16834e-22
-1.16818e-22
-1.16799e-22
-1.16804e-22
-1.1684e-22
-1.16872e-22
-1.16875e-22
-1.16914e-22
-1.16951e-22
-1.16954e-22
-1.16925e-22
-1.16901e-22
-1.16897e-22
-1.16828e-22
-1.16883e-22
-1.16905e-22
-1.16913e-22
-1.16892e-22
-1.16871e-22
-1.16932e-22
-1.16948e-22
-1.16967e-22
-1.16917e-22
-1.16893e-22
-1.16906e-22
-1.16929e-22
-1.16945e-22
-1.16926e-22
-1.16922e-22
-1.16987e-22
-1.17013e-22
-1.16971e-22
-1.16977e-22
-1.16898e-22
-1.16899e-22
-1.1688e-22
-1.16874e-22
-1.1689e-22
-1.16874e-22
-1.16856e-22
-1.16859e-22
-1.16864e-22
-1.16838e-22
-1.16864e-22
-1.16892e-22
-1.16828e-22
-1.16841e-22
-1.16903e-22
-1.1693e-22
-1.16979e-22
-1.16969e-22
-1.16929e-22
-1.16947e-22
-1.16944e-22
-1.16961e-22
-1.16926e-22
-1.1686e-22
-1.16892e-22
-1.16847e-22
-1.1684e-22
-1.16841e-22
-1.16775e-22
-1.16763e-22
-1.16716e-22
-1.16764e-22
-1.16771e-22
-1.16819e-22
-1.16849e-22
-1.16873e-22
-1.1687e-22
-1.16845e-22
-1.16883e-22
-1.16922e-22
-1.16895e-22
-1.16911e-22
-1.16897e-22
-1.16909e-22
-1.16909e-22
-1.16943e-22
-1.16946e-22
-1.16958e-22
-1.16937e-22
-1.16939e-22
-1.16915e-22
-1.16913e-22
-1.16926e-22
-1.16895e-22
-1.16908e-22
-1.16938e-22
-1.16951e-22
-1.16939e-22
-1.16948e-22
-1.16943e-22
-1.16948e-22
-1.16945e-22
-1.16978e-22
-1.17001e-22
-1.16998e-22
-1.16996e-22
-1.17009e-22
-1.16985e-22
-1.16942e-22
-1.16935e-22
-1.16926e-22
-1.1695e-22
-1.16964e-22
-1.1698e-22
-1.16957e-22
-1.16954e-22
-1.16969e-22
-1.16879e-22
-1.16861e-22
-1.16834e-22
-1.16841e-22
-1.16789e-22
-1.1677e-22
-1.16803e-22
-1.16827e-22
-1.16874e-22
-1.16901e-22
-1.16935e-22
-1.16932e-22
-1.16925e-22
-1.16904e-22
-1.1689e-22
-1.16878e-22
-1.16857e-22
-1.16835e-22
-1.16852e-22
-1.16915e-22
-1.16919e-22
-1.16915e-22
-1.16901e-22
-1.16892e-22
-1.16919e-22
-1.16914e-22
-1.16925e-22
-1.16885e-22
-1.1692e-22
-1.16942e-22
-1.16995e-22
-1.17025e-22
-1.1697e-22
-1.16971e-22
-1.17017e-22
-1.17e-22
-1.16978e-22
-1.17001e-22
-1.16973e-22
-1.16978e-22
-1.16943e-22
-1.16956e-22
-1.16915e-22
-1.16965e-22
-1.17009e-22
-1.17e-22
-1.1699e-22
-1.16953e-22
-1.16963e-22
-1.16956e-22
-1.16913e-22
-1.16931e-22
-1.16985e-22
-1.16986e-22
-1.17039e-22
-1.17074e-22
-1.17071e-22
-1.17025e-22
-1.16976e-22
-1.16918e-22
-1.16951e-22
-1.16955e-22
-1.16958e-22
-1.16981e-22
-1.16932e-22
-1.16901e-22
-1.16896e-22
-1.16929e-22
-1.16916e-22
-1.16923e-22
-1.16934e-22
-1.16954e-22
-1.16952e-22
-1.16969e-22
-1.16993e-22
-1.16958e-22
-1.16981e-22
-1.1698e-22
-1.16946e-22
-1.16981e-22
-1.16992e-22
-1.16981e-22
-1.16946e-22
-1.16931e-22
-1.16888e-22
-1.16899e-22
-1.16979e-22
-1.16915e-22
-1.16889e-22
-1.16889e-22
-1.16887e-22
-1.16879e-22
-1.16873e-22
-1.16856e-22
-1.16812e-22
-1.16821e-22
-1.16815e-22
-1.16838e-22
-1.16873e-22
-1.16869e-22
-1.16872e-22
-1.16916e-22
-1.16874e-22
-1.16916e-22
-1.16917e-22
-1.16886e-22
-1.16906e-22
-1.16938e-22
-1.16952e-22
-1.16963e-22
-1.1696e-22
-1.16978e-22
-1.16987e-22
-1.16954e-22
-1.16974e-22
-1.1696e-22
-1.16905e-22
-1.16894e-22
-1.16925e-22
-1.16902e-22
-1.16865e-22
-1.16886e-22
-1.16875e-22
-1.16908e-22
-1.16903e-22
-1.16903e-22
-1.16891e-22
-1.16876e-22
-1.16854e-22
-1.16874e-22
-1.16907e-22
-1.16884e-22
-1.16895e-22
-1.16944e-22
-1.16947e-22
-1.16924e-22
-1.16895e-22
-1.169e-22
-1.16845e-22
-1.1682e-22
-1.16836e-22
-1.16822e-22
-1.16795e-22
-1.16791e-22
