2.49445e-23
2.42098e-23
2.29753e-23
2.12824e-23
1.91955e-23
1.68155e-23
1.42853e-23
1.17838e-23
9.51011e-24
7.65302e-24
6.35542e-24
5.68415e-24
5.6198e-24
6.06761e-24
6.88377e-24
7.90666e-24
8.98377e-24
9.98951e-24
1.08324e-23
1.14581e-23
1.18471e-23
1.20103e-23
1.19825e-23
1.18189e-23
1.15828e-23
1.13419e-23
1.11573e-23
1.10768e-23
1.11294e-23
1.13224e-23
1.16433e-23
1.20634e-23
1.2545e-23
1.30479e-23
1.35374e-23
1.3987e-23
1.43802e-23
1.47102e-23
1.49749e-23
1.51737e-23
1.53029e-23
1.53573e-23
1.53293e-23
1.52127e-23
1.50028e-23
1.47001e-23
1.43127e-23
1.38579e-23
1.33598e-23
1.28477e-23
1.23545e-23
1.19138e-23
1.15566e-23
1.13049e-23
1.11718e-23
1.11582e-23
1.12535e-23
1.14394e-23
1.1691e-23
1.19802e-23
1.2278e-23
1.2558e-23
1.28003e-23
1.29916e-23
1.31265e-23
1.32045e-23
1.32285e-23
1.32056e-23
1.31464e-23
1.30635e-23
1.29728e-23
1.28925e-23
1.28391e-23
1.2824e-23
1.28531e-23
1.29275e-23
1.30425e-23
1.31897e-23
1.3358e-23
1.35339e-23
1.37008e-23
1.38417e-23
1.39416e-23
1.39909e-23
1.39869e-23
1.39335e-23
1.384e-23
1.37187e-23
1.35809e-23
1.34371e-23
1.32936e-23
1.31513e-23
1.3009e-23
1.28608e-23
1.26977e-23
1.2512e-23
1.22993e-23
1.20599e-23
1.18018e-23
1.15416e-23
1.13022e-23
1.11101e-23
1.09896e-23
1.09569e-23
1.10157e-23
1.11579e-23
1.13673e-23
1.16247e-23
1.19147e-23
1.22291e-23
1.25655e-23
1.29243e-23
1.33028e-23
1.36909e-23
1.40692e-23
1.4413e-23
1.46949e-23
1.48942e-23
1.49968e-23
1.49968e-23
1.48986e-23
1.47131e-23
1.44574e-23
1.41521e-23
1.3819e-23
1.34813e-23
1.3158e-23
1.28671e-23
1.26234e-23
1.24374e-23
1.23131e-23
1.22461e-23
1.22269e-23
1.22407e-23
1.22712e-23
1.23027e-23
1.23236e-23
1.23267e-23
1.23099e-23
1.22772e-23
1.22372e-23
1.22013e-23
1.21822e-23
1.2191e-23
1.22349e-23
1.23156e-23
1.2427e-23
1.25555e-23
1.26827e-23
1.27872e-23
1.28492e-23
1.2855e-23
1.28005e-23
1.26915e-23
1.25415e-23
1.23691e-23
1.21942e-23
1.2036e-23
1.19124e-23
1.18391e-23
1.18304e-23
1.18998e-23
1.20568e-23
1.23048e-23
1.26383e-23
1.30389e-23
1.34784e-23
1.39229e-23
1.43367e-23
1.46858e-23
1.4942e-23
1.50866e-23
1.51126e-23
1.50223e-23
1.48281e-23
1.45481e-23
1.4207e-23
1.38302e-23
1.34422e-23
1.30647e-23
1.27143e-23
1.24042e-23
1.21426e-23
1.19346e-23
1.1783e-23
1.16866e-23
1.16408e-23
1.16378e-23
1.16655e-23
1.17075e-23
1.17442e-23
1.17581e-23
1.17372e-23
1.16791e-23
1.15948e-23
1.15056e-23
1.14401e-23
1.14276e-23
1.14955e-23
1.1664e-23
1.19436e-23
1.23323e-23
1.28143e-23
1.33609e-23
1.39348e-23
1.44951e-23
1.50034e-23
1.54294e-23
1.57517e-23
1.59577e-23
1.60424e-23
1.60063e-23
1.58529e-23
1.55883e-23
1.52208e-23
1.4764e-23
1.42363e-23
1.36625e-23
1.30708e-23
1.24881e-23
1.19392e-23
1.14424e-23
1.10119e-23
1.06583e-23
1.0392e-23
1.02233e-23
1.01594e-23
1.02032e-23
1.03505e-23
1.05894e-23
1.09035e-23
1.1274e-23
1.16832e-23
1.21137e-23
1.25482e-23
1.29693e-23
1.33576e-23
1.3693e-23
1.39559e-23
1.4131e-23
1.42094e-23
1.4191e-23
1.40834e-23
1.39007e-23
1.36637e-23
1.33974e-23
1.31269e-23
1.28742e-23
1.26582e-23
1.24922e-23
1.2384e-23
1.23345e-23
1.23398e-23
1.23902e-23
1.24713e-23
1.25667e-23
1.2661e-23
1.27406e-23
1.27957e-23
1.28232e-23
1.28283e-23
1.28219e-23
1.28215e-23
1.28419e-23
1.28917e-23
1.29705e-23
1.30698e-23
1.31752e-23
1.32697e-23
1.3339e-23
1.33777e-23
1.33887e-23
1.3386e-23
1.33867e-23
1.34074e-23
1.34601e-23
1.35493e-23
1.36706e-23
1.38126e-23
1.39592e-23
1.40916e-23
1.41898e-23
1.42326e-23
1.41987e-23
1.40689e-23
1.38275e-23
1.347e-23
1.30085e-23
1.24768e-23
1.19301e-23
1.14378e-23
1.10674e-23
1.08643e-23
1.08413e-23
1.09804e-23
1.12459e-23
1.15972e-23
1.19958e-23
1.24061e-23
1.27954e-23
1.31342e-23
1.33997e-23
1.35777e-23
1.36616e-23
1.36544e-23
1.35651e-23
1.34097e-23
1.32079e-23
1.29809e-23
1.27482e-23
1.25276e-23
1.23351e-23
1.21847e-23
1.20882e-23
1.20555e-23
1.20924e-23
1.2198e-23
1.23641e-23
1.25734e-23
1.28017e-23
1.30231e-23
1.32134e-23
1.33537e-23
1.34345e-23
1.34541e-23
1.34177e-23
1.33355e-23
1.322e-23
1.30855e-23
1.29447e-23
1.28113e-23
1.27008e-23
1.26257e-23
1.25932e-23
1.26028e-23
1.26459e-23
1.27092e-23
1.27785e-23
1.28415e-23
1.28917e-23
1.2931e-23
1.29661e-23
1.30054e-23
1.30578e-23
1.31292e-23
1.32201e-23
1.33262e-23
1.34376e-23
1.35411e-23
1.36197e-23
1.36597e-23
1.3651e-23
1.35887e-23
1.34742e-23
1.33147e-23
1.31221e-23
1.29103e-23
1.26962e-23
1.24961e-23
1.23263e-23
1.21986e-23
1.21182e-23
1.20838e-23
1.20859e-23
1.21115e-23
1.21469e-23
1.21811e-23
1.22078e-23
1.22233e-23
1.22269e-23
1.22214e-23
1.22118e-23
1.22064e-23
1.22148e-23
1.22485e-23
1.2319e-23
1.24323e-23
1.25893e-23
1.27837e-23
1.30042e-23
1.32382e-23
1.34735e-23
1.3699e-23
1.3904e-23
1.40773e-23
1.42082e-23
1.42873e-23
1.43049e-23
1.42559e-23
1.41401e-23
1.39643e-23
1.37409e-23
1.34875e-23
1.32226e-23
1.29647e-23
1.27298e-23
1.25311e-23
1.23777e-23
1.22743e-23
1.22197e-23
1.22085e-23
1.22304e-23
1.22713e-23
1.23175e-23
1.23546e-23
1.23717e-23
1.23602e-23
1.23149e-23
1.22333e-23
1.21153e-23
1.19666e-23
1.17977e-23
1.16248e-23
1.14691e-23
1.13556e-23
1.13086e-23
1.13488e-23
1.14872e-23
1.17237e-23
1.20467e-23
1.24348e-23
1.28593e-23
1.32891e-23
1.36942e-23
1.40493e-23
1.4336e-23
1.45421e-23
1.46605e-23
1.4691e-23
1.46378e-23
1.45107e-23
1.43225e-23
1.40899e-23
1.38307e-23
1.35643e-23
1.33095e-23
1.30842e-23
1.29031e-23
1.27765e-23
1.27083e-23
1.26947e-23
1.27274e-23
1.2797e-23
1.28931e-23
1.30049e-23
1.31193e-23
1.32231e-23
1.33008e-23
1.33396e-23
1.33279e-23
1.32591e-23
1.31325e-23
1.29528e-23
1.27305e-23
1.24805e-23
1.22214e-23
1.19727e-23
1.17539e-23
1.15821e-23
1.14699e-23
1.14237e-23
1.14416e-23
1.15142e-23
1.16274e-23
1.17656e-23
1.19142e-23
1.20634e-23
1.22079e-23
1.23474e-23
1.24828e-23
1.26125e-23
1.27362e-23
1.28543e-23
1.29709e-23
1.3091e-23
1.32206e-23
1.33606e-23
1.35078e-23
1.36554e-23
1.37932e-23
1.3913e-23
1.40077e-23
1.40731e-23
1.41068e-23
1.41065e-23
1.40697e-23
1.39936e-23
1.38758e-23
1.37184e-23
1.3529e-23
1.33196e-23
1.3108e-23
1.29145e-23
1.27562e-23
1.26469e-23
1.25932e-23
1.25942e-23
1.26431e-23
1.27273e-23
1.28311e-23
1.29367e-23
1.3028e-23
1.30931e-23
1.31264e-23
1.31288e-23
1.31074e-23
1.30736e-23
1.30385e-23
1.30105e-23
1.29917e-23
1.29804e-23
1.29711e-23
1.29604e-23
1.29462e-23
1.29301e-23
1.29137e-23
1.28975e-23
1.28799e-23
1.28576e-23
1.28273e-23
1.27883e-23
1.27416e-23
1.2689e-23
1.26331e-23
1.25742e-23
1.251e-23
1.24378e-23
1.23553e-23
1.22634e-23
1.21685e-23
1.20802e-23
1.20098e-23
1.19676e-23
1.19609e-23
1.19952e-23
1.20734e-23
1.21962e-23
1.23602e-23
1.25581e-23
1.27783e-23
1.30059e-23
1.32233e-23
1.34129e-23
1.3559e-23
1.36481e-23
1.36713e-23
1.36251e-23
1.35135e-23
1.33499e-23
1.31556e-23
1.29578e-23
1.27843e-23
1.26589e-23
1.25954e-23
1.25936e-23
1.26415e-23
1.27222e-23
1.28153e-23
1.29025e-23
1.29705e-23
1.30125e-23
1.3025e-23
1.3009e-23
1.29674e-23
1.29053e-23
1.28268e-23
1.2735e-23
1.26318e-23
1.25194e-23
1.24019e-23
1.2283e-23
1.21704e-23
1.20732e-23
1.20021e-23
1.19695e-23
1.19872e-23
1.20681e-23
1.22224e-23
1.24548e-23
1.27587e-23
1.31146e-23
1.34902e-23
1.38457e-23
1.41435e-23
1.43555e-23
1.44705e-23
1.44948e-23
1.44459e-23
1.43471e-23
1.42208e-23
1.40834e-23
1.39423e-23
1.37975e-23
1.36439e-23
1.34774e-23
1.32973e-23
1.31084e-23
1.29222e-23
1.2752e-23
1.26101e-23
1.25042e-23
1.24337e-23
1.23903e-23
1.236e-23
1.23253e-23
1.22702e-23
1.21832e-23
1.206e-23
1.19045e-23
1.17303e-23
1.15606e-23
1.14244e-23
1.13534e-23
1.13752e-23
1.15081e-23
1.17548e-23
1.21004e-23
1.25139e-23
1.2955e-23
1.33839e-23
1.37685e-23
1.40832e-23
1.43115e-23
1.44421e-23
1.44688e-23
1.43902e-23
1.42117e-23
1.39477e-23
1.36225e-23
1.32666e-23
1.29143e-23
1.25978e-23
1.23422e-23
1.21614e-23
1.20575e-23
1.20229e-23
1.20434e-23
1.21057e-23
1.22001e-23
1.23196e-23
1.24578e-23
1.26059e-23
1.27509e-23
1.28777e-23
1.29717e-23
1.30231e-23
1.30293e-23
1.29964e-23
1.29361e-23
1.28648e-23
1.27998e-23
1.27565e-23
1.27468e-23
1.27767e-23
1.28476e-23
1.29555e-23
1.30925e-23
1.32457e-23
1.33989e-23
1.35346e-23
1.36362e-23
1.36887e-23
1.36807e-23
1.36053e-23
1.34613e-23
1.325e-23
1.29779e-23
1.26567e-23
1.23033e-23
1.19404e-23
1.15947e-23
1.12967e-23
1.10763e-23
1.0959e-23
1.09629e-23
1.10939e-23
1.13446e-23
1.16954e-23
1.21174e-23
1.25752e-23
1.30321e-23
1.34531e-23
1.38092e-23
1.40783e-23
1.42485e-23
1.43198e-23
1.43005e-23
1.42064e-23
1.40564e-23
1.38699e-23
1.36655e-23
1.34568e-23
1.32532e-23
1.30594e-23
1.28765e-23
1.27024e-23
1.25353e-23
1.23778e-23
1.224e-23
1.21348e-23
1.20763e-23
1.20728e-23
1.21228e-23
1.2217e-23
1.23405e-23
1.24763e-23
1.26078e-23
1.27215e-23
1.28063e-23
1.28565e-23
1.28702e-23
1.28499e-23
1.28012e-23
1.2734e-23
1.26583e-23
1.25869e-23
1.25335e-23
1.25108e-23
1.25281e-23
1.25899e-23
1.26954e-23
1.28381e-23
1.30069e-23
1.31865e-23
1.33591e-23
1.35064e-23
1.36123e-23
1.36643e-23
1.36546e-23
1.35826e-23
1.34546e-23
1.32834e-23
1.30859e-23
1.28789e-23
1.26791e-23
1.24995e-23
1.23515e-23
1.22454e-23
1.21893e-23
1.21871e-23
1.22381e-23
1.23329e-23
1.24589e-23
1.26006e-23
1.27433e-23
1.28755e-23
1.29893e-23
1.30827e-23
1.31584e-23
1.32191e-23
1.32672e-23
1.3304e-23
1.33272e-23
1.33329e-23
1.33142e-23
1.32644e-23
1.31782e-23
1.30533e-23
1.28902e-23
1.26954e-23
1.24808e-23
1.22664e-23
1.20762e-23
1.1936e-23
1.18695e-23
1.18955e-23
1.20218e-23
1.22448e-23
1.25499e-23
1.29112e-23
1.32973e-23
1.36753e-23
1.40123e-23
1.42796e-23
1.44539e-23
1.45187e-23
1.44646e-23
1.42918e-23
1.40106e-23
1.36415e-23
1.32136e-23
1.2764e-23
1.23341e-23
1.19639e-23
1.1687e-23
1.15259e-23
1.14889e-23
1.15696e-23
1.17484e-23
1.19973e-23
1.22852e-23
1.25817e-23
1.28623e-23
1.31099e-23
1.33153e-23
1.34757e-23
1.35925e-23
1.36695e-23
1.37106e-23
1.37187e-23
1.36968e-23
1.36474e-23
1.35734e-23
1.34767e-23
1.33592e-23
1.32234e-23
1.30738e-23
1.29178e-23
1.2766e-23
1.26317e-23
1.25285e-23
1.24681e-23
1.24584e-23
1.25027e-23
1.25989e-23
1.27407e-23
1.29163e-23
1.3111e-23
1.33062e-23
1.34823e-23
1.36176e-23
1.36939e-23
1.36954e-23
1.36135e-23
1.3448e-23
1.32073e-23
1.29085e-23
1.25745e-23
1.22331e-23
1.19135e-23
1.16429e-23
1.14424e-23
1.13244e-23
1.12918e-23
1.13409e-23
1.14632e-23
1.1649e-23
1.1888e-23
1.21697e-23
1.24824e-23
1.28119e-23
1.31398e-23
1.34451e-23
1.37059e-23
1.3903e-23
1.40228e-23
1.40592e-23
1.40139e-23
1.38971e-23
1.37246e-23
1.35173e-23
1.32995e-23
1.30939e-23
1.29204e-23
1.27913e-23
1.27135e-23
1.2688e-23
1.27095e-23
1.27694e-23
1.28565e-23
1.29589e-23
1.30637e-23
1.31597e-23
1.32375e-23
1.32859e-23
1.32959e-23
1.32612e-23
1.31793e-23
1.30502e-23
1.28774e-23
1.26691e-23
1.24364e-23
1.21948e-23
1.19641e-23
1.17665e-23
1.16252e-23
1.15602e-23
1.15838e-23
1.16992e-23
1.18967e-23
1.21559e-23
1.24508e-23
1.27535e-23
1.30375e-23
1.32815e-23
1.34694e-23
1.35892e-23
1.36337e-23
1.35998e-23
1.34903e-23
1.33137e-23
1.30847e-23
1.28234e-23
1.25554e-23
1.23086e-23
1.21084e-23
1.19733e-23
1.19124e-23
1.19275e-23
1.20135e-23
1.21627e-23
1.23672e-23
1.26172e-23
1.29031e-23
1.32114e-23
1.35266e-23
1.38314e-23
1.41093e-23
1.4346e-23
1.4529e-23
1.46474e-23
1.46912e-23
1.46508e-23
1.45211e-23
1.43017e-23
1.40016e-23
1.36384e-23
1.32389e-23
1.28365e-23
1.24701e-23
1.21774e-23
1.19883e-23
1.19179e-23
1.19596e-23
1.20866e-23
1.22565e-23
1.24232e-23
1.25454e-23
1.25957e-23
1.25676e-23
1.24738e-23
1.23434e-23
1.22146e-23
1.21236e-23
1.20978e-23
1.21511e-23
1.22835e-23
1.24832e-23
1.27299e-23
1.29984e-23
1.32629e-23
1.34973e-23
1.3681e-23
1.37974e-23
1.38366e-23
1.37978e-23
1.36882e-23
1.35219e-23
1.3317e-23
1.30942e-23
1.28724e-23
1.26663e-23
1.24861e-23
1.23368e-23
1.22196e-23
1.21348e-23
1.20848e-23
1.20734e-23
1.21048e-23
1.21812e-23
1.23011e-23
1.24588e-23
1.26466e-23
1.2855e-23
1.3075e-23
1.32956e-23
1.35052e-23
1.36877e-23
1.38276e-23
1.39101e-23
1.39249e-23
1.38691e-23
1.37482e-23
1.35749e-23
1.3367e-23
1.3143e-23
1.29181e-23
1.27043e-23
1.25122e-23
1.23491e-23
1.22217e-23
1.2136e-23
1.20957e-23
1.21024e-23
1.2154e-23
1.22463e-23
1.23736e-23
1.25301e-23
1.27096e-23
1.29027e-23
1.30956e-23
1.32711e-23
1.34099e-23
1.34941e-23
1.35116e-23
1.34581e-23
1.33366e-23
1.31573e-23
1.29356e-23
1.2692e-23
2.47152e-23
2.3971e-23
2.30063e-23
2.19074e-23
2.07765e-23
1.97165e-23
1.882e-23
1.81521e-23
1.77428e-23
1.75852e-23
1.7644e-23
1.7864e-23
1.81791e-23
1.85188e-23
1.88173e-23
1.90285e-23
1.91318e-23
1.91371e-23
1.90787e-23
1.89974e-23
1.89286e-23
1.88899e-23
1.88833e-23
1.89014e-23
1.89373e-23
1.89866e-23
1.90477e-23
1.91211e-23
1.92061e-23
1.93e-23
1.94035e-23
1.95227e-23
1.96657e-23
1.98379e-23
2.00353e-23
2.02451e-23
2.04445e-23
2.06043e-23
2.06955e-23
2.06926e-23
2.05805e-23
2.03533e-23
2.00166e-23
1.95823e-23
1.90688e-23
1.85004e-23
1.79082e-23
1.73299e-23
1.68096e-23
1.63949e-23
1.61325e-23
1.60619e-23
1.62043e-23
1.65574e-23
1.70915e-23
1.77512e-23
1.84689e-23
1.91832e-23
1.98484e-23
2.04365e-23
2.09296e-23
2.13127e-23
2.1569e-23
2.16843e-23
2.1654e-23
2.14876e-23
2.12085e-23
2.08515e-23
2.04592e-23
2.00757e-23
1.97421e-23
1.9492e-23
1.93497e-23
1.93266e-23
1.94175e-23
1.95988e-23
1.98308e-23
2.00693e-23
2.02758e-23
2.04231e-23
2.0499e-23
2.05014e-23
2.04325e-23
2.02914e-23
2.00801e-23
1.98061e-23
1.94864e-23
1.91452e-23
1.88116e-23
1.85164e-23
1.82837e-23
1.81325e-23
1.80765e-23
1.81215e-23
1.82654e-23
1.84986e-23
1.88025e-23
1.91501e-23
1.95078e-23
1.98411e-23
2.01184e-23
2.03151e-23
2.0419e-23
2.04311e-23
2.03653e-23
2.02439e-23
2.00952e-23
1.995e-23
1.9832e-23
1.97538e-23
1.97172e-23
1.97145e-23
1.97329e-23
1.9758e-23
1.9775e-23
1.97674e-23
1.97182e-23
1.96144e-23
1.94505e-23
1.92323e-23
1.89777e-23
1.87152e-23
1.84788e-23
1.82981e-23
1.81926e-23
1.81654e-23
1.82038e-23
1.82826e-23
1.8372e-23
1.84453e-23
1.84816e-23
1.84719e-23
1.8419e-23
1.83343e-23
1.8236e-23
1.81432e-23
1.80698e-23
1.80214e-23
1.7992e-23
1.79704e-23
1.79466e-23
1.79217e-23
1.79104e-23
1.79352e-23
1.80143e-23
1.81563e-23
1.83565e-23
1.86068e-23
1.89026e-23
1.92407e-23
1.96138e-23
2.00075e-23
2.03974e-23
2.07546e-23
2.10492e-23
2.12521e-23
2.13394e-23
2.12919e-23
2.11036e-23
2.07891e-23
2.0383e-23
1.99379e-23
1.95161e-23
1.91736e-23
1.89501e-23
1.88634e-23
1.89086e-23
1.90591e-23
1.92759e-23
1.95157e-23
1.97396e-23
1.99159e-23
2.00211e-23
2.00375e-23
1.99554e-23
1.97788e-23
1.95256e-23
1.92315e-23
1.8943e-23
1.87031e-23
1.85383e-23
1.84534e-23
1.84356e-23
1.84677e-23
1.85348e-23
1.86253e-23
1.87307e-23
1.88449e-23
1.89655e-23
1.90963e-23
1.9247e-23
1.94267e-23
1.96383e-23
1.98766e-23
2.01258e-23
2.03634e-23
2.05657e-23
2.07138e-23
2.07968e-23
2.08136e-23
2.07769e-23
2.07091e-23
2.06402e-23
2.05995e-23
2.06083e-23
2.06711e-23
2.07784e-23
2.09103e-23
2.1039e-23
2.11372e-23
2.1177e-23
2.11329e-23
2.09884e-23
2.07361e-23
2.03789e-23
1.99284e-23
1.94024e-23
1.88284e-23
1.82436e-23
1.76988e-23
1.72524e-23
1.69578e-23
1.68472e-23
1.69219e-23
1.71528e-23
1.74938e-23
1.78957e-23
1.83184e-23
1.87332e-23
1.91212e-23
1.94677e-23
1.97563e-23
1.9972e-23
2.01057e-23
2.01586e-23
2.01422e-23
2.00783e-23
1.99894e-23
1.98954e-23
1.98074e-23
1.97289e-23
1.96597e-23
1.96007e-23
1.95552e-23
1.95276e-23
1.95191e-23
1.95256e-23
1.95386e-23
1.95495e-23
1.95539e-23
1.95529e-23
1.95524e-23
1.95569e-23
1.9568e-23
1.95817e-23
1.95876e-23
1.95739e-23
1.95287e-23
1.94432e-23
1.93161e-23
1.91584e-23
1.89939e-23
1.88539e-23
1.87651e-23
1.87421e-23
1.87854e-23
1.88845e-23
1.90234e-23
1.91887e-23
1.93723e-23
1.95693e-23
1.97734e-23
1.99748e-23
2.01588e-23
2.03096e-23
2.0416e-23
2.04781e-23
2.05083e-23
2.05296e-23
2.05639e-23
2.06252e-23
2.07088e-23
2.0793e-23
2.08472e-23
2.08412e-23
2.07511e-23
2.05637e-23
2.02799e-23
1.9912e-23
1.94818e-23
1.90144e-23
1.85372e-23
1.80791e-23
1.76738e-23
1.73601e-23
1.71768e-23
1.71562e-23
1.73186e-23
1.76676e-23
1.81883e-23
1.88472e-23
1.95865e-23
2.03262e-23
2.09723e-23
2.14313e-23
2.16301e-23
2.15329e-23
2.11525e-23
2.05522e-23
1.98355e-23
1.91235e-23
1.85238e-23
1.81043e-23
1.78858e-23
1.78523e-23
1.79656e-23
1.81778e-23
1.84413e-23
1.87107e-23
1.89471e-23
1.91186e-23
1.92017e-23
1.91864e-23
1.90768e-23
1.88926e-23
1.867e-23
1.84589e-23
1.83147e-23
1.82897e-23
1.84224e-23
1.87284e-23
1.91988e-23
1.98026e-23
2.04885e-23
2.1191e-23
2.184e-23
2.23678e-23
2.27188e-23
2.28573e-23
2.27695e-23
2.24649e-23
2.19799e-23
2.13698e-23
2.07016e-23
2.00437e-23
1.94542e-23
1.8975e-23
1.86278e-23
1.84191e-23
1.83435e-23
1.83847e-23
1.85199e-23
1.87231e-23
1.89658e-23
1.92198e-23
1.94576e-23
1.96496e-23
1.97706e-23
1.9803e-23
1.97398e-23
1.95904e-23
1.93769e-23
1.91284e-23
1.88742e-23
1.8636e-23
1.84258e-23
1.82509e-23
1.81216e-23
1.80535e-23
1.80628e-23
1.81602e-23
1.8338e-23
1.85664e-23
1.88012e-23
1.90004e-23
1.91378e-23
1.92125e-23
1.92404e-23
1.92471e-23
1.92538e-23
1.92709e-23
1.93002e-23
1.93348e-23
1.93678e-23
1.93976e-23
1.94313e-23
1.94822e-23
1.95637e-23
1.96823e-23
1.98337e-23
2.00034e-23
2.0172e-23
2.03217e-23
2.04383e-23
2.05145e-23
2.05486e-23
2.05413e-23
2.04977e-23
2.04256e-23
2.03332e-23
2.02236e-23
2.00918e-23
1.99237e-23
1.97082e-23
1.94462e-23
1.9158e-23
1.88846e-23
1.86779e-23
1.85865e-23
1.86368e-23
1.88225e-23
1.9107e-23
1.94372e-23
1.97609e-23
2.00367e-23
2.02373e-23
2.03483e-23
2.03622e-23
2.02783e-23
2.01044e-23
1.98563e-23
1.95582e-23
1.92372e-23
1.89201e-23
1.86301e-23
1.83821e-23
1.81854e-23
1.80397e-23
1.79347e-23
1.78576e-23
1.7808e-23
1.78035e-23
1.78777e-23
1.80615e-23
1.83621e-23
1.8757e-23
1.92032e-23
1.96531e-23
2.00664e-23
2.04169e-23
2.06858e-23
2.08589e-23
2.09293e-23
2.08949e-23
2.07608e-23
2.05376e-23
2.02406e-23
1.98914e-23
1.9517e-23
1.91494e-23
1.8818e-23
1.85441e-23
1.83397e-23
1.82109e-23
1.81615e-23
1.81958e-23
1.83165e-23
1.85212e-23
1.88011e-23
1.91374e-23
1.95025e-23
1.98648e-23
2.01951e-23
2.04733e-23
2.06869e-23
2.08294e-23
2.08986e-23
2.08936e-23
2.08156e-23
2.06684e-23
2.04646e-23
2.02221e-23
1.99652e-23
1.97179e-23
1.95021e-23
1.93305e-23
1.92069e-23
1.91285e-23
1.90886e-23
1.90797e-23
1.90941e-23
1.91206e-23
1.9147e-23
1.91613e-23
1.91538e-23
1.91174e-23
1.90473e-23
1.89389e-23
1.87889e-23
1.85985e-23
1.83766e-23
1.81456e-23
1.79433e-23
1.78168e-23
1.78099e-23
1.79436e-23
1.82038e-23
1.85396e-23
1.88847e-23
1.91835e-23
1.94086e-23
1.95639e-23
1.96749e-23
1.97757e-23
1.98967e-23
2.00555e-23
2.02491e-23
2.04567e-23
2.06448e-23
2.07772e-23
2.08258e-23
2.07773e-23
2.06367e-23
2.04259e-23
2.01795e-23
1.99354e-23
1.97215e-23
1.95496e-23
1.9421e-23
1.93307e-23
1.92756e-23
1.92556e-23
1.92722e-23
1.93241e-23
1.94078e-23
1.95177e-23
1.96423e-23
1.97643e-23
1.98639e-23
1.99193e-23
1.99169e-23
1.98515e-23
1.97302e-23
1.9573e-23
1.9408e-23
1.92654e-23
1.91699e-23
1.91359e-23
1.91667e-23
1.9258e-23
1.94047e-23
1.95972e-23
1.98246e-23
2.00708e-23
2.03112e-23
2.05123e-23
2.06353e-23
2.06442e-23
2.05198e-23
2.02653e-23
1.99108e-23
1.95038e-23
1.90983e-23
1.87456e-23
1.84852e-23
1.83418e-23
1.83248e-23
1.84231e-23
1.86043e-23
1.88213e-23
1.90188e-23
1.91481e-23
1.91778e-23
1.91006e-23
1.89344e-23
1.87172e-23
1.8494e-23
1.83032e-23
1.81653e-23
1.80847e-23
1.8055e-23
1.8072e-23
1.81372e-23
1.82638e-23
1.84678e-23
1.87555e-23
1.91155e-23
1.95152e-23
1.99081e-23
2.02488e-23
2.05048e-23
2.06681e-23
2.07516e-23
2.07802e-23
2.07791e-23
2.07645e-23
2.07386e-23
2.06923e-23
2.06088e-23
2.04746e-23
2.02888e-23
2.00637e-23
1.98249e-23
1.96072e-23
1.94429e-23
1.93545e-23
1.93473e-23
1.94087e-23
1.95128e-23
1.9628e-23
1.97246e-23
1.97815e-23
1.97887e-23
1.97461e-23
1.96643e-23
1.95594e-23
1.94505e-23
1.93522e-23
1.92719e-23
1.9206e-23
1.91447e-23
1.9077e-23
1.89928e-23
1.8886e-23
1.87548e-23
1.86031e-23
1.84473e-23
1.8313e-23
1.82349e-23
1.82464e-23
1.83695e-23
1.86071e-23
1.89364e-23
1.9311e-23
1.96706e-23
1.99535e-23
2.01101e-23
2.01133e-23
1.99638e-23
1.96869e-23
1.93279e-23
1.89432e-23
1.85901e-23
1.83164e-23
1.81551e-23
1.81241e-23
1.8225e-23
1.84481e-23
1.87734e-23
1.91731e-23
1.96135e-23
2.00582e-23
2.04719e-23
2.08178e-23
2.10644e-23
2.11879e-23
2.11743e-23
2.10255e-23
2.07601e-23
2.04147e-23
2.00405e-23
1.96946e-23
1.94253e-23
1.92581e-23
1.91903e-23
1.91896e-23
1.92038e-23
1.91825e-23
1.90898e-23
1.89135e-23
1.86673e-23
1.83862e-23
1.81162e-23
1.79034e-23
1.77812e-23
1.77661e-23
1.78553e-23
1.80313e-23
1.82692e-23
1.85467e-23
1.88476e-23
1.91609e-23
1.9478e-23
1.97856e-23
2.00626e-23
2.02771e-23
2.0393e-23
2.03816e-23
2.02352e-23
1.99728e-23
1.96432e-23
1.93136e-23
1.90496e-23
1.88938e-23
1.88552e-23
1.89135e-23
1.90347e-23
1.91846e-23
1.93387e-23
1.94835e-23
1.96161e-23
1.97363e-23
1.98464e-23
1.99432e-23
2.00198e-23
2.00688e-23
2.00868e-23
2.00778e-23
2.00517e-23
2.0022e-23
1.99974e-23
1.99766e-23
1.99498e-23
1.98973e-23
1.97982e-23
1.96389e-23
1.94206e-23
1.91643e-23
1.89091e-23
1.8705e-23
1.85952e-23
1.86017e-23
1.87196e-23
1.89216e-23
1.91699e-23
1.94247e-23
1.96502e-23
1.98184e-23
1.99101e-23
1.99174e-23
1.98441e-23
1.9707e-23
1.95337e-23
1.93577e-23
1.92153e-23
1.91392e-23
1.91516e-23
1.92566e-23
1.94355e-23
1.96538e-23
1.98729e-23
2.00637e-23
2.02095e-23
2.02976e-23
2.03125e-23
2.02363e-23
2.00649e-23
1.98172e-23
1.95321e-23
1.9258e-23
1.90386e-23
1.89014e-23
1.88532e-23
1.88798e-23
1.89527e-23
1.9035e-23
1.90906e-23
1.90924e-23
1.90314e-23
1.89185e-23
1.87846e-23
1.86706e-23
1.86143e-23
1.8636e-23
1.8734e-23
1.88877e-23
1.90676e-23
1.92448e-23
1.94036e-23
1.95433e-23
1.96773e-23
1.98265e-23
2.00079e-23
2.02234e-23
2.04517e-23
2.06495e-23
2.07655e-23
2.0758e-23
2.06061e-23
2.0314e-23
1.99073e-23
1.94276e-23
1.89252e-23
1.84538e-23
1.80636e-23
1.77949e-23
1.76709e-23
1.76915e-23
1.7833e-23
1.80554e-23
1.83123e-23
1.85616e-23
1.87721e-23
1.89265e-23
1.902e-23
1.90589e-23
1.90567e-23
1.90368e-23
1.90279e-23
1.90582e-23
1.91509e-23
1.93155e-23
1.95432e-23
1.98108e-23
2.00896e-23
2.03528e-23
2.05803e-23
2.07587e-23
2.08779e-23
2.09228e-23
2.08747e-23
2.07152e-23
2.04395e-23
2.00684e-23
1.96516e-23
1.92552e-23
1.89397e-23
1.87398e-23
1.86534e-23
1.86531e-23
1.87034e-23
1.87814e-23
1.88888e-23
1.90461e-23
1.92724e-23
1.95736e-23
1.99285e-23
2.02916e-23
2.06068e-23
2.08232e-23
2.09083e-23
2.08557e-23
2.06813e-23
2.04184e-23
2.01086e-23
1.97947e-23
1.95117e-23
1.92833e-23
1.91195e-23
1.9021e-23
1.89799e-23
1.89881e-23
1.90414e-23
1.91396e-23
1.92817e-23
1.94584e-23
1.96433e-23
1.97982e-23
1.98794e-23
1.98533e-23
1.97045e-23
1.94388e-23
1.90789e-23
1.86614e-23
1.82294e-23
1.78264e-23
1.74938e-23
1.72663e-23
1.71649e-23
1.71965e-23
1.73531e-23
1.76176e-23
1.79674e-23
1.83821e-23
1.88426e-23
1.93296e-23
1.98197e-23
2.02831e-23
2.06853e-23
2.09911e-23
2.11709e-23
2.12062e-23
2.1093e-23
2.08449e-23
2.04882e-23
2.00567e-23
1.95879e-23
1.91207e-23
1.86907e-23
1.83309e-23
1.80699e-23
1.79284e-23
1.79171e-23
1.8035e-23
1.82636e-23
1.85709e-23
1.89107e-23
1.92329e-23
1.94876e-23
1.96331e-23
1.96424e-23
1.95075e-23
1.92441e-23
1.88945e-23
1.85241e-23
1.82139e-23
1.80448e-23
1.80778e-23
1.83322e-23
1.87755e-23
1.93302e-23
1.98989e-23
2.03935e-23
2.07538e-23
2.09547e-23
2.09994e-23
2.09121e-23
2.07297e-23
2.04941e-23
2.02507e-23
2.00411e-23
1.98976e-23
1.98364e-23
1.98583e-23
1.99559e-23
2.01252e-23
2.03634e-23
2.0659e-23
2.09788e-23
2.12633e-23
2.14377e-23
2.14404e-23
2.1243e-23
2.08632e-23
2.03628e-23
1.98335e-23
1.93754e-23
1.90721e-23
1.89691e-23
1.90633e-23
1.9312e-23
1.96487e-23
2.00052e-23
2.03184e-23
2.0537e-23
2.06235e-23
2.05541e-23
2.0321e-23
1.99365e-23
1.94318e-23
1.88544e-23
1.82585e-23
1.7701e-23
1.72305e-23
1.6882e-23
1.66752e-23
1.66141e-23
1.66894e-23
1.68818e-23
1.71653e-23
1.75094e-23
1.78848e-23
1.82659e-23
1.86308e-23
1.89605e-23
1.92398e-23
1.94549e-23
1.95969e-23
1.96667e-23
1.96733e-23
1.96335e-23
1.95696e-23
1.95031e-23
1.94524e-23
1.94308e-23
1.94458e-23
1.94958e-23
1.95691e-23
1.96464e-23
1.9707e-23
1.97344e-23
1.97201e-23
1.96616e-23
1.95662e-23
1.94483e-23
1.93295e-23
1.92393e-23
1.92106e-23
1.92723e-23
1.94423e-23
1.97191e-23
2.00758e-23
2.04645e-23
2.0824e-23
2.10958e-23
2.12391e-23
2.12379e-23
2.11032e-23
2.08708e-23
2.05912e-23
2.03213e-23
2.0113e-23
2.00014e-23
1.99994e-23
2.00964e-23
2.02583e-23
2.04403e-23
2.05944e-23
2.06756e-23
2.06479e-23
2.04902e-23
2.01993e-23
1.97934e-23
1.9306e-23
1.87751e-23
1.82405e-23
1.77387e-23
1.73019e-23
1.69562e-23
1.67205e-23
2.49401e-23
2.45796e-23
2.40946e-23
2.35164e-23
2.29021e-23
2.23271e-23
2.18667e-23
2.15777e-23
2.1491e-23
2.16114e-23
2.19243e-23
2.23999e-23
2.29927e-23
2.36402e-23
2.42722e-23
2.48217e-23
2.52388e-23
2.54983e-23
2.56003e-23
2.5563e-23
2.5412e-23
2.51758e-23
2.48819e-23
2.45581e-23
2.42463e-23
2.40087e-23
2.39135e-23
2.3991e-23
2.41973e-23
2.44315e-23
2.45994e-23
2.46539e-23
2.46031e-23
2.44885e-23
2.43661e-23
2.42847e-23
2.42733e-23
2.43314e-23
2.44292e-23
2.45169e-23
2.45443e-23
2.44739e-23
2.42872e-23
2.39855e-23
2.35856e-23
2.31124e-23
2.25977e-23
2.20815e-23
2.16138e-23
2.12519e-23
2.10607e-23
2.10968e-23
2.13923e-23
2.19414e-23
2.26966e-23
2.35805e-23
2.4502e-23
2.53735e-23
2.61202e-23
2.66877e-23
2.70396e-23
2.71579e-23
2.70451e-23
2.67314e-23
2.62744e-23
2.57439e-23
2.52097e-23
2.4724e-23
2.43148e-23
2.39859e-23
2.37216e-23
2.34983e-23
2.32959e-23
2.31022e-23
2.29094e-23
2.27116e-23
2.2509e-23
2.2311e-23
2.21354e-23
2.19978e-23
2.1903e-23
2.1842e-23
2.17975e-23
2.17551e-23
2.17072e-23
2.16556e-23
2.16097e-23
2.15821e-23
2.15878e-23
2.16478e-23
2.17889e-23
2.20395e-23
2.24259e-23
2.29666e-23
2.36643e-23
2.44965e-23
2.54112e-23
2.63275e-23
2.71486e-23
2.77795e-23
2.81439e-23
2.81949e-23
2.79198e-23
2.73439e-23
2.65411e-23
2.56339e-23
2.47879e-23
2.41638e-23
2.38516e-23
2.3837e-23
2.40171e-23
2.42571e-23
2.44377e-23
2.44749e-23
2.43245e-23
2.39767e-23
2.34566e-23
2.28174e-23
2.21384e-23
2.15182e-23
2.10613e-23
2.08509e-23
2.09278e-23
2.12841e-23
2.18765e-23
2.26434e-23
2.35134e-23
2.44049e-23
2.52315e-23
2.59136e-23
2.63875e-23
2.66176e-23
2.65993e-23
2.63599e-23
2.59531e-23
2.54504e-23
2.49289e-23
2.44545e-23
2.40683e-23
2.37789e-23
2.35646e-23
2.33884e-23
2.32124e-23
2.3014e-23
2.2791e-23
2.25634e-23
2.23681e-23
2.22475e-23
2.22356e-23
2.23481e-23
2.25747e-23
2.28843e-23
2.32325e-23
2.3569e-23
2.38525e-23
2.40604e-23
2.41949e-23
2.42828e-23
2.43699e-23
2.45009e-23
2.46979e-23
2.49485e-23
2.52089e-23
2.54192e-23
2.55249e-23
2.54893e-23
2.53028e-23
2.49832e-23
2.45677e-23
2.4107e-23
2.36647e-23
2.33113e-23
2.3105e-23
2.30691e-23
2.31831e-23
2.33949e-23
2.36454e-23
2.38833e-23
2.40714e-23
2.41848e-23
2.42037e-23
2.41192e-23
2.39369e-23
2.36833e-23
2.34069e-23
2.31708e-23
2.30395e-23
2.30604e-23
2.32452e-23
2.35688e-23
2.39795e-23
2.4415e-23
2.4822e-23
2.51631e-23
2.54152e-23
2.55629e-23
2.56017e-23
2.55375e-23
2.53881e-23
2.51773e-23
2.49252e-23
2.46425e-23
2.43259e-23
2.39663e-23
2.3566e-23
2.31559e-23
2.27953e-23
2.25487e-23
2.24581e-23
2.25321e-23
2.27482e-23
2.30608e-23
2.34136e-23
2.37511e-23
2.40289e-23
2.42217e-23
2.43249e-23
2.43452e-23
2.42958e-23
2.41954e-23
2.40643e-23
2.39287e-23
2.38191e-23
2.37662e-23
2.37902e-23
2.3893e-23
2.40519e-23
2.42221e-23
2.43499e-23
2.43902e-23
2.43218e-23
2.4154e-23
2.3924e-23
2.36801e-23
2.34651e-23
2.33035e-23
2.31966e-23
2.31278e-23
2.30774e-23
2.30373e-23
2.30196e-23
2.30497e-23
2.31462e-23
2.33059e-23
2.34994e-23
2.36886e-23
2.38457e-23
2.39612e-23
2.40419e-23
2.41008e-23
2.41488e-23
2.41889e-23
2.42177e-23
2.42351e-23
2.42491e-23
2.42783e-23
2.4346e-23
2.44709e-23
2.46577e-23
2.48926e-23
2.5146e-23
2.53803e-23
2.55565e-23
2.5642e-23
2.56188e-23
2.54913e-23
2.52819e-23
2.50231e-23
2.47427e-23
2.44478e-23
2.41237e-23
2.37448e-23
2.32907e-23
2.27606e-23
2.21789e-23
2.15959e-23
2.10791e-23
2.07023e-23
2.05275e-23
2.05923e-23
2.0902e-23
2.14276e-23
2.21116e-23
2.28786e-23
2.36471e-23
2.43388e-23
2.48923e-23
2.52708e-23
2.54695e-23
2.55095e-23
2.54363e-23
2.53057e-23
2.51702e-23
2.50686e-23
2.502e-23
2.50164e-23
2.50328e-23
2.50409e-23
2.50221e-23
2.49763e-23
2.49176e-23
2.48652e-23
2.48352e-23
2.48384e-23
2.48797e-23
2.49572e-23
2.50566e-23
2.51501e-23
2.52016e-23
2.51715e-23
2.50236e-23
2.47362e-23
2.43073e-23
2.37564e-23
2.31216e-23
2.24539e-23
2.18117e-23
2.12522e-23
2.08254e-23
2.05672e-23
2.04954e-23
2.06051e-23
2.08671e-23
2.12345e-23
2.16524e-23
2.20734e-23
2.24663e-23
2.28225e-23
2.31507e-23
2.34686e-23
2.3792e-23
2.41256e-23
2.44589e-23
2.4769e-23
2.50283e-23
2.52085e-23
2.5283e-23
2.52294e-23
2.50326e-23
2.46938e-23
2.42369e-23
2.37157e-23
2.32088e-23
2.2803e-23
2.25687e-23
2.25379e-23
2.26949e-23
2.29851e-23
2.33304e-23
2.36561e-23
2.39085e-23
2.40611e-23
2.41078e-23
2.40539e-23
2.39099e-23
2.36921e-23
2.34314e-23
2.31789e-23
2.29963e-23
2.29417e-23
2.30499e-23
2.33262e-23
2.37492e-23
2.42738e-23
2.48397e-23
2.53797e-23
2.58292e-23
2.61394e-23
2.62858e-23
2.62721e-23
2.61231e-23
2.58762e-23
2.55695e-23
2.52421e-23
2.49368e-23
2.46987e-23
2.45666e-23
2.45619e-23
2.46821e-23
2.49012e-23
2.51764e-23
2.54518e-23
2.56656e-23
2.5763e-23
2.57082e-23
2.54958e-23
2.51486e-23
2.47047e-23
2.42012e-23
2.36614e-23
2.30917e-23
2.2493e-23
2.18789e-23
2.12949e-23
2.08209e-23
2.05456e-23
2.05152e-23
2.07038e-23
2.10336e-23
2.14158e-23
2.1776e-23
2.20579e-23
2.22229e-23
2.22565e-23
2.21735e-23
2.20232e-23
2.1874e-23
2.18022e-23
2.18726e-23
2.21248e-23
2.25628e-23
2.31487e-23
2.38169e-23
2.44914e-23
2.51061e-23
2.56166e-23
2.60027e-23
2.62664e-23
2.64224e-23
2.64889e-23
2.64766e-23
2.63809e-23
2.61855e-23
2.58773e-23
2.54599e-23
2.49691e-23
2.44659e-23
2.40154e-23
2.36648e-23
2.34278e-23
2.3284e-23
2.31977e-23
2.31371e-23
2.30843e-23
2.30344e-23
2.29876e-23
2.29446e-23
2.29059e-23
2.28775e-23
2.2871e-23
2.29016e-23
2.29851e-23
2.31363e-23
2.3362e-23
2.36606e-23
2.40181e-23
2.44033e-23
2.47719e-23
2.50714e-23
2.52552e-23
2.52955e-23
2.51897e-23
2.4956e-23
2.46228e-23
2.42211e-23
2.37809e-23
2.33345e-23
2.29218e-23
2.2592e-23
2.23955e-23
2.23609e-23
2.24814e-23
2.27077e-23
2.29659e-23
2.31818e-23
2.33016e-23
2.33023e-23
2.31906e-23
2.29986e-23
2.27769e-23
2.25853e-23
2.24774e-23
2.24821e-23
2.25894e-23
2.27558e-23
2.29228e-23
2.30432e-23
2.30938e-23
2.30806e-23
2.303e-23
2.29773e-23
2.29559e-23
2.29876e-23
2.30809e-23
2.32328e-23
2.34342e-23
2.36802e-23
2.39703e-23
2.4306e-23
2.46741e-23
2.50416e-23
2.536e-23
2.55791e-23
2.56619e-23
2.55907e-23
2.53716e-23
2.5036e-23
2.46336e-23
2.42238e-23
2.38606e-23
2.35782e-23
2.33859e-23
2.32745e-23
2.32298e-23
2.32465e-23
2.33351e-23
2.352e-23
2.38223e-23
2.42452e-23
2.4764e-23
2.53304e-23
2.58847e-23
2.63656e-23
2.67207e-23
2.69133e-23
2.6922e-23
2.67388e-23
2.63661e-23
2.58141e-23
2.51069e-23
2.42865e-23
2.34139e-23
2.256e-23
2.17942e-23
2.11703e-23
2.07174e-23
2.04418e-23
2.03363e-23
2.0394e-23
2.06091e-23
2.09677e-23
2.1434e-23
2.19502e-23
2.24437e-23
2.28467e-23
2.31138e-23
2.32298e-23
2.3214e-23
2.31231e-23
2.3042e-23
2.30567e-23
2.32227e-23
2.35422e-23
2.39663e-23
2.44185e-23
2.48216e-23
2.51204e-23
2.52884e-23
2.53208e-23
2.52289e-23
2.5033e-23
2.47606e-23
2.44455e-23
2.41288e-23
2.38492e-23
2.36408e-23
2.35253e-23
2.35096e-23
2.35861e-23
2.37415e-23
2.39635e-23
2.42409e-23
2.45633e-23
2.49185e-23
2.52879e-23
2.56414e-23
2.59391e-23
2.61345e-23
2.61887e-23
2.60823e-23
2.58237e-23
2.54503e-23
2.50149e-23
2.45779e-23
2.41964e-23
2.39186e-23
2.37756e-23
2.37752e-23
2.38929e-23
2.40762e-23
2.42613e-23
2.43888e-23
2.44223e-23
2.43563e-23
2.42115e-23
2.4023e-23
2.38245e-23
2.36314e-23
2.34391e-23
2.32254e-23
2.29648e-23
2.26419e-23
2.22641e-23
2.18682e-23
2.15149e-23
2.12758e-23
2.12119e-23
2.1351e-23
2.16709e-23
2.21107e-23
2.25951e-23
2.30638e-23
2.34837e-23
2.385e-23
2.41676e-23
2.44357e-23
2.46434e-23
2.4775e-23
2.48223e-23
2.47894e-23
2.46935e-23
2.45608e-23
2.4417e-23
2.42852e-23
2.41827e-23
2.41228e-23
2.41214e-23
2.41929e-23
2.43516e-23
2.46019e-23
2.4931e-23
2.53077e-23
2.5685e-23
2.60077e-23
2.62269e-23
2.63045e-23
2.62192e-23
2.59673e-23
2.55633e-23
2.50341e-23
2.44201e-23
2.37683e-23
2.31271e-23
2.25402e-23
2.20426e-23
2.16616e-23
2.14201e-23
2.13322e-23
2.14027e-23
2.16208e-23
2.1956e-23
2.2359e-23
2.27704e-23
2.3132e-23
2.33974e-23
2.35399e-23
2.35541e-23
2.34573e-23
2.32877e-23
2.30982e-23
2.2946e-23
2.28818e-23
2.29403e-23
2.31398e-23
2.34819e-23
2.39443e-23
2.44798e-23
2.50261e-23
2.55264e-23
2.59366e-23
2.62288e-23
2.63871e-23
2.6403e-23
2.62739e-23
2.60037e-23
2.56069e-23
2.51159e-23
2.45789e-23
2.40512e-23
2.35684e-23
2.31334e-23
2.27259e-23
2.2328e-23
2.19448e-23
2.16087e-23
2.13652e-23
2.12537e-23
2.12907e-23
2.14673e-23
2.17589e-23
2.2137e-23
2.25732e-23
2.30395e-23
2.35079e-23
2.39502e-23
2.4342e-23
2.46664e-23
2.49201e-23
2.51152e-23
2.5274e-23
2.54209e-23
2.55704e-23
2.57156e-23
2.58283e-23
2.58696e-23
2.58024e-23
2.56014e-23
2.52639e-23
2.48096e-23
2.42746e-23
2.37087e-23
2.31698e-23
2.27142e-23
2.23833e-23
2.21984e-23
2.21657e-23
2.2282e-23
2.25377e-23
2.29247e-23
2.34378e-23
2.40651e-23
2.47725e-23
2.54989e-23
2.61624e-23
2.66709e-23
2.69402e-23
2.69176e-23
2.65877e-23
2.59745e-23
2.51373e-23
2.41684e-23
2.31854e-23
2.23103e-23
2.16419e-23
2.12314e-23
2.10785e-23
2.11435e-23
2.13706e-23
2.17067e-23
2.21091e-23
2.25461e-23
2.29957e-23
2.34426e-23
2.38736e-23
2.42757e-23
2.46333e-23
2.49312e-23
2.51549e-23
2.52887e-23
2.53192e-23
2.52411e-23
2.50563e-23
2.47771e-23
2.44249e-23
2.40269e-23
2.36124e-23
2.32071e-23
2.28355e-23
2.25241e-23
2.23084e-23
2.22328e-23
2.23315e-23
2.26103e-23
2.30331e-23
2.35331e-23
2.40338e-23
2.44724e-23
2.48132e-23
2.5048e-23
2.51889e-23
2.52563e-23
2.52656e-23
2.5221e-23
2.51152e-23
2.49383e-23
2.46878e-23
2.43754e-23
2.40319e-23
2.37035e-23
2.34418e-23
2.32931e-23
2.32924e-23
2.34564e-23
2.3777e-23
2.4221e-23
2.4738e-23
2.527e-23
2.57553e-23
2.61346e-23
2.63565e-23
2.63855e-23
2.62174e-23
2.58857e-23
2.54606e-23
2.50327e-23
2.46761e-23
2.4421e-23
2.42431e-23
2.40949e-23
2.39431e-23
2.37861e-23
2.36498e-23
2.35679e-23
2.35614e-23
2.36261e-23
2.37314e-23
2.38347e-23
2.38946e-23
2.38782e-23
2.37651e-23
2.35495e-23
2.32422e-23
2.2866e-23
2.24544e-23
2.20484e-23
2.16856e-23
2.13929e-23
2.11841e-23
2.10604e-23
2.10164e-23
2.10463e-23
2.11453e-23
2.13157e-23
2.15685e-23
2.19188e-23
2.2376e-23
2.29333e-23
2.35574e-23
2.41989e-23
2.48013e-23
2.53139e-23
2.57001e-23
2.59415e-23
2.6037e-23
2.59969e-23
2.58378e-23
2.55798e-23
2.5243e-23
2.48455e-23
2.44037e-23
2.39323e-23
2.34487e-23
2.29762e-23
2.25446e-23
2.219e-23
2.19487e-23
2.185e-23
2.19091e-23
2.21238e-23
2.24758e-23
2.29397e-23
2.34865e-23
2.40805e-23
2.46765e-23
2.52182e-23
2.56465e-23
2.59175e-23
2.60168e-23
2.59616e-23
2.57946e-23
2.55662e-23
2.53197e-23
2.50854e-23
2.48847e-23
2.47235e-23
2.45933e-23
2.44665e-23
2.43086e-23
2.40906e-23
2.3803e-23
2.34614e-23
2.31034e-23
2.27769e-23
2.25287e-23
2.23963e-23
2.24005e-23
2.25457e-23
2.28148e-23
2.31699e-23
2.35553e-23
2.39074e-23
2.4168e-23
2.42948e-23
2.42716e-23
2.41158e-23
2.38785e-23
2.36347e-23
2.34588e-23
2.34003e-23
2.34655e-23
2.36255e-23
2.38311e-23
2.40324e-23
2.41922e-23
2.42928e-23
2.43361e-23
2.4346e-23
2.43593e-23
2.4416e-23
2.45416e-23
2.47358e-23
2.49766e-23
2.5228e-23
2.54506e-23
2.56135e-23
2.5699e-23
2.57008e-23
2.5621e-23
2.547e-23
2.52641e-23
2.50192e-23
2.4748e-23
2.44502e-23
2.41193e-23
2.37526e-23
2.33657e-23
2.29974e-23
2.2703e-23
2.25316e-23
2.25059e-23
2.26147e-23
2.28251e-23
2.30971e-23
2.33969e-23
2.3697e-23
2.39708e-23
2.41887e-23
2.43229e-23
2.43539e-23
2.42759e-23
2.41014e-23
2.38634e-23
2.36091e-23
2.33904e-23
2.3242e-23
2.31705e-23
2.31557e-23
2.31634e-23
2.31601e-23
2.31246e-23
2.30551e-23
2.29653e-23
2.28822e-23
2.28391e-23
2.28607e-23
2.29557e-23
2.31134e-23
2.3308e-23
2.35105e-23
2.36998e-23
2.38655e-23
2.40101e-23
2.41376e-23
2.42428e-23
2.43073e-23
2.43093e-23
2.42319e-23
2.40697e-23
2.38328e-23
2.35474e-23
2.32594e-23
2.30297e-23
2.29169e-23
2.2958e-23
2.31562e-23
2.34785e-23
2.38688e-23
2.42621e-23
2.45988e-23
2.48331e-23
2.4944e-23
2.49355e-23
2.48348e-23
2.46836e-23
2.45239e-23
2.43893e-23
2.4297e-23
2.42469e-23
2.42292e-23
2.42291e-23
2.42324e-23
2.42292e-23
2.42204e-23
2.42194e-23
2.42467e-23
2.43168e-23
2.44298e-23
2.45663e-23
2.46909e-23
2.47563e-23
2.47205e-23
2.45583e-23
2.42666e-23
2.38697e-23
2.34208e-23
2.29911e-23
2.26556e-23
2.24709e-23
2.24638e-23
2.26257e-23
2.29196e-23
2.32898e-23
2.36709e-23
2.39982e-23
2.42114e-23
2.42636e-23
2.41335e-23
2.38378e-23
2.34345e-23
2.3008e-23
