4.19797e-20
4.08728e-20
3.90145e-20
3.64608e-20
3.32979e-20
2.96838e-20
2.58344e-20
2.20226e-20
1.85548e-20
1.57202e-20
1.37358e-20
1.27055e-20
1.26032e-20
1.32837e-20
1.45261e-20
1.60844e-20
1.77256e-20
1.92602e-20
2.05462e-20
2.14987e-20
2.20891e-20
2.23377e-20
2.22944e-20
2.20441e-20
2.16821e-20
2.13139e-20
2.10325e-20
2.09073e-20
2.09895e-20
2.12831e-20
2.17717e-20
2.24137e-20
2.31496e-20
2.39171e-20
2.46628e-20
2.53479e-20
2.59462e-20
2.64453e-20
2.68482e-20
2.71519e-20
2.73479e-20
2.743e-20
2.73876e-20
2.72129e-20
2.68961e-20
2.64354e-20
2.58478e-20
2.5155e-20
2.43976e-20
2.36161e-20
2.28639e-20
2.21926e-20
2.16467e-20
2.12632e-20
2.10591e-20
2.10365e-20
2.11791e-20
2.14615e-20
2.18438e-20
2.22828e-20
2.27375e-20
2.31655e-20
2.35357e-20
2.38275e-20
2.40332e-20
2.41549e-20
2.41924e-20
2.41586e-20
2.4071e-20
2.39462e-20
2.38103e-20
2.36907e-20
2.36105e-20
2.35863e-20
2.3631e-20
2.37451e-20
2.39216e-20
2.41447e-20
2.43997e-20
2.46677e-20
2.4921e-20
2.51329e-20
2.52814e-20
2.53523e-20
2.53426e-20
2.52582e-20
2.51112e-20
2.49238e-20
2.47121e-20
2.44931e-20
2.42729e-20
2.40557e-20
2.38431e-20
2.3618e-20
2.337e-20
2.30909e-20
2.27691e-20
2.2409e-20
2.20171e-20
2.16216e-20
2.1259e-20
2.09686e-20
2.07861e-20
2.07381e-20
2.08304e-20
2.10481e-20
2.13688e-20
2.1763e-20
2.22039e-20
2.26828e-20
2.31946e-20
2.3738e-20
2.43107e-20
2.49017e-20
2.54769e-20
2.59988e-20
2.64271e-20
2.6731e-20
2.68896e-20
2.68899e-20
2.67407e-20
2.64594e-20
2.6071e-20
2.56063e-20
2.51002e-20
2.45862e-20
2.40938e-20
2.36492e-20
2.32774e-20
2.2996e-20
2.28052e-20
2.27026e-20
2.26723e-20
2.26935e-20
2.27404e-20
2.27873e-20
2.28187e-20
2.28239e-20
2.27979e-20
2.27459e-20
2.26812e-20
2.26209e-20
2.25878e-20
2.2602e-20
2.26668e-20
2.27896e-20
2.29596e-20
2.31558e-20
2.3351e-20
2.35096e-20
2.36055e-20
2.36153e-20
2.35363e-20
2.33725e-20
2.31446e-20
2.28851e-20
2.26228e-20
2.23821e-20
2.21967e-20
2.20848e-20
2.20703e-20
2.21744e-20
2.2413e-20
2.27855e-20
2.32911e-20
2.39021e-20
2.45688e-20
2.52482e-20
2.58804e-20
2.64106e-20
2.6802e-20
2.70222e-20
2.7063e-20
2.69272e-20
2.66329e-20
2.62067e-20
2.56857e-20
2.51094e-20
2.45187e-20
2.39432e-20
2.34078e-20
2.29349e-20
2.25357e-20
2.22176e-20
2.19838e-20
2.18354e-20
2.17633e-20
2.17577e-20
2.17996e-20
2.18624e-20
2.19182e-20
2.19404e-20
2.19079e-20
2.18197e-20
2.16933e-20
2.15557e-20
2.14567e-20
2.14379e-20
2.15417e-20
2.17979e-20
2.22238e-20
2.28141e-20
2.35475e-20
2.43803e-20
2.52561e-20
2.61109e-20
2.68886e-20
2.75369e-20
2.80292e-20
2.83447e-20
2.84767e-20
2.84238e-20
2.8193e-20
2.77917e-20
2.72349e-20
2.65394e-20
2.57349e-20
2.48621e-20
2.39614e-20
2.30748e-20
2.22385e-20
2.14799e-20
2.08249e-20
2.02857e-20
1.98787e-20
1.96196e-20
1.95222e-20
1.95868e-20
1.98089e-20
2.01705e-20
2.06466e-20
2.12108e-20
2.18335e-20
2.24887e-20
2.31498e-20
2.37918e-20
2.43838e-20
2.48952e-20
2.52974e-20
2.55659e-20
2.56858e-20
2.5657e-20
2.54947e-20
2.52169e-20
2.48562e-20
2.44497e-20
2.4039e-20
2.36535e-20
2.33236e-20
2.30707e-20
2.2902e-20
2.28253e-20
2.28322e-20
2.29077e-20
2.30284e-20
2.31732e-20
2.33165e-20
2.34389e-20
2.35225e-20
2.35642e-20
2.35699e-20
2.35596e-20
2.35628e-20
2.35961e-20
2.36719e-20
2.37955e-20
2.39479e-20
2.41109e-20
2.42575e-20
2.43658e-20
2.44293e-20
2.44456e-20
2.44424e-20
2.44426e-20
2.44732e-20
2.45527e-20
2.46869e-20
2.48696e-20
2.50846e-20
2.53066e-20
2.55092e-20
2.56573e-20
2.57216e-20
2.56722e-20
2.54741e-20
2.5106e-20
2.45634e-20
2.38603e-20
2.30489e-20
2.22135e-20
2.14587e-20
2.08898e-20
2.0577e-20
2.05394e-20
2.07495e-20
2.11534e-20
2.16888e-20
2.2297e-20
2.29204e-20
2.35142e-20
2.40301e-20
2.44342e-20
2.47072e-20
2.48335e-20
2.48254e-20
2.46905e-20
2.44527e-20
2.41481e-20
2.38041e-20
2.34519e-20
2.31183e-20
2.2824e-20
2.2596e-20
2.24502e-20
2.24001e-20
2.24583e-20
2.26192e-20
2.28725e-20
2.31906e-20
2.35392e-20
2.38769e-20
2.41675e-20
2.43842e-20
2.4506e-20
2.45347e-20
2.4479e-20
2.43525e-20
2.41757e-20
2.39697e-20
2.37546e-20
2.35504e-20
2.33798e-20
2.32613e-20
2.32103e-20
2.32232e-20
2.32896e-20
2.33868e-20
2.34919e-20
2.3587e-20
2.36639e-20
2.37255e-20
2.37768e-20
2.38375e-20
2.39172e-20
2.40261e-20
2.4166e-20
2.43278e-20
2.44973e-20
2.46567e-20
2.47778e-20
2.48422e-20
2.48271e-20
2.47319e-20
2.45563e-20
2.43139e-20
2.40205e-20
2.36952e-20
2.33672e-20
2.30625e-20
2.28047e-20
2.26088e-20
2.24863e-20
2.24321e-20
2.2436e-20
2.24727e-20
2.25286e-20
2.25829e-20
2.26229e-20
2.26481e-20
2.26544e-20
2.2646e-20
2.26323e-20
2.26232e-20
2.26364e-20
2.26883e-20
2.27953e-20
2.29691e-20
2.32045e-20
2.35006e-20
2.38366e-20
2.41934e-20
2.45517e-20
2.48962e-20
2.52088e-20
2.54738e-20
2.56733e-20
2.57964e-20
2.58214e-20
2.57476e-20
2.55715e-20
2.53046e-20
2.4963e-20
2.4576e-20
2.41724e-20
2.3777e-20
2.34194e-20
2.31154e-20
2.28812e-20
2.27229e-20
2.26397e-20
2.26217e-20
2.26572e-20
2.27208e-20
2.27922e-20
2.28505e-20
2.28799e-20
2.28626e-20
2.27972e-20
2.26748e-20
2.24952e-20
2.2268e-20
2.20105e-20
2.17462e-20
2.15082e-20
2.13345e-20
2.12606e-20
2.13217e-20
2.15299e-20
2.18889e-20
2.238e-20
2.29706e-20
2.36138e-20
2.42714e-20
2.48883e-20
2.54319e-20
2.58686e-20
2.61845e-20
2.63663e-20
2.64138e-20
2.63352e-20
2.61432e-20
2.58579e-20
2.55031e-20
2.51082e-20
2.46997e-20
2.43143e-20
2.39715e-20
2.36932e-20
2.34997e-20
2.33982e-20
2.33749e-20
2.3424e-20
2.35285e-20
2.36767e-20
2.38463e-20
2.40206e-20
2.41773e-20
2.42973e-20
2.43543e-20
2.43364e-20
2.42329e-20
2.40408e-20
2.37672e-20
2.34288e-20
2.30491e-20
2.26553e-20
2.22763e-20
2.19421e-20
2.16796e-20
2.15077e-20
2.14378e-20
2.14631e-20
2.15735e-20
2.17444e-20
2.19553e-20
2.21822e-20
2.24098e-20
2.26298e-20
2.28425e-20
2.30464e-20
2.32437e-20
2.34325e-20
2.36154e-20
2.37918e-20
2.39746e-20
2.41721e-20
2.43867e-20
2.46109e-20
2.48374e-20
2.50468e-20
2.52305e-20
2.53758e-20
2.54739e-20
2.55244e-20
2.55232e-20
2.54661e-20
2.53495e-20
2.51699e-20
2.49269e-20
2.46385e-20
2.43183e-20
2.39943e-20
2.36992e-20
2.34575e-20
2.32913e-20
2.32128e-20
2.32177e-20
2.32941e-20
2.34242e-20
2.35835e-20
2.37452e-20
2.38829e-20
2.39842e-20
2.40361e-20
2.40411e-20
2.40088e-20
2.39574e-20
2.39018e-20
2.38564e-20
2.38296e-20
2.381e-20
2.37972e-20
2.37796e-20
2.37568e-20
2.3733e-20
2.3707e-20
2.36823e-20
2.36529e-20
2.36177e-20
2.35695e-20
2.35118e-20
2.34394e-20
2.33584e-20
2.32722e-20
2.31837e-20
2.30836e-20
2.29755e-20
2.28525e-20
2.27146e-20
2.25707e-20
2.2438e-20
2.23306e-20
2.22656e-20
2.22529e-20
2.23058e-20
2.24246e-20
2.26124e-20
2.28619e-20
2.31629e-20
2.34989e-20
2.38479e-20
2.41796e-20
2.44717e-20
2.46937e-20
2.48324e-20
2.48673e-20
2.47975e-20
2.46278e-20
2.4379e-20
2.40802e-20
2.37794e-20
2.35135e-20
2.33213e-20
2.32232e-20
2.32197e-20
2.32912e-20
2.34109e-20
2.35523e-20
2.36839e-20
2.37865e-20
2.38537e-20
2.38725e-20
2.38488e-20
2.37857e-20
2.36909e-20
2.35703e-20
2.34303e-20
2.32731e-20
2.31008e-20
2.29235e-20
2.2743e-20
2.25714e-20
2.2422e-20
2.23109e-20
2.22625e-20
2.22887e-20
2.24118e-20
2.26463e-20
2.30012e-20
2.3466e-20
2.40092e-20
2.45851e-20
2.51291e-20
2.55858e-20
2.59137e-20
2.60881e-20
2.61267e-20
2.60531e-20
2.58999e-20
2.57073e-20
2.54975e-20
2.52827e-20
2.50616e-20
2.48262e-20
2.45708e-20
2.42976e-20
2.40072e-20
2.37192e-20
2.34581e-20
2.32405e-20
2.30757e-20
2.29662e-20
2.28993e-20
2.28535e-20
2.2801e-20
2.27196e-20
2.25881e-20
2.24e-20
2.21635e-20
2.18984e-20
2.16391e-20
2.1431e-20
2.13199e-20
2.1353e-20
2.15553e-20
2.19291e-20
2.24558e-20
2.30866e-20
2.37602e-20
2.44166e-20
2.50037e-20
2.54838e-20
2.5831e-20
2.60333e-20
2.60751e-20
2.59563e-20
2.56847e-20
2.52826e-20
2.47884e-20
2.42473e-20
2.37103e-20
2.3226e-20
2.28351e-20
2.25575e-20
2.23978e-20
2.23456e-20
2.2377e-20
2.24705e-20
2.26125e-20
2.27927e-20
2.30024e-20
2.32286e-20
2.34493e-20
2.36416e-20
2.37854e-20
2.3864e-20
2.3878e-20
2.38294e-20
2.37384e-20
2.36306e-20
2.35311e-20
2.34644e-20
2.34505e-20
2.34972e-20
2.36043e-20
2.37699e-20
2.39799e-20
2.42141e-20
2.44479e-20
2.46554e-20
2.48107e-20
2.48909e-20
2.48792e-20
2.47637e-20
2.45419e-20
2.42182e-20
2.38033e-20
2.33137e-20
2.27756e-20
2.22225e-20
2.16933e-20
2.12361e-20
2.08977e-20
2.0717e-20
2.07216e-20
2.09189e-20
2.13007e-20
2.18369e-20
2.24817e-20
2.31814e-20
2.38802e-20
2.45215e-20
2.50661e-20
2.54783e-20
2.57388e-20
2.58493e-20
2.58181e-20
2.56725e-20
2.54435e-20
2.51616e-20
2.48531e-20
2.45362e-20
2.42285e-20
2.3935e-20
2.3657e-20
2.33922e-20
2.31354e-20
2.28953e-20
2.2684e-20
2.25209e-20
2.24305e-20
2.24244e-20
2.2501e-20
2.26426e-20
2.28311e-20
2.30376e-20
2.32402e-20
2.34169e-20
2.35476e-20
2.36243e-20
2.36452e-20
2.3613e-20
2.35399e-20
2.34377e-20
2.33209e-20
2.32089e-20
2.31261e-20
2.30899e-20
2.31138e-20
2.32073e-20
2.33669e-20
2.35792e-20
2.38364e-20
2.41089e-20
2.43752e-20
2.46006e-20
2.47643e-20
2.48449e-20
2.48307e-20
2.47213e-20
2.45272e-20
2.42686e-20
2.39696e-20
2.36555e-20
2.33545e-20
2.30813e-20
2.2858e-20
2.26977e-20
2.26129e-20
2.26127e-20
2.2691e-20
2.28356e-20
2.30285e-20
2.3245e-20
2.34599e-20
2.36605e-20
2.38314e-20
2.39722e-20
2.40834e-20
2.41724e-20
2.42412e-20
2.42954e-20
2.43305e-20
2.43389e-20
2.43106e-20
2.42353e-20
2.41047e-20
2.39148e-20
2.3668e-20
2.33705e-20
2.30441e-20
2.27161e-20
2.2426e-20
2.22148e-20
2.21123e-20
2.2153e-20
2.23457e-20
2.2686e-20
2.31511e-20
2.3704e-20
2.42938e-20
2.48695e-20
2.53843e-20
2.57913e-20
2.60612e-20
2.61602e-20
2.6078e-20
2.58179e-20
2.53889e-20
2.48255e-20
2.41729e-20
2.34871e-20
2.28305e-20
2.22657e-20
2.18417e-20
2.15953e-20
2.1536e-20
2.16585e-20
2.19306e-20
2.23081e-20
2.27459e-20
2.3196e-20
2.36231e-20
2.39997e-20
2.43114e-20
2.45556e-20
2.47334e-20
2.48528e-20
2.49185e-20
2.49305e-20
2.48976e-20
2.4823e-20
2.4711e-20
2.45653e-20
2.43891e-20
2.41831e-20
2.39553e-20
2.37192e-20
2.34877e-20
2.32805e-20
2.31214e-20
2.30276e-20
2.30115e-20
2.30743e-20
2.32194e-20
2.34349e-20
2.37004e-20
2.39958e-20
2.42931e-20
2.45654e-20
2.47711e-20
2.48889e-20
2.48956e-20
2.47737e-20
2.45246e-20
2.41603e-20
2.37063e-20
2.31975e-20
2.26775e-20
2.21907e-20
2.17785e-20
2.14718e-20
2.12905e-20
2.12398e-20
2.13142e-20
2.14979e-20
2.17779e-20
2.21401e-20
2.25671e-20
2.3043e-20
2.35444e-20
2.40442e-20
2.45099e-20
2.49099e-20
2.52112e-20
2.53964e-20
2.54545e-20
2.53852e-20
2.52092e-20
2.49462e-20
2.46296e-20
2.42968e-20
2.3982e-20
2.37183e-20
2.35233e-20
2.34048e-20
2.33672e-20
2.34008e-20
2.34937e-20
2.36257e-20
2.37829e-20
2.39422e-20
2.40904e-20
2.42081e-20
2.42804e-20
2.42937e-20
2.42399e-20
2.41174e-20
2.39212e-20
2.36587e-20
2.33429e-20
2.2988e-20
2.26211e-20
2.22684e-20
2.19679e-20
2.17509e-20
2.16513e-20
2.1686e-20
2.1859e-20
2.21573e-20
2.25526e-20
2.30002e-20
2.34615e-20
2.38949e-20
2.42658e-20
2.45516e-20
2.47377e-20
2.48059e-20
2.47574e-20
2.45879e-20
2.43186e-20
2.39702e-20
2.35711e-20
2.31628e-20
2.27865e-20
2.2481e-20
2.22742e-20
2.21808e-20
2.21995e-20
2.23306e-20
2.25586e-20
2.28683e-20
2.32483e-20
2.36837e-20
2.41532e-20
2.46332e-20
2.50984e-20
2.55231e-20
2.5884e-20
2.61613e-20
2.63397e-20
2.64078e-20
2.63481e-20
2.61506e-20
2.58157e-20
2.53582e-20
2.48054e-20
2.41953e-20
2.35799e-20
2.30203e-20
2.25736e-20
2.22821e-20
2.21749e-20
2.22401e-20
2.24354e-20
2.26976e-20
2.29561e-20
2.31428e-20
2.32217e-20
2.31808e-20
2.30391e-20
2.28394e-20
2.26431e-20
2.25025e-20
2.24608e-20
2.25411e-20
2.27421e-20
2.3046e-20
2.34236e-20
2.38294e-20
2.42324e-20
2.4591e-20
2.48732e-20
2.50512e-20
2.51106e-20
2.50503e-20
2.48824e-20
2.46294e-20
2.43165e-20
2.39805e-20
2.36423e-20
2.33302e-20
2.30573e-20
2.28306e-20
2.26529e-20
2.25251e-20
2.24501e-20
2.24328e-20
2.24795e-20
2.25966e-20
2.27774e-20
2.30161e-20
2.33019e-20
2.36188e-20
2.3955e-20
2.42922e-20
2.46122e-20
2.48908e-20
2.51037e-20
2.52315e-20
2.52558e-20
2.51724e-20
2.49878e-20
2.47241e-20
2.44083e-20
2.40664e-20
2.37245e-20
2.33988e-20
2.31071e-20
2.2859e-20
2.26657e-20
2.25314e-20
2.24673e-20
2.24757e-20
2.25499e-20
2.26881e-20
2.2878e-20
2.31115e-20
2.3384e-20
2.36779e-20
2.39707e-20
2.42383e-20
2.44518e-20
2.45823e-20
2.46121e-20
2.45352e-20
2.43542e-20
2.40826e-20
2.3748e-20
2.33768e-20
4.31806e-20
4.20492e-20
4.05804e-20
3.89075e-20
3.71831e-20
3.55635e-20
3.41924e-20
3.3171e-20
3.25451e-20
3.23019e-20
3.23877e-20
3.2719e-20
3.31989e-20
3.37167e-20
3.41708e-20
3.44908e-20
3.46472e-20
3.4656e-20
3.45651e-20
3.44383e-20
3.43333e-20
3.42774e-20
3.42706e-20
3.43014e-20
3.43596e-20
3.44381e-20
3.45351e-20
3.46488e-20
3.47782e-20
3.492e-20
3.50773e-20
3.52564e-20
3.54721e-20
3.57331e-20
3.60301e-20
3.63502e-20
3.6655e-20
3.68982e-20
3.70379e-20
3.70333e-20
3.68646e-20
3.65207e-20
3.60103e-20
3.535e-20
3.4568e-20
3.37008e-20
3.2798e-20
3.19156e-20
3.11199e-20
3.04847e-20
3.00814e-20
2.99699e-20
3.0184e-20
3.07201e-20
3.15349e-20
3.25384e-20
3.36306e-20
3.47206e-20
3.57367e-20
3.66335e-20
3.73859e-20
3.79733e-20
3.83688e-20
3.85468e-20
3.85032e-20
3.82524e-20
3.78299e-20
3.72884e-20
3.6692e-20
3.61081e-20
3.56004e-20
3.52183e-20
3.49991e-20
3.49611e-20
3.5098e-20
3.53744e-20
3.57255e-20
3.60854e-20
3.63954e-20
3.66165e-20
3.67294e-20
3.67292e-20
3.6621e-20
3.64041e-20
3.60802e-20
3.56637e-20
3.51762e-20
3.46562e-20
3.41477e-20
3.37002e-20
3.33475e-20
3.31209e-20
3.30403e-20
3.31126e-20
3.33353e-20
3.36928e-20
3.41617e-20
3.4694e-20
3.52428e-20
3.57504e-20
3.6174e-20
3.64752e-20
3.66337e-20
3.66504e-20
3.6547e-20
3.6358e-20
3.613e-20
3.59053e-20
3.57234e-20
3.56027e-20
3.55451e-20
3.55421e-20
3.55694e-20
3.56099e-20
3.56375e-20
3.56269e-20
3.55557e-20
3.53976e-20
3.51456e-20
3.48117e-20
3.44208e-20
3.40175e-20
3.36543e-20
3.33767e-20
3.32121e-20
3.31675e-20
3.32227e-20
3.33416e-20
3.34785e-20
3.35907e-20
3.36471e-20
3.36352e-20
3.35573e-20
3.34306e-20
3.3285e-20
3.31499e-20
3.30394e-20
3.29684e-20
3.29281e-20
3.28986e-20
3.28644e-20
3.28288e-20
3.28123e-20
3.28468e-20
3.29636e-20
3.31779e-20
3.34811e-20
3.38601e-20
3.43088e-20
3.48226e-20
3.53886e-20
3.59882e-20
3.65817e-20
3.71262e-20
3.75757e-20
3.789e-20
3.80259e-20
3.79558e-20
3.76704e-20
3.71926e-20
3.65724e-20
3.58925e-20
3.5248e-20
3.47237e-20
3.4382e-20
3.42467e-20
3.43149e-20
3.45445e-20
3.48747e-20
3.52433e-20
3.55857e-20
3.58537e-20
3.60157e-20
3.60403e-20
3.59123e-20
3.56426e-20
3.52546e-20
3.48049e-20
3.43617e-20
3.39954e-20
3.37413e-20
3.36114e-20
3.35849e-20
3.36333e-20
3.37393e-20
3.38791e-20
3.4043e-20
3.42188e-20
3.44032e-20
3.46046e-20
3.48352e-20
3.51067e-20
3.54273e-20
3.57901e-20
3.61697e-20
3.65317e-20
3.68394e-20
3.70631e-20
3.7189e-20
3.72137e-20
3.71552e-20
3.70523e-20
3.6945e-20
3.68819e-20
3.69001e-20
3.69973e-20
3.71603e-20
3.73605e-20
3.75589e-20
3.77098e-20
3.77733e-20
3.77089e-20
3.74907e-20
3.71069e-20
3.65606e-20
3.58725e-20
3.50704e-20
3.41933e-20
3.32994e-20
3.24664e-20
3.17841e-20
3.13321e-20
3.11602e-20
3.1276e-20
3.163e-20
3.21492e-20
3.27641e-20
3.34135e-20
3.40475e-20
3.46406e-20
3.51689e-20
3.5611e-20
3.5942e-20
3.61454e-20
3.62274e-20
3.62011e-20
3.61017e-20
3.5962e-20
3.58167e-20
3.56789e-20
3.55573e-20
3.54525e-20
3.53617e-20
3.52891e-20
3.5244e-20
3.52289e-20
3.52371e-20
3.52561e-20
3.52717e-20
3.52788e-20
3.52748e-20
3.52709e-20
3.5278e-20
3.52953e-20
3.53168e-20
3.5328e-20
3.53087e-20
3.52433e-20
3.51165e-20
3.49262e-20
3.46888e-20
3.44392e-20
3.42275e-20
3.40942e-20
3.40626e-20
3.41301e-20
3.42829e-20
3.4495e-20
3.47477e-20
3.50267e-20
3.53258e-20
3.56378e-20
3.59442e-20
3.62256e-20
3.6456e-20
3.6619e-20
3.67128e-20
3.67583e-20
3.67872e-20
3.68379e-20
3.69298e-20
3.7056e-20
3.71818e-20
3.72651e-20
3.72549e-20
3.71189e-20
3.68342e-20
3.64023e-20
3.58459e-20
3.51921e-20
3.44806e-20
3.37524e-20
3.30531e-20
3.24353e-20
3.1955e-20
3.16731e-20
3.1638e-20
3.1882e-20
3.24109e-20
3.32e-20
3.42037e-20
3.53312e-20
3.64613e-20
3.74503e-20
3.81529e-20
3.84602e-20
3.83139e-20
3.77351e-20
3.68168e-20
3.57188e-20
3.46317e-20
3.3713e-20
3.30745e-20
3.27402e-20
3.26904e-20
3.28626e-20
3.31895e-20
3.35949e-20
3.40076e-20
3.43723e-20
3.46371e-20
3.47668e-20
3.47475e-20
3.4583e-20
3.43028e-20
3.39622e-20
3.36395e-20
3.34175e-20
3.33766e-20
3.35735e-20
3.40356e-20
3.47506e-20
3.5668e-20
3.6712e-20
3.77826e-20
3.8773e-20
3.95793e-20
4.01163e-20
4.03292e-20
4.01983e-20
3.97372e-20
3.89977e-20
3.80683e-20
3.70511e-20
3.60483e-20
3.51474e-20
3.44164e-20
3.38849e-20
3.35652e-20
3.34491e-20
3.35103e-20
3.37149e-20
3.40228e-20
3.4391e-20
3.47751e-20
3.51342e-20
3.5429e-20
3.56136e-20
3.56644e-20
3.55693e-20
3.5343e-20
3.50177e-20
3.46393e-20
3.42543e-20
3.38939e-20
3.35746e-20
3.33056e-20
3.31073e-20
3.30013e-20
3.30138e-20
3.3159e-20
3.34283e-20
3.37749e-20
3.41338e-20
3.44364e-20
3.46463e-20
3.47596e-20
3.48001e-20
3.4809e-20
3.48217e-20
3.4852e-20
3.48994e-20
3.49564e-20
3.50085e-20
3.50552e-20
3.511e-20
3.51891e-20
3.53158e-20
3.54971e-20
3.57303e-20
3.59888e-20
3.62474e-20
3.64754e-20
3.66541e-20
3.67684e-20
3.68208e-20
3.68105e-20
3.67427e-20
3.66336e-20
3.64933e-20
3.63262e-20
3.61244e-20
3.58674e-20
3.55372e-20
3.51349e-20
3.46932e-20
3.42742e-20
3.39535e-20
3.38124e-20
3.38863e-20
3.4167e-20
3.46e-20
3.51065e-20
3.56049e-20
3.60268e-20
3.63344e-20
3.6505e-20
3.65275e-20
3.64039e-20
3.61382e-20
3.57579e-20
3.53022e-20
3.48123e-20
3.43286e-20
3.38854e-20
3.35051e-20
3.32054e-20
3.2985e-20
3.28244e-20
3.27077e-20
3.26325e-20
3.26231e-20
3.27314e-20
3.30089e-20
3.34667e-20
3.40682e-20
3.47484e-20
3.54355e-20
3.60657e-20
3.66034e-20
3.7017e-20
3.72835e-20
3.73935e-20
3.73445e-20
3.71428e-20
3.68037e-20
3.63527e-20
3.58194e-20
3.52477e-20
3.46875e-20
3.41811e-20
3.37621e-20
3.34477e-20
3.32507e-20
3.31728e-20
3.32216e-20
3.34031e-20
3.37115e-20
3.41361e-20
3.46511e-20
3.52075e-20
3.57608e-20
3.62653e-20
3.66908e-20
3.70193e-20
3.72391e-20
3.73466e-20
3.7344e-20
3.72253e-20
3.70001e-20
3.66916e-20
3.63214e-20
3.59293e-20
3.55515e-20
3.52209e-20
3.49562e-20
3.47657e-20
3.46445e-20
3.45822e-20
3.45653e-20
3.45865e-20
3.4628e-20
3.46703e-20
3.4693e-20
3.46856e-20
3.46332e-20
3.45285e-20
3.43666e-20
3.41407e-20
3.38525e-20
3.35159e-20
3.31635e-20
3.28518e-20
3.26543e-20
3.26384e-20
3.28375e-20
3.32322e-20
3.37419e-20
3.42657e-20
3.47178e-20
3.50541e-20
3.52877e-20
3.54545e-20
3.56046e-20
3.57854e-20
3.6025e-20
3.63203e-20
3.66401e-20
3.69311e-20
3.71384e-20
3.72182e-20
3.71502e-20
3.69405e-20
3.66201e-20
3.6244e-20
3.58743e-20
3.55497e-20
3.52914e-20
3.50979e-20
3.49622e-20
3.48813e-20
3.48508e-20
3.48781e-20
3.49568e-20
3.50867e-20
3.5253e-20
3.54426e-20
3.56273e-20
3.57826e-20
3.5868e-20
3.58633e-20
3.57639e-20
3.5576e-20
3.53359e-20
3.50821e-20
3.48628e-20
3.47149e-20
3.46639e-20
3.47095e-20
3.48475e-20
3.50725e-20
3.53656e-20
3.57106e-20
3.60868e-20
3.64545e-20
3.67615e-20
3.69526e-20
3.69689e-20
3.67803e-20
3.63921e-20
3.58495e-20
3.52253e-20
3.46039e-20
3.40611e-20
3.36618e-20
3.34391e-20
3.34102e-20
3.35588e-20
3.3837e-20
3.41687e-20
3.44721e-20
3.46695e-20
3.47143e-20
3.4599e-20
3.4343e-20
3.40122e-20
3.36726e-20
3.33804e-20
3.31713e-20
3.30482e-20
3.30013e-20
3.30255e-20
3.31229e-20
3.33144e-20
3.36248e-20
3.40616e-20
3.46097e-20
3.52207e-20
3.58222e-20
3.63458e-20
3.67395e-20
3.69907e-20
3.71199e-20
3.71648e-20
3.71633e-20
3.71438e-20
3.71074e-20
3.70394e-20
3.69173e-20
3.67157e-20
3.64319e-20
3.60874e-20
3.57195e-20
3.5385e-20
3.51336e-20
3.49988e-20
3.4986e-20
3.50774e-20
3.52359e-20
3.54123e-20
3.55598e-20
3.56472e-20
3.56589e-20
3.55939e-20
3.54702e-20
3.53081e-20
3.51414e-20
3.49889e-20
3.48659e-20
3.47647e-20
3.46704e-20
3.45663e-20
3.4437e-20
3.42732e-20
3.40719e-20
3.3839e-20
3.35972e-20
3.33888e-20
3.32663e-20
3.32813e-20
3.34651e-20
3.38262e-20
3.43309e-20
3.49048e-20
3.54586e-20
3.58977e-20
3.61422e-20
3.6151e-20
3.59273e-20
3.55102e-20
3.49619e-20
3.43745e-20
3.38374e-20
3.34197e-20
3.3172e-20
3.31228e-20
3.32734e-20
3.36123e-20
3.41081e-20
3.47181e-20
3.53891e-20
3.60679e-20
3.67002e-20
3.72274e-20
3.76029e-20
3.7789e-20
3.77645e-20
3.75332e-20
3.71258e-20
3.65928e-20
3.60212e-20
3.5491e-20
3.50824e-20
3.48286e-20
3.47287e-20
3.47336e-20
3.47616e-20
3.47331e-20
3.45975e-20
3.43323e-20
3.39579e-20
3.35283e-20
3.31153e-20
3.27878e-20
3.25993e-20
3.25754e-20
3.27111e-20
3.29789e-20
3.33427e-20
3.37653e-20
3.42248e-20
3.47056e-20
3.51896e-20
3.56584e-20
3.60806e-20
3.6407e-20
3.65835e-20
3.65677e-20
3.63445e-20
3.59427e-20
3.54353e-20
3.49272e-20
3.45183e-20
3.42771e-20
3.42167e-20
3.43067e-20
3.44925e-20
3.47245e-20
3.49588e-20
3.51808e-20
3.53823e-20
3.55654e-20
3.57339e-20
3.58837e-20
3.60001e-20
3.60743e-20
3.61002e-20
3.60862e-20
3.6046e-20
3.59993e-20
3.5962e-20
3.59324e-20
3.58921e-20
3.58146e-20
3.5665e-20
3.54214e-20
3.50877e-20
3.46958e-20
3.43057e-20
3.39891e-20
3.38189e-20
3.38263e-20
3.40051e-20
3.43134e-20
3.46921e-20
3.50826e-20
3.54305e-20
3.56911e-20
3.58332e-20
3.58477e-20
3.57379e-20
3.55297e-20
3.5267e-20
3.49984e-20
3.47798e-20
3.46614e-20
3.46786e-20
3.48372e-20
3.51101e-20
3.54418e-20
3.57743e-20
3.6063e-20
3.62832e-20
3.64144e-20
3.64386e-20
3.63244e-20
3.60621e-20
3.56867e-20
3.5252e-20
3.48353e-20
3.45034e-20
3.42943e-20
3.42228e-20
3.42658e-20
3.43805e-20
3.45101e-20
3.4596e-20
3.4603e-20
3.45117e-20
3.43403e-20
3.41361e-20
3.39608e-20
3.38716e-20
3.39009e-20
3.405e-20
3.42804e-20
3.45522e-20
3.48206e-20
3.50623e-20
3.52726e-20
3.54706e-20
3.56979e-20
3.59728e-20
3.63026e-20
3.66532e-20
3.69594e-20
3.71411e-20
3.71352e-20
3.69082e-20
3.64637e-20
3.58481e-20
3.51181e-20
3.43516e-20
3.36328e-20
3.30359e-20
3.26252e-20
3.24336e-20
3.24642e-20
3.26798e-20
3.30201e-20
3.34112e-20
3.37904e-20
3.41113e-20
3.43456e-20
3.44867e-20
3.45456e-20
3.45406e-20
3.45097e-20
3.44954e-20
3.45396e-20
3.4681e-20
3.49287e-20
3.52768e-20
3.56852e-20
3.61087e-20
3.65118e-20
3.68596e-20
3.71328e-20
3.73154e-20
3.73831e-20
3.73105e-20
3.70687e-20
3.66476e-20
3.60803e-20
3.54431e-20
3.48375e-20
3.43523e-20
3.40484e-20
3.39201e-20
3.39213e-20
3.40008e-20
3.41214e-20
3.42864e-20
3.45299e-20
3.48752e-20
3.53368e-20
3.58805e-20
3.64389e-20
3.69231e-20
3.72557e-20
3.73873e-20
3.73086e-20
3.70417e-20
3.66406e-20
3.61666e-20
3.56866e-20
3.52517e-20
3.48988e-20
3.4645e-20
3.44894e-20
3.44215e-20
3.44315e-20
3.4509e-20
3.46564e-20
3.48695e-20
3.51384e-20
3.5418e-20
3.56547e-20
3.57789e-20
3.57402e-20
3.55153e-20
3.51105e-20
3.45593e-20
3.39226e-20
3.32634e-20
3.26495e-20
3.21426e-20
3.1796e-20
3.16418e-20
3.16906e-20
3.1929e-20
3.2333e-20
3.28681e-20
3.35006e-20
3.42004e-20
3.49445e-20
3.56937e-20
3.64024e-20
3.70167e-20
3.74863e-20
3.77629e-20
3.78212e-20
3.76542e-20
3.72822e-20
3.6742e-20
3.60869e-20
3.53738e-20
3.46631e-20
3.40081e-20
3.34589e-20
3.30577e-20
3.28388e-20
3.28163e-20
3.29918e-20
3.33354e-20
3.37982e-20
3.43114e-20
3.47999e-20
3.5187e-20
3.54055e-20
3.54181e-20
3.52066e-20
3.48021e-20
3.42651e-20
3.36976e-20
3.32215e-20
3.29617e-20
3.30126e-20
3.34029e-20
3.40832e-20
3.49345e-20
3.58088e-20
3.65677e-20
3.71212e-20
3.74325e-20
3.75041e-20
3.73722e-20
3.70936e-20
3.67377e-20
3.63654e-20
3.60443e-20
3.58252e-20
3.57319e-20
3.5764e-20
3.59114e-20
3.61672e-20
3.6529e-20
3.69805e-20
3.74689e-20
3.79034e-20
3.81732e-20
3.81786e-20
3.78811e-20
3.73019e-20
3.6536e-20
3.57233e-20
3.50186e-20
3.45543e-20
3.43943e-20
3.45375e-20
3.49173e-20
3.54325e-20
3.59775e-20
3.64584e-20
3.67979e-20
3.69328e-20
3.68324e-20
3.64791e-20
3.58927e-20
3.51239e-20
3.42423e-20
3.33299e-20
3.248e-20
3.17611e-20
3.12285e-20
3.09099e-20
3.0816e-20
3.09298e-20
3.12248e-20
3.16576e-20
3.21818e-20
3.27521e-20
3.33329e-20
3.38882e-20
3.43898e-20
3.48165e-20
3.51455e-20
3.53619e-20
3.54682e-20
3.54808e-20
3.54204e-20
3.53251e-20
3.52239e-20
3.51481e-20
3.51141e-20
3.5139e-20
3.5215e-20
3.53297e-20
3.5448e-20
3.55407e-20
3.55818e-20
3.55608e-20
3.54693e-20
3.53217e-20
3.51374e-20
3.49542e-20
3.48143e-20
3.47688e-20
3.48614e-20
3.51215e-20
3.55447e-20
3.60922e-20
3.6687e-20
3.72399e-20
3.76597e-20
3.78858e-20
3.78881e-20
3.7686e-20
3.73337e-20
3.69062e-20
3.64924e-20
3.61717e-20
3.59987e-20
3.59911e-20
3.61395e-20
3.63826e-20
3.66567e-20
3.68889e-20
3.70113e-20
3.69719e-20
3.67312e-20
3.62868e-20
3.56675e-20
3.49232e-20
3.41132e-20
3.32968e-20
3.25307e-20
3.18644e-20
3.13366e-20
3.09761e-20
4.45056e-20
4.39588e-20
4.32216e-20
4.23416e-20
4.14039e-20
4.05225e-20
3.98152e-20
3.93688e-20
3.92341e-20
3.9413e-20
3.98871e-20
4.06107e-20
4.15136e-20
4.25014e-20
4.34686e-20
4.43108e-20
4.49498e-20
4.53496e-20
4.55059e-20
4.54498e-20
4.5219e-20
4.4859e-20
4.4414e-20
4.39238e-20
4.34472e-20
4.30853e-20
4.29409e-20
4.30603e-20
4.33781e-20
4.37386e-20
4.39988e-20
4.4083e-20
4.40031e-20
4.38248e-20
4.36353e-20
4.35088e-20
4.34885e-20
4.35788e-20
4.37278e-20
4.38644e-20
4.39097e-20
4.38027e-20
4.35214e-20
4.30632e-20
4.24508e-20
4.17311e-20
4.09445e-20
4.01532e-20
3.94377e-20
3.88835e-20
3.85881e-20
3.86395e-20
3.90887e-20
3.99259e-20
4.10792e-20
4.24291e-20
4.38375e-20
4.517e-20
4.63132e-20
4.71832e-20
4.7724e-20
4.79072e-20
4.77366e-20
4.7259e-20
4.65614e-20
4.57519e-20
4.49338e-20
4.41893e-20
4.35621e-20
4.30575e-20
4.26523e-20
4.23105e-20
4.20006e-20
4.17048e-20
4.14105e-20
4.11086e-20
4.07995e-20
4.04959e-20
4.02289e-20
4.00209e-20
3.98788e-20
3.97871e-20
3.97218e-20
3.96609e-20
3.95915e-20
3.95146e-20
3.94435e-20
3.94023e-20
3.94114e-20
3.95008e-20
3.97135e-20
4.00942e-20
4.06799e-20
4.15003e-20
4.25621e-20
4.38308e-20
4.52246e-20
4.66249e-20
4.78823e-20
4.88489e-20
4.94092e-20
4.94904e-20
4.90719e-20
4.81905e-20
4.69629e-20
4.55723e-20
4.42748e-20
4.33156e-20
4.28358e-20
4.28124e-20
4.30895e-20
4.34614e-20
4.37408e-20
4.37981e-20
4.35692e-20
4.30386e-20
4.22426e-20
4.12645e-20
4.02248e-20
3.9275e-20
3.85737e-20
3.82519e-20
3.83668e-20
3.89117e-20
3.98173e-20
4.09923e-20
4.23251e-20
4.36914e-20
4.49578e-20
4.60036e-20
4.67326e-20
4.70865e-20
4.70616e-20
4.6697e-20
4.60753e-20
4.53057e-20
4.45091e-20
4.37822e-20
4.31926e-20
4.27528e-20
4.24276e-20
4.21598e-20
4.18921e-20
4.15907e-20
4.12494e-20
4.09033e-20
4.06064e-20
4.04221e-20
4.04033e-20
4.05745e-20
4.09208e-20
4.13935e-20
4.19246e-20
4.24389e-20
4.2869e-20
4.31866e-20
4.33882e-20
4.35161e-20
4.36431e-20
4.38354e-20
4.41309e-20
4.45091e-20
4.49012e-20
4.52209e-20
4.5383e-20
4.53285e-20
4.50445e-20
4.45569e-20
4.3922e-20
4.32183e-20
4.25447e-20
4.20045e-20
4.16899e-20
4.1636e-20
4.18138e-20
4.21429e-20
4.25295e-20
4.28985e-20
4.31903e-20
4.33675e-20
4.34003e-20
4.32722e-20
4.29963e-20
4.2608e-20
4.21841e-20
4.18194e-20
4.16158e-20
4.16453e-20
4.19271e-20
4.24227e-20
4.30509e-20
4.37155e-20
4.43352e-20
4.48529e-20
4.52381e-20
4.54599e-20
4.55156e-20
4.54155e-20
4.51843e-20
4.48609e-20
4.44732e-20
4.40405e-20
4.35574e-20
4.30092e-20
4.23973e-20
4.17723e-20
4.12204e-20
4.08443e-20
4.07026e-20
4.08161e-20
4.11474e-20
4.16273e-20
4.21676e-20
4.26859e-20
4.31135e-20
4.34076e-20
4.35653e-20
4.35986e-20
4.35233e-20
4.33691e-20
4.31676e-20
4.29611e-20
4.27932e-20
4.2712e-20
4.27497e-20
4.29068e-20
4.31517e-20
4.34138e-20
4.36086e-20
4.36712e-20
4.35674e-20
4.33108e-20
4.29578e-20
4.25836e-20
4.22531e-20
4.20031e-20
4.18398e-20
4.17339e-20
4.1657e-20
4.15959e-20
4.15684e-20
4.16139e-20
4.17609e-20
4.20037e-20
4.23026e-20
4.25941e-20
4.28357e-20
4.30112e-20
4.31319e-20
4.32233e-20
4.32974e-20
4.33576e-20
4.34005e-20
4.34262e-20
4.3444e-20
4.34869e-20
4.35891e-20
4.37799e-20
4.40653e-20
4.44239e-20
4.48108e-20
4.51685e-20
4.54385e-20
4.55684e-20
4.5534e-20
4.53379e-20
4.50179e-20
4.46247e-20
4.42009e-20
4.37572e-20
4.32678e-20
4.26957e-20
4.20093e-20
4.12048e-20
4.03221e-20
3.94318e-20
3.86393e-20
3.80585e-20
3.77877e-20
3.78829e-20
3.83535e-20
3.91513e-20
4.01952e-20
4.13644e-20
4.2536e-20
4.35918e-20
4.44379e-20
4.50151e-20
4.53181e-20
4.53777e-20
4.52654e-20
4.50647e-20
4.48579e-20
4.47031e-20
4.46309e-20
4.46308e-20
4.46595e-20
4.46738e-20
4.46463e-20
4.45788e-20
4.44912e-20
4.44137e-20
4.43668e-20
4.43722e-20
4.44351e-20
4.45516e-20
4.47034e-20
4.4846e-20
4.49279e-20
4.48838e-20
4.46618e-20
4.42234e-20
4.35695e-20
4.2732e-20
4.17619e-20
4.0742e-20
3.97608e-20
3.89052e-20
3.82538e-20
3.78572e-20
3.77448e-20
3.79132e-20
3.8311e-20
3.88717e-20
3.95094e-20
4.01526e-20
4.07503e-20
4.12892e-20
4.17874e-20
4.22686e-20
4.2758e-20
4.32638e-20
4.37687e-20
4.42399e-20
4.46358e-20
4.49089e-20
4.50224e-20
4.49421e-20
4.46438e-20
4.41254e-20
4.34292e-20
4.26316e-20
4.18524e-20
4.12303e-20
4.08681e-20
4.08184e-20
4.10577e-20
4.15011e-20
4.2029e-20
4.25264e-20
4.29132e-20
4.31472e-20
4.32203e-20
4.31392e-20
4.29198e-20
4.25861e-20
4.21879e-20
4.17995e-20
4.15203e-20
4.1435e-20
4.15987e-20
4.20218e-20
4.26695e-20
4.34753e-20
4.43431e-20
4.5171e-20
4.58619e-20
4.63372e-20
4.65658e-20
4.65457e-20
4.63204e-20
4.59466e-20
4.54799e-20
4.49813e-20
4.45166e-20
4.41502e-20
4.39462e-20
4.39397e-20
4.41211e-20
4.44557e-20
4.48745e-20
4.52951e-20
4.56195e-20
4.57668e-20
4.56843e-20
4.53584e-20
4.48253e-20
4.41462e-20
4.33773e-20
4.25523e-20
4.16815e-20
4.07667e-20
3.9827e-20
3.89315e-20
3.82012e-20
3.77773e-20
3.77285e-20
3.80168e-20
3.85231e-20
3.91113e-20
3.96642e-20
4.00983e-20
4.03519e-20
4.04041e-20
4.02755e-20
4.0046e-20
3.98158e-20
3.97013e-20
3.98058e-20
4.01883e-20
4.08532e-20
4.17484e-20
4.27676e-20
4.37969e-20
4.47349e-20
4.55138e-20
4.61015e-20
4.6503e-20
4.67423e-20
4.6843e-20
4.68257e-20
4.66853e-20
4.63899e-20
4.59265e-20
4.52935e-20
4.45483e-20
4.37812e-20
4.30942e-20
4.25603e-20
4.22002e-20
4.19835e-20
4.18541e-20
4.17632e-20
4.16827e-20
4.16077e-20
4.15366e-20
4.14718e-20
4.14112e-20
4.13676e-20
4.13564e-20
4.14015e-20
4.15271e-20
4.17557e-20
4.20961e-20
4.25505e-20
4.3094e-20
4.36797e-20
4.4242e-20
4.47014e-20
4.49845e-20
4.50465e-20
4.48862e-20
4.45313e-20
4.40215e-20
4.34092e-20
4.27365e-20
4.2053e-20
4.14216e-20
4.09154e-20
4.06121e-20
4.05551e-20
4.07376e-20
4.1084e-20
4.14791e-20
4.18069e-20
4.19909e-20
4.19898e-20
4.18157e-20
4.15184e-20
4.11758e-20
4.08797e-20
4.07101e-20
4.07172e-20
4.08815e-20
4.11373e-20
4.13976e-20
4.15854e-20
4.16687e-20
4.16536e-20
4.15811e-20
4.15038e-20
4.14733e-20
4.15234e-20
4.16656e-20
4.18967e-20
4.22005e-20
4.25734e-20
4.30135e-20
4.35221e-20
4.40796e-20
4.46396e-20
4.51258e-20
4.54601e-20
4.55877e-20
4.54804e-20
4.51444e-20
4.46335e-20
4.40213e-20
4.33972e-20
4.28434e-20
4.24148e-20
4.21246e-20
4.19586e-20
4.18914e-20
4.19185e-20
4.20514e-20
4.23287e-20
4.27881e-20
4.343e-20
4.422e-20
4.50825e-20
4.59296e-20
4.66646e-20
4.72099e-20
4.75066e-20
4.75251e-20
4.7249e-20
4.66839e-20
4.58443e-20
4.47662e-20
4.35152e-20
4.21817e-20
4.08771e-20
3.97044e-20
3.87499e-20
3.80524e-20
3.76245e-20
3.74584e-20
3.75414e-20
3.78663e-20
3.84099e-20
3.91201e-20
3.9907e-20
4.066e-20
4.12774e-20
4.16871e-20
4.18644e-20
4.18388e-20
4.17032e-20
4.1582e-20
4.16039e-20
4.18595e-20
4.23526e-20
4.30062e-20
4.37035e-20
4.43263e-20
4.47854e-20
4.50443e-20
4.50966e-20
4.49585e-20
4.46604e-20
4.42444e-20
4.37637e-20
4.32786e-20
4.28487e-20
4.25295e-20
4.23503e-20
4.23251e-20
4.24406e-20
4.26756e-20
4.30121e-20
4.34319e-20
4.39198e-20
4.44579e-20
4.50187e-20
4.55563e-20
4.60071e-20
4.63059e-20
4.63896e-20
4.6229e-20
4.5831e-20
4.52584e-20
4.45949e-20
4.3925e-20
4.33413e-20
4.29169e-20
4.27e-20
4.27025e-20
4.28856e-20
4.31722e-20
4.34614e-20
4.36598e-20
4.37169e-20
4.36185e-20
4.34004e-20
4.31134e-20
4.28124e-20
4.25196e-20
4.22268e-20
4.18996e-20
4.15018e-20
4.10077e-20
4.04303e-20
3.98195e-20
3.92738e-20
3.89007e-20
3.8793e-20
3.90014e-20
3.94892e-20
4.01572e-20
4.08965e-20
4.16161e-20
4.22574e-20
4.28159e-20
4.3301e-20
4.37109e-20
4.40313e-20
4.42358e-20
4.43087e-20
4.42627e-20
4.41191e-20
4.39176e-20
4.3701e-20
4.34995e-20
4.33421e-20
4.32508e-20
4.3247e-20
4.33531e-20
4.35908e-20
4.39673e-20
4.44678e-20
4.50403e-20
4.5615e-20
4.61078e-20
4.64425e-20
4.65629e-20
4.64356e-20
4.60539e-20
4.54384e-20
4.46348e-20
4.37019e-20
4.27084e-20
4.17346e-20
4.08438e-20
4.00866e-20
3.95099e-20
3.91464e-20
3.90129e-20
3.91213e-20
3.94547e-20
3.99658e-20
4.05801e-20
4.1208e-20
4.17576e-20
4.21592e-20
4.23732e-20
4.23922e-20
4.22396e-20
4.19752e-20
4.16821e-20
4.14423e-20
4.13405e-20
4.14293e-20
4.17313e-20
4.22533e-20
4.29615e-20
4.37834e-20
4.4621e-20
4.53926e-20
4.60225e-20
4.64742e-20
4.67209e-20
4.67496e-20
4.65552e-20
4.6144e-20
4.55399e-20
4.47896e-20
4.39705e-20
4.31626e-20
4.24245e-20
4.17596e-20
4.11353e-20
4.05265e-20
3.9941e-20
3.94237e-20
3.90489e-20
3.88706e-20
3.89226e-20
3.91887e-20
3.96333e-20
4.02063e-20
4.08719e-20
4.15826e-20
4.2294e-20
4.29717e-20
4.3569e-20
4.40635e-20
4.44503e-20
4.47472e-20
4.49908e-20
4.52154e-20
4.54439e-20
4.56693e-20
4.58471e-20
4.59167e-20
4.58232e-20
4.5524e-20
4.50144e-20
4.43229e-20
4.35068e-20
4.26426e-20
4.18194e-20
4.11231e-20
4.0615e-20
4.03303e-20
4.02749e-20
4.04458e-20
4.08307e-20
4.14161e-20
4.2192e-20
4.31442e-20
4.42216e-20
4.53289e-20
4.63442e-20
4.71241e-20
4.75383e-20
4.75068e-20
4.70059e-20
4.60712e-20
4.47929e-20
4.33141e-20
4.18119e-20
4.04746e-20
3.94532e-20
3.88289e-20
3.85992e-20
3.86998e-20
3.90499e-20
3.95636e-20
4.01783e-20
4.08463e-20
4.15324e-20
4.22155e-20
4.28728e-20
4.34845e-20
4.40302e-20
4.44857e-20
4.48291e-20
4.5031e-20
4.50741e-20
4.49536e-20
4.46717e-20
4.42447e-20
4.37085e-20
4.31036e-20
4.24723e-20
4.18569e-20
4.12911e-20
4.08166e-20
4.04863e-20
4.03681e-20
4.05164e-20
4.09413e-20
4.1585e-20
4.23472e-20
4.31117e-20
4.37824e-20
4.43031e-20
4.46607e-20
4.48779e-20
4.49781e-20
4.49916e-20
4.49245e-20
4.47657e-20
4.44984e-20
4.41143e-20
4.36371e-20
4.31111e-20
4.26105e-20
4.22097e-20
4.19795e-20
4.19749e-20
4.22222e-20
4.27108e-20
4.3388e-20
4.4174e-20
4.49856e-20
4.57295e-20
4.63099e-20
4.66537e-20
4.66993e-20
4.64441e-20
4.59376e-20
4.52872e-20
4.46343e-20
4.40914e-20
4.37041e-20
4.34356e-20
4.32136e-20
4.29832e-20
4.27435e-20
4.25386e-20
4.24128e-20
4.24001e-20
4.2498e-20
4.26572e-20
4.28158e-20
4.29092e-20
4.28832e-20
4.27103e-20
4.23795e-20
4.1911e-20
4.13388e-20
4.07084e-20
4.00909e-20
3.95385e-20
3.9094e-20
3.87813e-20
3.85967e-20
3.85354e-20
3.85823e-20
3.87356e-20
3.89951e-20
3.93801e-20
3.99131e-20
4.06101e-20
4.14606e-20
4.24104e-20
4.33862e-20
4.43051e-20
4.50844e-20
4.56715e-20
4.6036e-20
4.61782e-20
4.61121e-20
4.58665e-20
4.54703e-20
4.49565e-20
4.435e-20
4.36783e-20
4.2961e-20
4.22246e-20
4.15074e-20
4.085e-20
4.03091e-20
3.99414e-20
3.97921e-20
3.98825e-20
4.02108e-20
4.07478e-20
4.1456e-20
4.22889e-20
4.31945e-20
4.41046e-20
4.49318e-20
4.55853e-20
4.59996e-20
4.61521e-20
4.60662e-20
4.58093e-20
4.54574e-20
4.50784e-20
4.47188e-20
4.44132e-20
4.41676e-20
4.39696e-20
4.37819e-20
4.35438e-20
4.32138e-20
4.2775e-20
4.22552e-20
4.17081e-20
4.1206e-20
4.08238e-20
4.06174e-20
4.06208e-20
4.08401e-20
4.1251e-20
4.17944e-20
4.23855e-20
4.29256e-20
4.33256e-20
4.35212e-20
4.34866e-20
4.32467e-20
4.28793e-20
4.25043e-20
4.22339e-20
4.21443e-20
4.22448e-20
4.24894e-20
4.28061e-20
4.31156e-20
4.33636e-20
4.35174e-20
4.35835e-20
4.35965e-20
4.36151e-20
4.37037e-20
4.3895e-20
4.41894e-20
4.45577e-20
4.49424e-20
4.5281e-20
4.55303e-20
4.566e-20
4.56634e-20
4.55403e-20
4.53111e-20
4.49946e-20
4.46192e-20
4.42068e-20
4.37544e-20
4.32528e-20
4.26941e-20
4.21047e-20
4.15445e-20
4.10943e-20
4.08304e-20
4.07921e-20
4.09573e-20
4.12786e-20
4.16956e-20
4.21564e-20
4.26172e-20
4.30377e-20
4.33683e-20
4.35716e-20
4.36165e-20
4.34931e-20
4.32249e-20
4.28583e-20
4.24657e-20
4.21262e-20
4.18975e-20
4.17866e-20
4.17634e-20
4.1775e-20
4.17712e-20
4.17174e-20
4.1611e-20
4.14761e-20
4.13487e-20
4.12835e-20
4.13186e-20
4.14633e-20
4.17049e-20
4.20042e-20
4.23162e-20
4.2607e-20
4.28629e-20
4.3084e-20
4.32761e-20
4.34411e-20
4.35424e-20
4.3547e-20
4.34301e-20
4.31831e-20
4.28211e-20
4.23846e-20
4.19444e-20
4.15906e-20
4.14163e-20
4.14767e-20
4.17777e-20
4.22711e-20
4.28688e-20
4.34699e-20
4.39882e-20
4.43456e-20
4.45157e-20
4.45038e-20
4.43481e-20
4.41141e-20
4.38677e-20
4.366e-20
4.35177e-20
4.34395e-20
4.34114e-20
4.34124e-20
4.34165e-20
4.34122e-20
4.34012e-20
4.34002e-20
4.3441e-20
4.355e-20
4.37258e-20
4.39355e-20
4.41287e-20
4.42295e-20
4.41766e-20
4.39293e-20
4.34835e-20
4.28759e-20
4.2188e-20
4.15272e-20
4.101e-20
4.07264e-20
4.07137e-20
4.09587e-20
4.14085e-20
4.19768e-20
4.25624e-20
4.30643e-20
4.33941e-20
4.34757e-20
4.32755e-20
4.28222e-20
4.22033e-20
4.1547e-20
