-1.64324e-22
-1.63443e-22
-1.61861e-22
-1.59759e-22
-1.57427e-22
-1.54849e-22
-1.5219e-22
-1.49628e-22
-1.47306e-22
-1.45411e-22
-1.44134e-22
-1.43519e-22
-1.43484e-22
-1.43949e-22
-1.44793e-22
-1.45835e-22
-1.46923e-22
-1.47882e-22
-1.48678e-22
-1.49301e-22
-1.49714e-22
-1.49843e-22
-1.49805e-22
-1.49631e-22
-1.49426e-22
-1.49201e-22
-1.49025e-22
-1.49025e-22
-1.49071e-22
-1.49325e-22
-1.49712e-22
-1.50147e-22
-1.50632e-22
-1.51142e-22
-1.51649e-22
-1.52094e-22
-1.52481e-22
-1.52859e-22
-1.53097e-22
-1.53248e-22
-1.53377e-22
-1.53437e-22
-1.53407e-22
-1.5324e-22
-1.52987e-22
-1.52703e-22
-1.5228e-22
-1.51841e-22
-1.51319e-22
-1.50835e-22
-1.50345e-22
-1.49884e-22
-1.49537e-22
-1.49256e-22
-1.49121e-22
-1.49126e-22
-1.49259e-22
-1.49445e-22
-1.49709e-22
-1.50027e-22
-1.50304e-22
-1.50561e-22
-1.50792e-22
-1.50991e-22
-1.51147e-22
-1.51193e-22
-1.51232e-22
-1.51232e-22
-1.51163e-22
-1.51099e-22
-1.51009e-22
-1.5091e-22
-1.50873e-22
-1.50924e-22
-1.50971e-22
-1.5105e-22
-1.51148e-22
-1.51311e-22
-1.51495e-22
-1.51637e-22
-1.51774e-22
-1.51919e-22
-1.52027e-22
-1.52092e-22
-1.52083e-22
-1.52011e-22
-1.51941e-22
-1.51811e-22
-1.51659e-22
-1.51481e-22
-1.51358e-22
-1.51222e-22
-1.51005e-22
-1.50869e-22
-1.50732e-22
-1.50503e-22
-1.5028e-22
-1.49977e-22
-1.49725e-22
-1.49473e-22
-1.49216e-22
-1.49003e-22
-1.48898e-22
-1.48867e-22
-1.48921e-22
-1.49098e-22
-1.49327e-22
-1.49582e-22
-1.49922e-22
-1.50252e-22
-1.50597e-22
-1.51013e-22
-1.51461e-22
-1.51835e-22
-1.52225e-22
-1.52598e-22
-1.52892e-22
-1.53076e-22
-1.53114e-22
-1.53097e-22
-1.52976e-22
-1.52748e-22
-1.5246e-22
-1.52137e-22
-1.51769e-22
-1.51418e-22
-1.5109e-22
-1.50831e-22
-1.50599e-22
-1.50372e-22
-1.50287e-22
-1.50239e-22
-1.50251e-22
-1.50267e-22
-1.50285e-22
-1.50336e-22
-1.50349e-22
-1.50309e-22
-1.50264e-22
-1.5023e-22
-1.50217e-22
-1.50243e-22
-1.50253e-22
-1.50191e-22
-1.50238e-22
-1.50295e-22
-1.50389e-22
-1.50518e-22
-1.50637e-22
-1.50793e-22
-1.5087e-22
-1.50904e-22
-1.50809e-22
-1.50696e-22
-1.50569e-22
-1.50362e-22
-1.5012e-22
-1.49971e-22
-1.49791e-22
-1.49717e-22
-1.49722e-22
-1.49807e-22
-1.49952e-22
-1.50298e-22
-1.50673e-22
-1.51058e-22
-1.51568e-22
-1.51977e-22
-1.52372e-22
-1.52781e-22
-1.53033e-22
-1.532e-22
-1.53214e-22
-1.53093e-22
-1.52869e-22
-1.52581e-22
-1.52263e-22
-1.51924e-22
-1.51516e-22
-1.51134e-22
-1.50794e-22
-1.50468e-22
-1.50184e-22
-1.49961e-22
-1.49829e-22
-1.49718e-22
-1.49677e-22
-1.49657e-22
-1.49666e-22
-1.49716e-22
-1.49751e-22
-1.49748e-22
-1.49751e-22
-1.49696e-22
-1.49576e-22
-1.49535e-22
-1.4946e-22
-1.49455e-22
-1.49525e-22
-1.49718e-22
-1.50015e-22
-1.50469e-22
-1.50999e-22
-1.51578e-22
-1.52152e-22
-1.52716e-22
-1.53176e-22
-1.5364e-22
-1.53951e-22
-1.54139e-22
-1.54177e-22
-1.54115e-22
-1.53924e-22
-1.53641e-22
-1.5323e-22
-1.52779e-22
-1.52273e-22
-1.51669e-22
-1.51056e-22
-1.50442e-22
-1.49884e-22
-1.49414e-22
-1.4895e-22
-1.48591e-22
-1.48334e-22
-1.48189e-22
-1.48102e-22
-1.4817e-22
-1.48347e-22
-1.48622e-22
-1.48969e-22
-1.49331e-22
-1.49743e-22
-1.50175e-22
-1.50622e-22
-1.51034e-22
-1.51425e-22
-1.51767e-22
-1.52015e-22
-1.52174e-22
-1.52263e-22
-1.52283e-22
-1.52154e-22
-1.51964e-22
-1.5171e-22
-1.51449e-22
-1.51125e-22
-1.50854e-22
-1.50623e-22
-1.50421e-22
-1.5036e-22
-1.50302e-22
-1.50299e-22
-1.50347e-22
-1.50464e-22
-1.50553e-22
-1.5064e-22
-1.5069e-22
-1.50749e-22
-1.50788e-22
-1.50845e-22
-1.50866e-22
-1.50806e-22
-1.50815e-22
-1.50916e-22
-1.50977e-22
-1.51118e-22
-1.51237e-22
-1.51336e-22
-1.51396e-22
-1.5137e-22
-1.51406e-22
-1.51383e-22
-1.51391e-22
-1.51408e-22
-1.51451e-22
-1.5155e-22
-1.51695e-22
-1.51845e-22
-1.52004e-22
-1.52107e-22
-1.52235e-22
-1.52298e-22
-1.52221e-22
-1.52101e-22
-1.51869e-22
-1.51446e-22
-1.50948e-22
-1.50385e-22
-1.49813e-22
-1.49344e-22
-1.49002e-22
-1.48824e-22
-1.48832e-22
-1.49006e-22
-1.49288e-22
-1.49646e-22
-1.50027e-22
-1.50484e-22
-1.50863e-22
-1.51216e-22
-1.51493e-22
-1.51635e-22
-1.51757e-22
-1.51694e-22
-1.51583e-22
-1.51463e-22
-1.5121e-22
-1.50961e-22
-1.50702e-22
-1.5045e-22
-1.50301e-22
-1.50149e-22
-1.50045e-22
-1.50033e-22
-1.50043e-22
-1.50162e-22
-1.5034e-22
-1.50586e-22
-1.50815e-22
-1.51041e-22
-1.51227e-22
-1.51301e-22
-1.51402e-22
-1.51436e-22
-1.51388e-22
-1.51309e-22
-1.51191e-22
-1.51055e-22
-1.50901e-22
-1.50762e-22
-1.50675e-22
-1.50665e-22
-1.50644e-22
-1.50678e-22
-1.50689e-22
-1.50727e-22
-1.50796e-22
-1.50865e-22
-1.50886e-22
-1.50871e-22
-1.5094e-22
-1.50946e-22
-1.51e-22
-1.51073e-22
-1.51153e-22
-1.5128e-22
-1.51432e-22
-1.51534e-22
-1.51623e-22
-1.51618e-22
-1.51671e-22
-1.51631e-22
-1.51539e-22
-1.51355e-22
-1.51139e-22
-1.50954e-22
-1.5074e-22
-1.50495e-22
-1.50268e-22
-1.50138e-22
-1.50035e-22
-1.50025e-22
-1.5001e-22
-1.50091e-22
-1.50093e-22
-1.50093e-22
-1.50153e-22
-1.50153e-22
-1.50156e-22
-1.5017e-22
-1.50154e-22
-1.50176e-22
-1.50187e-22
-1.50217e-22
-1.50298e-22
-1.50395e-22
-1.50645e-22
-1.50856e-22
-1.51085e-22
-1.5132e-22
-1.51568e-22
-1.51779e-22
-1.51981e-22
-1.52137e-22
-1.5227e-22
-1.52296e-22
-1.52354e-22
-1.52285e-22
-1.52156e-22
-1.51948e-22
-1.51734e-22
-1.51478e-22
-1.51193e-22
-1.50971e-22
-1.50712e-22
-1.50524e-22
-1.50376e-22
-1.50284e-22
-1.50234e-22
-1.50254e-22
-1.50244e-22
-1.50273e-22
-1.50319e-22
-1.50341e-22
-1.50308e-22
-1.50313e-22
-1.5021e-22
-1.50105e-22
-1.4999e-22
-1.49859e-22
-1.49689e-22
-1.49517e-22
-1.49351e-22
-1.49222e-22
-1.4919e-22
-1.49199e-22
-1.49368e-22
-1.49614e-22
-1.49951e-22
-1.50358e-22
-1.50872e-22
-1.5126e-22
-1.51695e-22
-1.52017e-22
-1.52337e-22
-1.52528e-22
-1.52644e-22
-1.5268e-22
-1.52598e-22
-1.52457e-22
-1.52257e-22
-1.52048e-22
-1.51801e-22
-1.51596e-22
-1.51282e-22
-1.51047e-22
-1.50919e-22
-1.50805e-22
-1.50681e-22
-1.5072e-22
-1.50764e-22
-1.50857e-22
-1.50894e-22
-1.51007e-22
-1.511e-22
-1.51222e-22
-1.51256e-22
-1.51338e-22
-1.51327e-22
-1.51232e-22
-1.51093e-22
-1.50916e-22
-1.5069e-22
-1.50418e-22
-1.50138e-22
-1.49892e-22
-1.49691e-22
-1.49531e-22
-1.49439e-22
-1.49386e-22
-1.4945e-22
-1.49535e-22
-1.49685e-22
-1.49818e-22
-1.49953e-22
-1.50089e-22
-1.50226e-22
-1.50351e-22
-1.50527e-22
-1.50656e-22
-1.50766e-22
-1.50815e-22
-1.50959e-22
-1.51087e-22
-1.51224e-22
-1.51352e-22
-1.5152e-22
-1.51646e-22
-1.51817e-22
-1.51921e-22
-1.51999e-22
-1.52102e-22
-1.52153e-22
-1.52163e-22
-1.52142e-22
-1.52069e-22
-1.5194e-22
-1.51833e-22
-1.51621e-22
-1.51417e-22
-1.5122e-22
-1.51023e-22
-1.50869e-22
-1.50758e-22
-1.50649e-22
-1.50608e-22
-1.50647e-22
-1.50734e-22
-1.50852e-22
-1.50978e-22
-1.51128e-22
-1.5117e-22
-1.51186e-22
-1.51159e-22
-1.51122e-22
-1.51074e-22
-1.51073e-22
-1.51093e-22
-1.51028e-22
-1.51058e-22
-1.51008e-22
-1.51011e-22
-1.50996e-22
-1.50939e-22
-1.50916e-22
-1.50866e-22
-1.50875e-22
-1.50852e-22
-1.50841e-22
-1.5074e-22
-1.50706e-22
-1.50667e-22
-1.50638e-22
-1.50565e-22
-1.50568e-22
-1.50474e-22
-1.50357e-22
-1.50237e-22
-1.50136e-22
-1.50015e-22
-1.49947e-22
-1.49915e-22
-1.49959e-22
-1.49971e-22
-1.50053e-22
-1.5016e-22
-1.50342e-22
-1.50563e-22
-1.50791e-22
-1.50998e-22
-1.51234e-22
-1.51386e-22
-1.51574e-22
-1.51623e-22
-1.51673e-22
-1.5162e-22
-1.51496e-22
-1.51301e-22
-1.51139e-22
-1.50895e-22
-1.50718e-22
-1.50585e-22
-1.50528e-22
-1.50525e-22
-1.50598e-22
-1.50742e-22
-1.50842e-22
-1.50948e-22
-1.51027e-22
-1.50985e-22
-1.50987e-22
-1.50942e-22
-1.50884e-22
-1.5082e-22
-1.50761e-22
-1.50674e-22
-1.50577e-22
-1.50491e-22
-1.50346e-22
-1.50221e-22
-1.50116e-22
-1.50055e-22
-1.50048e-22
-1.49986e-22
-1.50023e-22
-1.50111e-22
-1.50286e-22
-1.50526e-22
-1.5083e-22
-1.51217e-22
-1.51578e-22
-1.5195e-22
-1.5224e-22
-1.52389e-22
-1.52548e-22
-1.52544e-22
-1.52469e-22
-1.52414e-22
-1.52272e-22
-1.52127e-22
-1.51966e-22
-1.51813e-22
-1.51665e-22
-1.51504e-22
-1.51255e-22
-1.51073e-22
-1.50921e-22
-1.50733e-22
-1.50567e-22
-1.50492e-22
-1.50439e-22
-1.50397e-22
-1.50361e-22
-1.50325e-22
-1.50226e-22
-1.50129e-22
-1.50022e-22
-1.49857e-22
-1.49662e-22
-1.49487e-22
-1.49336e-22
-1.493e-22
-1.49305e-22
-1.49429e-22
-1.49721e-22
-1.50082e-22
-1.50507e-22
-1.50948e-22
-1.51347e-22
-1.51739e-22
-1.52073e-22
-1.52339e-22
-1.52419e-22
-1.52442e-22
-1.5236e-22
-1.52179e-22
-1.51914e-22
-1.51551e-22
-1.51153e-22
-1.50789e-22
-1.50498e-22
-1.50263e-22
-1.50117e-22
-1.50041e-22
-1.49992e-22
-1.50004e-22
-1.5009e-22
-1.50215e-22
-1.50363e-22
-1.5051e-22
-1.50645e-22
-1.50802e-22
-1.5096e-22
-1.51057e-22
-1.51124e-22
-1.51052e-22
-1.51002e-22
-1.50939e-22
-1.50868e-22
-1.50832e-22
-1.50818e-22
-1.50806e-22
-1.50826e-22
-1.50928e-22
-1.51019e-22
-1.51138e-22
-1.51278e-22
-1.51431e-22
-1.5155e-22
-1.51641e-22
-1.51688e-22
-1.51659e-22
-1.51591e-22
-1.51487e-22
-1.51304e-22
-1.51019e-22
-1.5068e-22
-1.50291e-22
-1.49895e-22
-1.49566e-22
-1.49295e-22
-1.4909e-22
-1.48984e-22
-1.48994e-22
-1.49165e-22
-1.4942e-22
-1.49745e-22
-1.50152e-22
-1.50591e-22
-1.51019e-22
-1.51475e-22
-1.51817e-22
-1.52063e-22
-1.52223e-22
-1.52264e-22
-1.52291e-22
-1.52251e-22
-1.52117e-22
-1.51888e-22
-1.51621e-22
-1.51399e-22
-1.51149e-22
-1.50929e-22
-1.5074e-22
-1.5056e-22
-1.50441e-22
-1.50278e-22
-1.5015e-22
-1.50089e-22
-1.50043e-22
-1.50052e-22
-1.50093e-22
-1.50239e-22
-1.50371e-22
-1.50534e-22
-1.50637e-22
-1.50687e-22
-1.50749e-22
-1.50795e-22
-1.50805e-22
-1.50802e-22
-1.5071e-22
-1.50622e-22
-1.50552e-22
-1.50523e-22
-1.50472e-22
-1.5046e-22
-1.50509e-22
-1.50568e-22
-1.50684e-22
-1.50932e-22
-1.51096e-22
-1.51303e-22
-1.51413e-22
-1.5155e-22
-1.51617e-22
-1.51656e-22
-1.51654e-22
-1.51596e-22
-1.51463e-22
-1.51268e-22
-1.51055e-22
-1.50848e-22
-1.50609e-22
-1.50459e-22
-1.50302e-22
-1.502e-22
-1.50163e-22
-1.50126e-22
-1.50188e-22
-1.503e-22
-1.50415e-22
-1.50537e-22
-1.5072e-22
-1.50837e-22
-1.50955e-22
-1.51027e-22
-1.51128e-22
-1.51201e-22
-1.51288e-22
-1.5131e-22
-1.51298e-22
-1.51281e-22
-1.51246e-22
-1.51186e-22
-1.51096e-22
-1.50981e-22
-1.50808e-22
-1.50651e-22
-1.50449e-22
-1.50283e-22
-1.50117e-22
-1.49936e-22
-1.49905e-22
-1.49921e-22
-1.50057e-22
-1.50289e-22
-1.50615e-22
-1.50953e-22
-1.51339e-22
-1.51756e-22
-1.521e-22
-1.524e-22
-1.5251e-22
-1.5259e-22
-1.52551e-22
-1.52319e-22
-1.52049e-22
-1.51693e-22
-1.51254e-22
-1.50784e-22
-1.50345e-22
-1.49942e-22
-1.49662e-22
-1.49479e-22
-1.49475e-22
-1.49539e-22
-1.49713e-22
-1.49994e-22
-1.50298e-22
-1.50635e-22
-1.50926e-22
-1.5119e-22
-1.51425e-22
-1.51595e-22
-1.51721e-22
-1.5176e-22
-1.5175e-22
-1.51782e-22
-1.51771e-22
-1.51733e-22
-1.51663e-22
-1.51558e-22
-1.51397e-22
-1.5126e-22
-1.51116e-22
-1.50926e-22
-1.50769e-22
-1.50671e-22
-1.50585e-22
-1.50529e-22
-1.50511e-22
-1.50622e-22
-1.50716e-22
-1.50842e-22
-1.5104e-22
-1.5125e-22
-1.51451e-22
-1.51549e-22
-1.5172e-22
-1.51796e-22
-1.51742e-22
-1.51638e-22
-1.51444e-22
-1.51183e-22
-1.5088e-22
-1.50557e-22
-1.5021e-22
-1.4988e-22
-1.49589e-22
-1.49396e-22
-1.49287e-22
-1.49249e-22
-1.49279e-22
-1.49428e-22
-1.49654e-22
-1.49911e-22
-1.50217e-22
-1.50525e-22
-1.50862e-22
-1.51189e-22
-1.51497e-22
-1.51719e-22
-1.51922e-22
-1.52013e-22
-1.52021e-22
-1.52009e-22
-1.51872e-22
-1.51722e-22
-1.51547e-22
-1.51363e-22
-1.512e-22
-1.51024e-22
-1.50866e-22
-1.508e-22
-1.50753e-22
-1.50765e-22
-1.50794e-22
-1.50897e-22
-1.50973e-22
-1.51077e-22
-1.51124e-22
-1.51213e-22
-1.51285e-22
-1.51332e-22
-1.51313e-22
-1.51179e-22
-1.51038e-22
-1.50848e-22
-1.50603e-22
-1.50375e-22
-1.501e-22
-1.49885e-22
-1.49658e-22
-1.49537e-22
-1.49467e-22
-1.49507e-22
-1.49671e-22
-1.49924e-22
-1.50181e-22
-1.50519e-22
-1.50827e-22
-1.51108e-22
-1.51381e-22
-1.5159e-22
-1.51641e-22
-1.51685e-22
-1.51589e-22
-1.5154e-22
-1.51364e-22
-1.51111e-22
-1.50854e-22
-1.5056e-22
-1.50296e-22
-1.50081e-22
-1.49954e-22
-1.49894e-22
-1.49991e-22
-1.5007e-22
-1.50198e-22
-1.50441e-22
-1.50709e-22
-1.50998e-22
-1.51314e-22
-1.51643e-22
-1.51939e-22
-1.522e-22
-1.52438e-22
-1.52663e-22
-1.52835e-22
-1.52857e-22
-1.52781e-22
-1.52649e-22
-1.52435e-22
-1.52121e-22
-1.51712e-22
-1.51303e-22
-1.50903e-22
-1.50515e-22
-1.50197e-22
-1.50061e-22
-1.49989e-22
-1.5002e-22
-1.50153e-22
-1.50311e-22
-1.50442e-22
-1.50605e-22
-1.50647e-22
-1.50591e-22
-1.50465e-22
-1.50333e-22
-1.50173e-22
-1.50087e-22
-1.50082e-22
-1.5013e-22
-1.50257e-22
-1.50455e-22
-1.50658e-22
-1.51002e-22
-1.51271e-22
-1.51481e-22
-1.51625e-22
-1.5174e-22
-1.51799e-22
-1.51793e-22
-1.51711e-22
-1.51547e-22
-1.51366e-22
-1.51082e-22
-1.50888e-22
-1.50664e-22
-1.5048e-22
-1.50347e-22
-1.50247e-22
-1.50165e-22
-1.50112e-22
-1.50119e-22
-1.50188e-22
-1.50256e-22
-1.50414e-22
-1.50602e-22
-1.50785e-22
-1.50989e-22
-1.51168e-22
-1.51355e-22
-1.51542e-22
-1.51714e-22
-1.51869e-22
-1.51918e-22
-1.51912e-22
-1.51836e-22
-1.51736e-22
-1.51572e-22
-1.51355e-22
-1.51158e-22
-1.50927e-22
-1.50721e-22
-1.50505e-22
-1.50324e-22
-1.5016e-22
-1.50126e-22
-1.50104e-22
-1.50102e-22
-1.50192e-22
-1.50281e-22
-1.50439e-22
-1.50652e-22
-1.50813e-22
-1.50994e-22
-1.51206e-22
-1.51392e-22
-1.51519e-22
-1.51604e-22
-1.51608e-22
-1.51514e-22
-1.51358e-22
-1.51194e-22
-1.50949e-22
-1.50739e-22
-1.50236e-22
-1.49473e-22
-1.48477e-22
-1.47303e-22
-1.4612e-22
-1.45059e-22
-1.44169e-22
-1.43479e-22
-1.43035e-22
-1.4288e-22
-1.42978e-22
-1.43258e-22
-1.43566e-22
-1.43897e-22
-1.44202e-22
-1.44437e-22
-1.44536e-22
-1.44493e-22
-1.44451e-22
-1.44424e-22
-1.44371e-22
-1.44302e-22
-1.44284e-22
-1.44298e-22
-1.44328e-22
-1.44365e-22
-1.44394e-22
-1.44461e-22
-1.44574e-22
-1.44703e-22
-1.44801e-22
-1.44943e-22
-1.45095e-22
-1.45257e-22
-1.45504e-22
-1.4568e-22
-1.45843e-22
-1.4601e-22
-1.46093e-22
-1.46107e-22
-1.45963e-22
-1.45704e-22
-1.45323e-22
-1.44873e-22
-1.4436e-22
-1.43815e-22
-1.43222e-22
-1.42648e-22
-1.42149e-22
-1.41754e-22
-1.4151e-22
-1.41467e-22
-1.41624e-22
-1.4199e-22
-1.42492e-22
-1.43201e-22
-1.43969e-22
-1.44666e-22
-1.45305e-22
-1.45911e-22
-1.46428e-22
-1.46792e-22
-1.47015e-22
-1.47156e-22
-1.47145e-22
-1.46987e-22
-1.46698e-22
-1.46322e-22
-1.45915e-22
-1.45521e-22
-1.45161e-22
-1.44907e-22
-1.44783e-22
-1.44785e-22
-1.44873e-22
-1.45014e-22
-1.45255e-22
-1.45519e-22
-1.45762e-22
-1.45902e-22
-1.4595e-22
-1.45952e-22
-1.45876e-22
-1.45714e-22
-1.45496e-22
-1.45169e-22
-1.44846e-22
-1.44511e-22
-1.44207e-22
-1.43904e-22
-1.43699e-22
-1.43543e-22
-1.43477e-22
-1.43539e-22
-1.43705e-22
-1.43987e-22
-1.44256e-22
-1.4462e-22
-1.44957e-22
-1.45333e-22
-1.45603e-22
-1.45757e-22
-1.45818e-22
-1.45814e-22
-1.45749e-22
-1.45644e-22
-1.4546e-22
-1.4533e-22
-1.45216e-22
-1.45149e-22
-1.45143e-22
-1.45123e-22
-1.45176e-22
-1.45174e-22
-1.45183e-22
-1.45179e-22
-1.4507e-22
-1.44974e-22
-1.44852e-22
-1.44636e-22
-1.44392e-22
-1.44138e-22
-1.43885e-22
-1.43678e-22
-1.43587e-22
-1.43574e-22
-1.43651e-22
-1.43739e-22
-1.43815e-22
-1.43892e-22
-1.43931e-22
-1.43896e-22
-1.43826e-22
-1.43739e-22
-1.43606e-22
-1.4344e-22
-1.4341e-22
-1.43377e-22
-1.43322e-22
-1.43287e-22
-1.43263e-22
-1.43211e-22
-1.43189e-22
-1.4328e-22
-1.43426e-22
-1.43595e-22
-1.43814e-22
-1.44089e-22
-1.44396e-22
-1.44731e-22
-1.45134e-22
-1.45522e-22
-1.45924e-22
-1.4629e-22
-1.46597e-22
-1.46721e-22
-1.46782e-22
-1.46714e-22
-1.46512e-22
-1.46166e-22
-1.45767e-22
-1.45321e-22
-1.44891e-22
-1.44559e-22
-1.44329e-22
-1.44297e-22
-1.44361e-22
-1.44527e-22
-1.44775e-22
-1.44974e-22
-1.45201e-22
-1.45412e-22
-1.45489e-22
-1.45509e-22
-1.45471e-22
-1.45266e-22
-1.45e-22
-1.44663e-22
-1.44378e-22
-1.4409e-22
-1.43954e-22
-1.4387e-22
-1.43851e-22
-1.43928e-22
-1.43957e-22
-1.44056e-22
-1.44142e-22
-1.44264e-22
-1.44406e-22
-1.44511e-22
-1.44644e-22
-1.44874e-22
-1.45116e-22
-1.45349e-22
-1.45585e-22
-1.45813e-22
-1.46011e-22
-1.46187e-22
-1.46263e-22
-1.4628e-22
-1.4628e-22
-1.4619e-22
-1.46164e-22
-1.46154e-22
-1.4608e-22
-1.46142e-22
-1.463e-22
-1.46494e-22
-1.46614e-22
-1.46714e-22
-1.46713e-22
-1.46612e-22
-1.46416e-22
-1.46126e-22
-1.45779e-22
-1.4532e-22
-1.44754e-22
-1.4417e-22
-1.43573e-22
-1.43015e-22
-1.42548e-22
-1.42277e-22
-1.42226e-22
-1.42278e-22
-1.42515e-22
-1.42932e-22
-1.43351e-22
-1.43727e-22
-1.4416e-22
-1.44558e-22
-1.44941e-22
-1.45209e-22
-1.45389e-22
-1.45528e-22
-1.45533e-22
-1.45511e-22
-1.4545e-22
-1.45407e-22
-1.45314e-22
-1.45267e-22
-1.45197e-22
-1.45081e-22
-1.45003e-22
-1.44993e-22
-1.44994e-22
-1.44994e-22
-1.45002e-22
-1.44995e-22
-1.44985e-22
-1.44934e-22
-1.44946e-22
-1.4498e-22
-1.44958e-22
-1.44956e-22
-1.4497e-22
-1.44961e-22
-1.44965e-22
-1.44902e-22
-1.44806e-22
-1.44661e-22
-1.44488e-22
-1.44345e-22
-1.44209e-22
-1.44119e-22
-1.44069e-22
-1.44132e-22
-1.44243e-22
-1.44419e-22
-1.446e-22
-1.44826e-22
-1.45065e-22
-1.45255e-22
-1.45469e-22
-1.4563e-22
-1.45757e-22
-1.45825e-22
-1.45869e-22
-1.45863e-22
-1.45912e-22
-1.45935e-22
-1.45999e-22
-1.46091e-22
-1.46228e-22
-1.46271e-22
-1.46305e-22
-1.46198e-22
-1.46001e-22
-1.45715e-22
-1.45265e-22
-1.44803e-22
-1.44326e-22
-1.43877e-22
-1.43436e-22
-1.43011e-22
-1.42708e-22
-1.42533e-22
-1.42537e-22
-1.42725e-22
-1.43092e-22
-1.43683e-22
-1.44353e-22
-1.45103e-22
-1.45838e-22
-1.46456e-22
-1.46919e-22
-1.47068e-22
-1.46941e-22
-1.46508e-22
-1.45911e-22
-1.45223e-22
-1.44457e-22
-1.43887e-22
-1.43406e-22
-1.43214e-22
-1.43183e-22
-1.43356e-22
-1.43555e-22
-1.43808e-22
-1.4411e-22
-1.44327e-22
-1.44504e-22
-1.44591e-22
-1.44546e-22
-1.44414e-22
-1.44231e-22
-1.44021e-22
-1.43787e-22
-1.43625e-22
-1.43587e-22
-1.43764e-22
-1.44101e-22
-1.44566e-22
-1.45208e-22
-1.45919e-22
-1.46639e-22
-1.47293e-22
-1.47826e-22
-1.48177e-22
-1.4832e-22
-1.4821e-22
-1.47865e-22
-1.47399e-22
-1.4678e-22
-1.46075e-22
-1.45402e-22
-1.44849e-22
-1.44362e-22
-1.44042e-22
-1.4384e-22
-1.4375e-22
-1.43788e-22
-1.43918e-22
-1.44119e-22
-1.44364e-22
-1.44659e-22
-1.44954e-22
-1.45093e-22
-1.45219e-22
-1.45229e-22
-1.45149e-22
-1.44979e-22
-1.44767e-22
-1.4451e-22
-1.44202e-22
-1.43905e-22
-1.43664e-22
-1.43528e-22
-1.43397e-22
-1.43336e-22
-1.4334e-22
-1.43473e-22
-1.43665e-22
-1.43916e-22
-1.44129e-22
-1.4435e-22
-1.44474e-22
-1.44556e-22
-1.44629e-22
-1.44675e-22
-1.44655e-22
-1.44626e-22
-1.44656e-22
-1.44664e-22
-1.44717e-22
-1.44774e-22
-1.44775e-22
-1.44828e-22
-1.44886e-22
-1.45029e-22
-1.45162e-22
-1.45374e-22
-1.45541e-22
-1.45729e-22
-1.45848e-22
-1.45981e-22
-1.46011e-22
-1.45986e-22
-1.45967e-22
-1.45865e-22
-1.45751e-22
-1.45632e-22
-1.45511e-22
-1.45339e-22
-1.45125e-22
-1.44873e-22
-1.44557e-22
-1.4424e-22
-1.44063e-22
-1.43938e-22
-1.44003e-22
-1.44227e-22
-1.44546e-22
-1.44844e-22
-1.45104e-22
-1.45386e-22
-1.45585e-22
-1.45694e-22
-1.45698e-22
-1.4553e-22
-1.45368e-22
-1.45154e-22
-1.44866e-22
-1.44537e-22
-1.44215e-22
-1.43942e-22
-1.43747e-22
-1.43555e-22
-1.43387e-22
-1.43306e-22
-1.43204e-22
-1.43117e-22
-1.43119e-22
-1.43237e-22
-1.43433e-22
-1.4371e-22
-1.44112e-22
-1.44575e-22
-1.45029e-22
-1.45485e-22
-1.45814e-22
-1.46067e-22
-1.46251e-22
-1.46331e-22
-1.46286e-22
-1.46156e-22
-1.45959e-22
-1.45656e-22
-1.4535e-22
-1.44995e-22
-1.4461e-22
-1.44276e-22
-1.43995e-22
-1.43805e-22
-1.43637e-22
-1.43582e-22
-1.43632e-22
-1.43747e-22
-1.4398e-22
-1.44274e-22
-1.44546e-22
-1.44919e-22
-1.45287e-22
-1.45633e-22
-1.45925e-22
-1.46132e-22
-1.46274e-22
-1.46356e-22
-1.46296e-22
-1.46259e-22
-1.46159e-22
-1.45917e-22
-1.45679e-22
-1.45408e-22
-1.45143e-22
-1.44917e-22
-1.44771e-22
-1.44645e-22
-1.44564e-22
-1.44521e-22
-1.44555e-22
-1.44572e-22
-1.44578e-22
-1.44577e-22
-1.44603e-22
-1.44559e-22
-1.44512e-22
-1.44459e-22
-1.4434e-22
-1.44179e-22
-1.43978e-22
-1.4372e-22
-1.43463e-22
-1.43273e-22
-1.4317e-22
-1.4319e-22
-1.43351e-22
-1.43595e-22
-1.43928e-22
-1.4427e-22
-1.44576e-22
-1.44868e-22
-1.44997e-22
-1.45065e-22
-1.45167e-22
-1.45325e-22
-1.45528e-22
-1.45752e-22
-1.45959e-22
-1.4615e-22
-1.46268e-22
-1.46294e-22
-1.46202e-22
-1.46032e-22
-1.4585e-22
-1.45657e-22
-1.45401e-22
-1.45198e-22
-1.4499e-22
-1.44858e-22
-1.44772e-22
-1.44686e-22
-1.44697e-22
-1.4469e-22
-1.44765e-22
-1.44811e-22
-1.44957e-22
-1.45096e-22
-1.45258e-22
-1.45286e-22
-1.45322e-22
-1.45334e-22
-1.45242e-22
-1.45157e-22
-1.4497e-22
-1.44813e-22
-1.44674e-22
-1.44598e-22
-1.44523e-22
-1.44567e-22
-1.44678e-22
-1.44789e-22
-1.44992e-22
-1.45263e-22
-1.4551e-22
-1.45755e-22
-1.45984e-22
-1.4607e-22
-1.46052e-22
-1.45914e-22
-1.45648e-22
-1.45299e-22
-1.44904e-22
-1.44488e-22
-1.44156e-22
-1.43859e-22
-1.43728e-22
-1.43717e-22
-1.43812e-22
-1.43944e-22
-1.44155e-22
-1.44328e-22
-1.44482e-22
-1.44548e-22
-1.44427e-22
-1.44322e-22
-1.44088e-22
-1.43846e-22
-1.43681e-22
-1.43521e-22
-1.43453e-22
-1.43455e-22
-1.43497e-22
-1.43581e-22
-1.43708e-22
-1.439e-22
-1.44216e-22
-1.44609e-22
-1.45011e-22
-1.454e-22
-1.45706e-22
-1.4594e-22
-1.46094e-22
-1.46171e-22
-1.46202e-22
-1.46233e-22
-1.46204e-22
-1.46163e-22
-1.46114e-22
-1.45964e-22
-1.45798e-22
-1.45634e-22
-1.45427e-22
-1.45243e-22
-1.45036e-22
-1.44845e-22
-1.44717e-22
-1.44717e-22
-1.44811e-22
-1.44918e-22
-1.45019e-22
-1.45112e-22
-1.45158e-22
-1.45146e-22
-1.45099e-22
-1.44987e-22
-1.44915e-22
-1.44814e-22
-1.44764e-22
-1.44693e-22
-1.44641e-22
-1.44593e-22
-1.44531e-22
-1.44445e-22
-1.44329e-22
-1.44182e-22
-1.44008e-22
-1.43874e-22
-1.43737e-22
-1.43652e-22
-1.43647e-22
-1.43816e-22
-1.44071e-22
-1.4438e-22
-1.4477e-22
-1.45111e-22
-1.45342e-22
-1.45491e-22
-1.45512e-22
-1.45349e-22
-1.45014e-22
-1.44704e-22
-1.4434e-22
-1.43952e-22
-1.43668e-22
-1.43519e-22
-1.43508e-22
-1.43656e-22
-1.43891e-22
-1.44204e-22
-1.44583e-22
-1.45025e-22
-1.45441e-22
-1.45809e-22
-1.46146e-22
-1.46382e-22
-1.46519e-22
-1.46539e-22
-1.46432e-22
-1.46156e-22
-1.4588e-22
-1.45465e-22
-1.45139e-22
-1.44818e-22
-1.44661e-22
-1.44589e-22
-1.44558e-22
-1.44544e-22
-1.44537e-22
-1.44402e-22
-1.44197e-22
-1.43952e-22
-1.43684e-22
-1.43424e-22
-1.43253e-22
-1.43162e-22
-1.43158e-22
-1.43256e-22
-1.43453e-22
-1.43683e-22
-1.43983e-22
-1.44279e-22
-1.44532e-22
-1.44849e-22
-1.45175e-22
-1.45475e-22
-1.45722e-22
-1.45846e-22
-1.45781e-22
-1.45587e-22
-1.45288e-22
-1.44969e-22
-1.44664e-22
-1.44457e-22
-1.44326e-22
-1.44299e-22
-1.44338e-22
-1.4445e-22
-1.44547e-22
-1.44734e-22
-1.44864e-22
-1.45016e-22
-1.45142e-22
-1.45237e-22
-1.45292e-22
-1.45379e-22
-1.45439e-22
-1.45488e-22
-1.45476e-22
-1.45449e-22
-1.45447e-22
-1.45423e-22
-1.45368e-22
-1.45347e-22
-1.45263e-22
-1.45145e-22
-1.45e-22
-1.44776e-22
-1.44498e-22
-1.44205e-22
-1.44056e-22
-1.43957e-22
-1.43996e-22
-1.44137e-22
-1.44359e-22
-1.44651e-22
-1.44925e-22
-1.45125e-22
-1.45273e-22
-1.45377e-22
-1.45362e-22
-1.45281e-22
-1.45139e-22
-1.4493e-22
-1.44742e-22
-1.44605e-22
-1.44544e-22
-1.44559e-22
-1.44672e-22
-1.4483e-22
-1.45057e-22
-1.45294e-22
-1.45515e-22
-1.4569e-22
-1.45833e-22
-1.45812e-22
-1.45692e-22
-1.45539e-22
-1.45231e-22
-1.44931e-22
-1.44627e-22
-1.44361e-22
-1.44253e-22
-1.44213e-22
-1.44259e-22
-1.44342e-22
-1.44423e-22
-1.44535e-22
-1.4451e-22
-1.4445e-22
-1.44333e-22
-1.44186e-22
-1.44076e-22
-1.44061e-22
-1.44132e-22
-1.44202e-22
-1.44401e-22
-1.44589e-22
-1.44744e-22
-1.44833e-22
-1.44944e-22
-1.45133e-22
-1.45217e-22
-1.45402e-22
-1.456e-22
-1.45827e-22
-1.46012e-22
-1.46131e-22
-1.46117e-22
-1.45964e-22
-1.45726e-22
-1.4527e-22
-1.44785e-22
-1.4429e-22
-1.43798e-22
-1.43418e-22
-1.43136e-22
-1.4304e-22
-1.43061e-22
-1.43199e-22
-1.434e-22
-1.43678e-22
-1.43952e-22
-1.44164e-22
-1.4434e-22
-1.44454e-22
-1.44488e-22
-1.44503e-22
-1.4447e-22
-1.4445e-22
-1.44499e-22
-1.44572e-22
-1.44798e-22
-1.45003e-22
-1.45267e-22
-1.45586e-22
-1.45812e-22
-1.46022e-22
-1.46174e-22
-1.4628e-22
-1.46351e-22
-1.46292e-22
-1.461e-22
-1.45821e-22
-1.45442e-22
-1.45011e-22
-1.44593e-22
-1.44342e-22
-1.44127e-22
-1.44003e-22
-1.44023e-22
-1.44077e-22
-1.44171e-22
-1.44296e-22
-1.44412e-22
-1.4468e-22
-1.44988e-22
-1.45359e-22
-1.457e-22
-1.46014e-22
-1.46232e-22
-1.46317e-22
-1.46238e-22
-1.46066e-22
-1.45769e-22
-1.45444e-22
-1.45098e-22
-1.44826e-22
-1.44638e-22
-1.44501e-22
-1.44456e-22
-1.44468e-22
-1.4446e-22
-1.44525e-22
-1.44607e-22
-1.44774e-22
-1.44926e-22
-1.45143e-22
-1.45279e-22
-1.45358e-22
-1.45313e-22
-1.45118e-22
-1.44835e-22
-1.44515e-22
-1.4408e-22
-1.43642e-22
-1.43211e-22
-1.42867e-22
-1.42631e-22
-1.42522e-22
-1.42553e-22
-1.42728e-22
-1.42989e-22
-1.43305e-22
-1.43719e-22
-1.4423e-22
-1.44692e-22
-1.4516e-22
-1.45612e-22
-1.4604e-22
-1.46342e-22
-1.46548e-22
-1.46575e-22
-1.46427e-22
-1.46126e-22
-1.45774e-22
-1.45351e-22
-1.44901e-22
-1.44436e-22
-1.44004e-22
-1.43647e-22
-1.43424e-22
-1.43295e-22
-1.43331e-22
-1.43461e-22
-1.4372e-22
-1.44073e-22
-1.44447e-22
-1.44758e-22
-1.4497e-22
-1.45116e-22
-1.45084e-22
-1.44996e-22
-1.44701e-22
-1.44346e-22
-1.43937e-22
-1.43618e-22
-1.43439e-22
-1.43454e-22
-1.43709e-22
-1.44161e-22
-1.44735e-22
-1.453e-22
-1.45831e-22
-1.46223e-22
-1.46408e-22
-1.46445e-22
-1.46373e-22
-1.46224e-22
-1.45918e-22
-1.4569e-22
-1.45492e-22
-1.45329e-22
-1.45236e-22
-1.45252e-22
-1.45344e-22
-1.45527e-22
-1.45771e-22
-1.46051e-22
-1.46384e-22
-1.46708e-22
-1.46861e-22
-1.46885e-22
-1.46627e-22
-1.46225e-22
-1.45731e-22
-1.45238e-22
-1.44826e-22
-1.44494e-22
-1.44412e-22
-1.4451e-22
-1.44771e-22
-1.45113e-22
-1.45495e-22
-1.45794e-22
-1.45933e-22
-1.46005e-22
-1.45858e-22
-1.45609e-22
-1.45238e-22
-1.4471e-22
-1.44141e-22
-1.43601e-22
-1.4301e-22
-1.42543e-22
-1.42201e-22
-1.4205e-22
-1.41996e-22
-1.42084e-22
-1.4224e-22
-1.42504e-22
-1.42852e-22
-1.43263e-22
-1.43643e-22
-1.44026e-22
-1.44378e-22
-1.44645e-22
-1.44853e-22
-1.45015e-22
-1.45105e-22
-1.45072e-22
-1.45043e-22
-1.44943e-22
-1.44885e-22
-1.44816e-22
-1.44832e-22
-1.44816e-22
-1.4489e-22
-1.44917e-22
-1.45e-22
-1.45058e-22
-1.45095e-22
-1.45043e-22
-1.45e-22
-1.44909e-22
-1.44837e-22
-1.44706e-22
-1.44607e-22
-1.44566e-22
-1.44631e-22
-1.44778e-22
-1.45071e-22
-1.45427e-22
-1.45883e-22
-1.46271e-22
-1.46558e-22
-1.46653e-22
-1.46651e-22
-1.46498e-22
-1.46245e-22
-1.45984e-22
-1.45732e-22
-1.45546e-22
-1.45445e-22
-1.45487e-22
-1.45525e-22
-1.45725e-22
-1.4594e-22
-1.46116e-22
-1.46188e-22
-1.4606e-22
-1.45868e-22
-1.45551e-22
-1.45108e-22
-1.44608e-22
-1.44054e-22
-1.43521e-22
-1.43025e-22
-1.42589e-22
-1.42267e-22
-1.4207e-22
-1.41804e-22
-1.41437e-22
-1.40927e-22
-1.40309e-22
-1.39674e-22
-1.39135e-22
-1.3871e-22
-1.3846e-22
-1.38354e-22
-1.38515e-22
-1.38845e-22
-1.39335e-22
-1.3995e-22
-1.40613e-22
-1.41212e-22
-1.41723e-22
-1.42125e-22
-1.42348e-22
-1.42476e-22
-1.42467e-22
-1.42367e-22
-1.42158e-22
-1.41819e-22
-1.41426e-22
-1.41132e-22
-1.40879e-22
-1.40773e-22
-1.40874e-22
-1.41088e-22
-1.41333e-22
-1.4147e-22
-1.4152e-22
-1.41501e-22
-1.41417e-22
-1.41304e-22
-1.41228e-22
-1.41258e-22
-1.41281e-22
-1.41408e-22
-1.41471e-22
-1.41463e-22
-1.41416e-22
-1.41176e-22
-1.40843e-22
-1.40503e-22
-1.39976e-22
-1.39473e-22
-1.39007e-22
-1.38527e-22
-1.38145e-22
-1.37961e-22
-1.38015e-22
-1.38303e-22
-1.38855e-22
-1.39613e-22
-1.40526e-22
-1.41466e-22
-1.42356e-22
-1.43093e-22
-1.43641e-22
-1.43963e-22
-1.44064e-22
-1.43936e-22
-1.43592e-22
-1.43111e-22
-1.42536e-22
-1.42018e-22
-1.4156e-22
-1.41172e-22
-1.40871e-22
-1.40619e-22
-1.40392e-22
-1.40191e-22
-1.39984e-22
-1.39784e-22
-1.39585e-22
-1.39383e-22
-1.3922e-22
-1.39034e-22
-1.38874e-22
-1.38756e-22
-1.38704e-22
-1.38653e-22
-1.38577e-22
-1.38494e-22
-1.38443e-22
-1.38459e-22
-1.38434e-22
-1.38444e-22
-1.38545e-22
-1.38716e-22
-1.38965e-22
-1.39387e-22
-1.39977e-22
-1.40697e-22
-1.41534e-22
-1.42493e-22
-1.43391e-22
-1.44156e-22
-1.4475e-22
-1.45064e-22
-1.45062e-22
-1.44749e-22
-1.4418e-22
-1.4334e-22
-1.42438e-22
-1.41593e-22
-1.41012e-22
-1.40725e-22
-1.40756e-22
-1.40948e-22
-1.41133e-22
-1.41289e-22
-1.41342e-22
-1.41179e-22
-1.40792e-22
-1.40264e-22
-1.39603e-22
-1.38912e-22
-1.38276e-22
-1.3784e-22
-1.37617e-22
-1.37757e-22
-1.38133e-22
-1.38766e-22
-1.39519e-22
-1.40382e-22
-1.41257e-22
-1.42093e-22
-1.42777e-22
-1.43221e-22
-1.4346e-22
-1.43418e-22
-1.43172e-22
-1.42773e-22
-1.42292e-22
-1.41752e-22
-1.41312e-22
-1.40922e-22
-1.40608e-22
-1.40386e-22
-1.40225e-22
-1.40067e-22
-1.39866e-22
-1.39675e-22
-1.39422e-22
-1.39198e-22
-1.3908e-22
-1.39094e-22
-1.3924e-22
-1.3949e-22
-1.39833e-22
-1.40216e-22
-1.40542e-22
-1.40852e-22
-1.40985e-22
-1.41092e-22
-1.41178e-22
-1.41247e-22
-1.41405e-22
-1.41601e-22
-1.41869e-22
-1.42202e-22
-1.42424e-22
-1.4251e-22
-1.4248e-22
-1.42279e-22
-1.41948e-22
-1.41539e-22
-1.41077e-22
-1.40586e-22
-1.40252e-22
-1.40062e-22
-1.40063e-22
-1.40176e-22
-1.40361e-22
-1.40619e-22
-1.40819e-22
-1.40987e-22
-1.41078e-22
-1.41067e-22
-1.40999e-22
-1.40774e-22
-1.40529e-22
-1.40261e-22
-1.40073e-22
-1.39962e-22
-1.39999e-22
-1.40173e-22
-1.4046e-22
-1.40849e-22
-1.41291e-22
-1.4172e-22
-1.421e-22
-1.42302e-22
-1.42479e-22
-1.42534e-22
-1.42454e-22
-1.42311e-22
-1.42081e-22
-1.4186e-22
-1.41581e-22
-1.41254e-22
-1.40876e-22
-1.4048e-22
-1.40024e-22
-1.39665e-22
-1.39392e-22
-1.39372e-22
-1.39455e-22
-1.39683e-22
-1.39989e-22
-1.40363e-22
-1.4069e-22
-1.40939e-22
-1.41171e-22
-1.41292e-22
-1.41271e-22
-1.41222e-22
-1.41138e-22
-1.41026e-22
-1.40864e-22
-1.40752e-22
-1.407e-22
-1.40705e-22
-1.40821e-22
-1.40963e-22
-1.41125e-22
-1.41293e-22
-1.4133e-22
-1.41237e-22
-1.41047e-22
-1.40807e-22
-1.40551e-22
-1.40333e-22
-1.40212e-22
-1.40089e-22
-1.4003e-22
-1.3998e-22
-1.39935e-22
-1.39928e-22
-1.39971e-22
-1.40088e-22
-1.403e-22
-1.40454e-22
-1.40614e-22
-1.40746e-22
-1.40885e-22
-1.4101e-22
-1.4102e-22
-1.4104e-22
-1.41093e-22
-1.41134e-22
-1.41157e-22
-1.41233e-22
-1.41272e-22
-1.41331e-22
-1.41421e-22
-1.4158e-22
-1.41798e-22
-1.42038e-22
-1.42268e-22
-1.42423e-22
-1.42525e-22
-1.42484e-22
-1.42395e-22
-1.42206e-22
-1.41944e-22
-1.41635e-22
-1.41297e-22
-1.40976e-22
-1.4059e-22
-1.40108e-22
-1.39571e-22
-1.38932e-22
-1.38373e-22
-1.37914e-22
-1.37609e-22
-1.37457e-22
-1.37533e-22
-1.37832e-22
-1.38418e-22
-1.3908e-22
-1.39871e-22
-1.40669e-22
-1.41363e-22
-1.4188e-22
-1.42254e-22
-1.42428e-22
-1.42461e-22
-1.42366e-22
-1.4224e-22
-1.42099e-22
-1.42016e-22
-1.41973e-22
-1.41925e-22
-1.41942e-22
-1.41988e-22
-1.42007e-22
-1.41953e-22
-1.4188e-22
-1.41789e-22
-1.41789e-22
-1.41775e-22
-1.41814e-22
-1.41928e-22
-1.42028e-22
-1.4214e-22
-1.42144e-22
-1.42104e-22
-1.41909e-22
-1.41648e-22
-1.41226e-22
-1.4061e-22
-1.39997e-22
-1.39329e-22
-1.38679e-22
-1.38117e-22
-1.37644e-22
-1.37404e-22
-1.37365e-22
-1.37437e-22
-1.37739e-22
-1.38108e-22
-1.38528e-22
-1.3892e-22
-1.39323e-22
-1.3973e-22
-1.40049e-22
-1.40381e-22
-1.40726e-22
-1.41067e-22
-1.41433e-22
-1.41746e-22
-1.41978e-22
-1.4219e-22
-1.42266e-22
-1.42178e-22
-1.41933e-22
-1.41608e-22
-1.41087e-22
-1.4055e-22
-1.40083e-22
-1.39658e-22
-1.39457e-22
-1.39446e-22
-1.39599e-22
-1.39892e-22
-1.40245e-22
-1.40586e-22
-1.40822e-22
-1.40964e-22
-1.40973e-22
-1.40897e-22
-1.40737e-22
-1.40541e-22
-1.40265e-22
-1.4005e-22
-1.39858e-22
-1.39839e-22
-1.39991e-22
-1.40276e-22
-1.40719e-22
-1.41217e-22
-1.4179e-22
-1.42351e-22
-1.42788e-22
-1.43144e-22
-1.43239e-22
-1.43252e-22
-1.43084e-22
-1.42789e-22
-1.42458e-22
-1.42097e-22
-1.41742e-22
-1.4154e-22
-1.41427e-22
-1.41381e-22
-1.41526e-22
-1.41726e-22
-1.42024e-22
-1.42289e-22
-1.42541e-22
-1.42658e-22
-1.42554e-22
-1.4234e-22
-1.42015e-22
-1.41557e-22
-1.41022e-22
-1.40472e-22
-1.399e-22
-1.39278e-22
-1.38651e-22
-1.38073e-22
-1.37656e-22
-1.37391e-22
-1.37392e-22
-1.37592e-22
-1.3791e-22
-1.38253e-22
-1.38607e-22
-1.38858e-22
-1.39017e-22
-1.39038e-22
-1.38973e-22
-1.38778e-22
-1.3862e-22
-1.38594e-22
-1.38674e-22
-1.38945e-22
-1.39448e-22
-1.40018e-22
-1.40711e-22
-1.41396e-22
-1.42008e-22
-1.425e-22
-1.42887e-22
-1.43139e-22
-1.43252e-22
-1.43344e-22
-1.43337e-22
-1.43185e-22
-1.43013e-22
-1.42639e-22
-1.42205e-22
-1.41683e-22
-1.41196e-22
-1.40767e-22
-1.40428e-22
-1.40208e-22
-1.40058e-22
-1.39983e-22
-1.39937e-22
-1.39925e-22
-1.39882e-22
-1.39856e-22
-1.39814e-22
-1.39816e-22
-1.39789e-22
-1.39793e-22
-1.39821e-22
-1.39897e-22
-1.40042e-22
-1.40302e-22
-1.40581e-22
-1.40949e-22
-1.41362e-22
-1.41733e-22
-1.41989e-22
-1.42119e-22
-1.42151e-22
-1.42011e-22
-1.41732e-22
-1.41418e-22
-1.4099e-22
-1.40555e-22
-1.40137e-22
-1.39723e-22
-1.39412e-22
-1.39251e-22
-1.3928e-22
-1.39428e-22
-1.3964e-22
-1.39891e-22
-1.4014e-22
-1.40208e-22
-1.40196e-22
-1.40075e-22
-1.3987e-22
-1.39629e-22
-1.39416e-22
-1.39346e-22
-1.39328e-22
-1.3945e-22
-1.39647e-22
-1.39797e-22
-1.39938e-22
-1.39961e-22
-1.39936e-22
-1.3987e-22
-1.39819e-22
-1.39809e-22
-1.39847e-22
-1.39967e-22
-1.40131e-22
-1.40377e-22
-1.40621e-22
-1.40895e-22
-1.41235e-22
-1.41639e-22
-1.41991e-22
-1.42288e-22
-1.42508e-22
-1.42576e-22
-1.42489e-22
-1.42318e-22
-1.41966e-22
-1.41533e-22
-1.41119e-22
-1.40776e-22
-1.40489e-22
-1.40279e-22
-1.40127e-22
-1.40088e-22
-1.40071e-22
-1.40188e-22
-1.40438e-22
-1.40739e-22
-1.412e-22
-1.4174e-22
-1.42349e-22
-1.42899e-22
-1.43389e-22
-1.43716e-22
-1.43898e-22
-1.43847e-22
-1.43644e-22
-1.43246e-22
-1.42677e-22
-1.4197e-22
-1.41128e-22
-1.40268e-22
-1.39392e-22
-1.38645e-22
-1.3799e-22
-1.37582e-22
-1.37365e-22
-1.37255e-22
-1.37309e-22
-1.37492e-22
-1.37849e-22
-1.38303e-22
-1.38827e-22
-1.39342e-22
-1.39726e-22
-1.39985e-22
-1.40127e-22
-1.40162e-22
-1.40013e-22
-1.39897e-22
-1.39966e-22
-1.40162e-22
-1.40481e-22
-1.40905e-22
-1.41349e-22
-1.41716e-22
-1.42057e-22
-1.42245e-22
-1.42265e-22
-1.42148e-22
-1.41936e-22
-1.41658e-22
-1.41314e-22
-1.41006e-22
-1.40766e-22
-1.40552e-22
-1.40474e-22
-1.40461e-22
-1.40532e-22
-1.40695e-22
-1.40916e-22
-1.41205e-22
-1.41545e-22
-1.41917e-22
-1.42279e-22
-1.42622e-22
-1.42953e-22
-1.43101e-22
-1.43099e-22
-1.42916e-22
-1.42691e-22
-1.42336e-22
-1.41843e-22
-1.41443e-22
-1.41091e-22
-1.40839e-22
-1.4071e-22
-1.40716e-22
-1.40857e-22
-1.4101e-22
-1.41164e-22
-1.4131e-22
-1.41293e-22
-1.41232e-22
-1.41054e-22
-1.40869e-22
-1.40644e-22
-1.40431e-22
-1.40245e-22
-1.40068e-22
-1.39809e-22
-1.39479e-22
-1.3905e-22
-1.38689e-22
-1.38344e-22
-1.3814e-22
-1.38178e-22
-1.3831e-22
-1.38584e-22
-1.39072e-22
-1.39544e-22
-1.39913e-22
-1.40321e-22
-1.40703e-22
-1.41029e-22
-1.41319e-22
-1.41506e-22
-1.41623e-22
-1.41723e-22
-1.41662e-22
-1.41561e-22
-1.41454e-22
-1.41283e-22
-1.4118e-22
-1.41102e-22
-1.4102e-22
-1.41012e-22
-1.41091e-22
-1.41273e-22
-1.41572e-22
-1.41874e-22
-1.4226e-22
-1.42628e-22
-1.42928e-22
-1.43142e-22
-1.4319e-22
-1.43068e-22
-1.42793e-22
-1.42422e-22
-1.41869e-22
-1.41236e-22
-1.40637e-22
-1.39979e-22
-1.39379e-22
-1.38919e-22
-1.38517e-22
-1.3823e-22
-1.38178e-22
-1.38271e-22
-1.38495e-22
-1.38847e-22
-1.39253e-22
-1.39628e-22
-1.39989e-22
-1.40257e-22
-1.40386e-22
-1.40354e-22
-1.40255e-22
-1.40101e-22
-1.39899e-22
-1.39835e-22
-1.39802e-22
-1.39847e-22
-1.40108e-22
-1.40491e-22
-1.4097e-22
-1.41496e-22
-1.42067e-22
-1.42499e-22
-1.42926e-22
-1.43185e-22
-1.43309e-22
-1.4329e-22
-1.43153e-22
-1.4289e-22
-1.42468e-22
-1.41991e-22
-1.41418e-22
-1.40928e-22
-1.40457e-22
-1.40033e-22
-1.39661e-22
-1.39257e-22
-1.38815e-22
-1.3848e-22
-1.382e-22
-1.38164e-22
-1.38209e-22
-1.38392e-22
-1.38639e-22
-1.39065e-22
-1.39471e-22
-1.39939e-22
-1.40467e-22
-1.40845e-22
-1.41244e-22
-1.41575e-22
-1.41829e-22
-1.42039e-22
-1.42175e-22
-1.42343e-22
-1.4254e-22
-1.4269e-22
-1.42791e-22
-1.42816e-22
-1.42682e-22
-1.42433e-22
-1.42076e-22
-1.41652e-22
-1.41153e-22
-1.40607e-22
-1.40067e-22
-1.39595e-22
-1.39278e-22
-1.39082e-22
-1.39084e-22
-1.39249e-22
-1.39511e-22
-1.39898e-22
-1.40457e-22
-1.41101e-22
-1.41793e-22
-1.42524e-22
-1.43136e-22
-1.4359e-22
-1.43832e-22
-1.43785e-22
-1.43425e-22
-1.42793e-22
-1.41958e-22
-1.40962e-22
-1.39984e-22
-1.39119e-22
-1.38475e-22
-1.38044e-22
-1.37867e-22
-1.37972e-22
-1.38191e-22
-1.38577e-22
-1.39011e-22
-1.39457e-22
-1.39927e-22
-1.40359e-22
-1.40802e-22
-1.41241e-22
-1.41586e-22
-1.4185e-22
-1.42012e-22
-1.42176e-22
-1.42264e-22
-1.42202e-22
-1.42007e-22
-1.41747e-22
-1.41368e-22
-1.40926e-22
-1.40498e-22
-1.40041e-22
-1.39654e-22
-1.39323e-22
-1.39112e-22
-1.39073e-22
-1.39204e-22
-1.39486e-22
-1.39947e-22
-1.40484e-22
-1.40988e-22
-1.41398e-22
-1.41714e-22
-1.41945e-22
-1.42017e-22
-1.42139e-22
-1.4217e-22
-1.42134e-22
-1.42007e-22
-1.4181e-22
-1.4162e-22
-1.41323e-22
-1.40999e-22
-1.40621e-22
-1.40334e-22
-1.40199e-22
-1.40221e-22
-1.40402e-22
-1.40703e-22
-1.41143e-22
-1.41725e-22
-1.42283e-22
-1.42726e-22
-1.43112e-22
-1.43255e-22
-1.43284e-22
-1.43097e-22
-1.4276e-22
-1.4235e-22
-1.41906e-22
-1.41532e-22
-1.4128e-22
-1.41107e-22
-1.40932e-22
-1.40807e-22
-1.40678e-22
-1.40477e-22
-1.40409e-22
-1.40465e-22
-1.40556e-22
-1.4071e-22
-1.40804e-22
-1.40824e-22
-1.40826e-22
-1.40709e-22
-1.40511e-22
-1.40168e-22
-1.39726e-22
-1.39347e-22
-1.38896e-22
-1.38526e-22
-1.38234e-22
-1.37959e-22
-1.37823e-22
-1.37733e-22
-1.3781e-22
-1.37916e-22
-1.38135e-22
-1.38417e-22
-1.38792e-22
-1.39246e-22
-1.39778e-22
-1.4044e-22
-1.41121e-22
-1.41696e-22
-1.42225e-22
-1.42597e-22
-1.42851e-22
-1.42946e-22
-1.4294e-22
-1.42784e-22
-1.42537e-22
-1.4218e-22
-1.41784e-22
-1.41319e-22
-1.40845e-22
-1.40375e-22
-1.39871e-22
-1.39452e-22
-1.39128e-22
-1.389e-22
-1.38789e-22
-1.38858e-22
-1.39067e-22
-1.39424e-22
-1.39884e-22
-1.40465e-22
-1.41081e-22
-1.41675e-22
-1.42214e-22
-1.42656e-22
-1.42903e-22
-1.42958e-22
-1.42896e-22
-1.42721e-22
-1.42516e-22
-1.42283e-22
-1.42065e-22
-1.41841e-22
-1.41677e-22
-1.41562e-22
-1.41346e-22
-1.41169e-22
-1.40924e-22
-1.40644e-22
-1.40251e-22
-1.39873e-22
-1.3958e-22
-1.39355e-22
-1.3927e-22
-1.39302e-22
-1.39481e-22
-1.39747e-22
-1.40094e-22
-1.40459e-22
-1.40798e-22
-1.41046e-22
-1.41152e-22
-1.41107e-22
-1.40967e-22
-1.40794e-22
-1.40553e-22
-1.40374e-22
-1.40301e-22
-1.40357e-22
-1.40545e-22
-1.40745e-22
-1.40957e-22
-1.41078e-22
-1.41213e-22
-1.41278e-22
-1.41341e-22
-1.41384e-22
-1.41386e-22
-1.41512e-22
-1.41753e-22
-1.41976e-22
-1.42206e-22
-1.42451e-22
-1.42587e-22
-1.42677e-22
-1.42644e-22
-1.42577e-22
-1.42385e-22
-1.42229e-22
-1.42029e-22
-1.41748e-22
-1.41441e-22
-1.41072e-22
-1.40716e-22
-1.40322e-22
-1.39911e-22
-1.39634e-22
-1.39517e-22
-1.39492e-22
-1.39654e-22
-1.39899e-22
-1.40169e-22
-1.40422e-22
-1.40673e-22
-1.40888e-22
-1.4114e-22
-1.41278e-22
-1.41312e-22
-1.41257e-22
-1.41034e-22
-1.40765e-22
-1.40505e-22
-1.40319e-22
-1.40158e-22
-1.40094e-22
-1.4009e-22
-1.40118e-22
-1.40112e-22
-1.40093e-22
-1.40048e-22
-1.39924e-22
-1.39863e-22
-1.39819e-22
-1.39807e-22
-1.39936e-22
-1.40106e-22
-1.40289e-22
-1.40457e-22
-1.40631e-22
-1.40753e-22
-1.4091e-22
-1.41117e-22
-1.41158e-22
-1.41197e-22
-1.41198e-22
-1.41119e-22
-1.40949e-22
-1.40705e-22
-1.40404e-22
-1.40071e-22
-1.39851e-22
-1.39732e-22
-1.39796e-22
-1.40029e-22
-1.40347e-22
-1.40741e-22
-1.41178e-22
-1.41473e-22
-1.41749e-22
-1.41861e-22
-1.41822e-22
-1.41741e-22
-1.41621e-22
-1.41476e-22
-1.41352e-22
-1.41257e-22
-1.41225e-22
-1.41216e-22
-1.41183e-22
-1.41207e-22
-1.41189e-22
-1.41126e-22
-1.41113e-22
-1.41171e-22
-1.41219e-22
-1.41295e-22
-1.41452e-22
-1.41566e-22
-1.41664e-22
-1.41623e-22
-1.41461e-22
-1.41158e-22
-1.40746e-22
-1.40275e-22
-1.39865e-22
-1.39563e-22
-1.39355e-22
-1.39358e-22
-1.3957e-22
-1.39867e-22
-1.40214e-22
-1.40566e-22
-1.40898e-22
-1.41056e-22
-1.41084e-22
-1.40969e-22
-1.4066e-22
-1.4023e-22
-1.39799e-22
