180.257
179.75
178.844
177.486
175.598
173.092
169.867
165.796
160.753
154.632
147.382
139.06
129.86
120.15
110.46
101.409
93.5848
87.4298
83.1662
80.7934
80.1276
80.8647
82.6449
85.1112
87.9377
90.8492
93.6349
96.1561
98.3267
100.113
101.513
102.546
103.23
103.574
103.573
103.223
102.528
101.519
100.257
98.8436
97.3992
96.0588
94.9597
94.229
93.959
94.1771
94.8307
95.7997
96.9257
98.0548
99.0609
99.8488
100.366
100.583
100.51
100.192
99.7067
99.1641
98.6691
98.3149
98.1591
98.2194
98.4691
98.8558
99.3163
99.7881
100.21
100.544
100.754
100.816
100.71
100.419
99.9402
99.2751
98.463
97.5726
96.7013
95.9531
95.3966
95.0416
94.8412
94.7189
94.6065
94.4641
94.2721
94.0132
93.6698
93.2239
92.683
92.0961
91.5379
91.0919
90.8266
90.7843
90.9723
91.3744
91.9445
92.6274
93.3605
94.0704
94.6767
95.1028
95.2801
95.1758
94.7965
94.1848
93.4259
92.622
91.8679
91.2429
90.7872
90.5069
90.3896
90.4114
90.5492
90.7875
91.1186
91.5295
91.9994
92.4806
92.9024
93.1816
93.2515
93.0961
92.7899
92.4868
92.3807
92.6374
93.3498
94.5015
95.9805
97.6122
99.2001
100.571
101.612
102.281
102.607
102.665
102.547
102.337
102.105
101.883
101.671
101.438
101.135
100.717
100.149
99.4266
98.5759
97.6639
96.7822
96.0306
95.4866
95.1843
95.0947
95.1424
95.2176
95.2291
95.1336
94.9398
94.7076
94.5245
94.4781
94.6282
95.0047
95.5911
96.3266
97.1288
97.9061
98.5706
99.053
99.3129
99.3513
99.2015
98.9252
98.5866
98.2375
97.8963
97.5524
97.1831
96.776
96.3571
95.9986
95.8084
95.8707
96.2148
96.8012
97.5238
98.2515
98.8564
99.2468
99.3684
99.2055
98.7641
98.0588
97.129
96.0298
94.8307
93.6132
92.4653
91.4807
90.7377
90.3062
90.2317
90.5416
91.2282
92.244
93.5061
94.9071
96.3281
97.6561
98.7861
99.6349
100.146
100.299
100.099
99.5774
98.7908
97.8098
96.7166
95.5941
94.5278
93.5913
92.8588
92.4024
92.2653
92.4629
92.9739
93.7292
94.6286
95.5527
96.3917
97.0535
97.4854
97.6818
97.6654
97.4879
97.22
96.9327
96.6889
96.5238
96.4451
96.4288
96.4394
96.4334
96.3719
96.2353
96.0144
95.7195
95.3683
94.9816
94.5813
94.187
93.8085
93.4455
93.0808
92.7035
92.3048
91.8891
91.4806
91.1175
90.8505
90.7226
90.7403
90.8641
91.021
91.1238
91.0923
90.8817
90.4843
89.9337
89.2957
88.6428
88.034
87.5068
87.0843
86.7891
86.638
86.6525
86.8584
87.2727
87.8961
88.708
89.6728
90.7467
91.8883
93.0659
94.2501
95.4147
96.5226
97.5216
98.3568
98.9771
99.3419
99.4418
99.2957
98.9311
98.4024
97.7705
97.0934
96.4208
95.8041
95.2903
94.909
94.6737
94.5836
94.6238
94.7799
95.0374
95.4
95.8776
96.4763
97.1811
97.9588
98.7386
99.4238
99.9191
100.151
100.078
99.7116
99.0954
98.2858
97.3458
96.3284
95.2694
94.1983
93.136
92.1013
91.1052
90.1468
89.2236
88.3337
87.4899
86.7194
86.0711
85.619
85.4424
85.6142
86.1788
87.1375
88.4281
89.9529
91.5886
93.2242
94.7681
96.1566
97.3534
98.3398
99.1166
99.7173
100.203
100.642
101.085
101.544
101.98
102.327
102.522
102.513
102.283
101.829
101.176
100.364
99.4398
98.4632
97.4862
96.5567
95.7187
94.9901
94.3838
93.8942
93.5161
93.2512
93.115
93.1274
93.3112
93.688
94.267
95.0324
95.9363
96.9048
97.8428
98.6549
99.2568
99.603
99.6967
99.5952
99.4061
99.2578
99.2497
99.4164
99.7176
100.051
100.285
100.301
100.02
99.4236
98.5494
97.4752
96.3096
95.1661
94.1379
93.2873
92.6433
92.1972
91.9145
91.7508
91.6553
91.5689
91.4427
91.2375
90.9281
90.5088
89.9909
89.4003
88.7737
88.1511
87.567
87.044
86.5949
86.2301
85.9676
85.8409
85.9067
86.2383
86.9048
87.943
89.3322
90.9831
92.7437
94.4352
95.8987
97.0209
97.7309
98.0119
97.8798
97.3723
96.5437
95.4634
94.2003
92.825
91.4091
90.0239
88.7543
87.7006
86.9788
86.6951
86.913
87.6277
88.7526
90.1351
91.5982
92.973
94.1298
94.9839
95.4867
95.6259
95.4268
94.9467
94.2596
93.4545
92.6162
91.808
91.0634
90.3727
89.6957
88.9913
88.2548
87.5491
86.999
86.7408
86.8681
87.3976
88.2615
89.3267
90.4251
91.3895
92.0781
92.3949
92.3004
91.8102
90.9942
89.9482
88.7943
87.6558
86.6487
85.8727
85.3938
85.2435
85.4177
85.8851
86.593
87.476
88.4626
89.476
90.4372
91.2665
91.8892
92.2474
92.3159
92.122
91.7545
91.3386
91.0107
90.8677
90.9434
91.2091
91.5917
91.9992
92.3698
92.6836
92.971
93.2958
93.7246
94.2989
95.0153
95.8199
96.6155
97.2924
97.7477
97.9156
97.7753
97.3504
96.6976
95.894
95.028
94.1757
93.4001
92.7495
92.257
91.9433
91.8091
91.8254
91.9325
92.0528
92.1223
92.0972
91.9627
91.7396
91.4585
91.159
90.8839
90.662
90.488
90.3382
90.1828
89.9986
89.7743
89.516
89.2585
89.048
88.9326
88.9481
89.1114
89.4213
89.8565
90.3942
91.0141
91.6997
92.4312
93.1923
93.9638
94.7259
95.4505
96.106
96.6627
97.0898
97.3641
97.4777
97.4302
97.2196
96.8463
96.3012
95.5764
94.6621
93.5543
92.2603
90.8086
89.2469
87.6379
86.0664
84.6187
83.3782
82.4142
81.7745
81.4693
81.4787
81.752
82.2123
82.7755
83.365
83.9256
84.4203
84.8486
85.2346
85.6141
86.0187
86.4584
86.9112
87.3346
87.6681
87.8578
87.8662
87.6702
87.2754
86.7148
86.0516
85.3857
84.8347
84.5121
84.5029
84.8527
85.5594
86.5859
87.8749
89.3585
90.953
92.5702
94.1159
95.5056
96.6669
97.5484
98.1246
98.4001
98.4035
98.1959
97.8526
97.4583
97.0817
96.76
96.4959
96.2615
96.0315
95.8063
95.6269
95.5338
95.543
95.6319
95.7457
95.8233
95.8172
95.7035
95.4755
95.1328
94.6688
94.0716
93.3226
92.4131
91.3577
90.1978
89.0039
87.8694
86.904
86.2148
85.8777
85.9179
86.3003
86.933
87.6749
88.3744
88.904
89.1878
89.2188
89.0559
88.8162
88.6402
88.6634
88.9866
89.6523
90.6307
91.835
93.146
94.4301
95.5618
96.4293
96.9504
97.0639
96.7345
95.9627
94.779
93.2595
91.5216
89.7058
87.9739
86.4735
85.3183
84.5674
84.2069
84.1586
84.295
84.4665
84.5334
84.3758
83.9215
83.153
82.1126
80.9125
79.7249
78.7445
78.1593
78.0986
78.5908
79.5736
80.9135
82.4495
84.0371
85.5767
87.0084
88.3152
89.5009
90.5723
91.5262
92.348
93.0178
93.4994
93.7556
93.7621
93.5118
93.017
92.3186
91.4906
90.6296
89.8455
89.2452
88.9122
88.8926
89.1928
89.7694
90.5295
91.3429
92.0737
92.6035
92.8693
92.8653
92.6378
92.2737
91.886
91.5728
91.4046
91.394
91.5025
91.6457
91.7291
91.6708
91.4335
91.0543
90.6252
90.2679
90.0866
90.1241
90.3661
90.7443
91.1872
91.6291
92.0428
92.4312
92.8294
93.2735
93.797
94.4173
95.1243
95.8837
96.6563
97.3941
98.0557
98.6121
99.0508
99.3798
99.6207
99.8023
99.9474
100.077
100.196
100.294
100.353
100.346
100.243
100.02
99.6477
99.0992
98.3476
97.377
96.1838
94.7875
93.2348
91.6085
90.0172
88.5908
87.4631
86.7594
86.5636
86.8983
87.7183
88.9161
90.3595
91.9164
93.4914
95.0273
96.4906
97.8624
99.1176
100.221
101.132
101.806
102.211
102.333
102.163
101.714
101.006
100.068
98.9354
97.645
96.2356
94.7522
93.2384
91.7504
90.3525
89.1199
88.1173
87.388
86.9477
86.7725
86.8125
86.9948
87.2398
87.4723
87.6279
87.6622
87.5628
87.3521
87.0971
86.8878
86.8111
86.9134
87.1802
87.5503
87.9449
88.2896
88.5275
88.6211
88.5476
88.3073
87.9383
87.5203
87.1666
86.9956
87.0768
87.4223
87.9826
88.6756
89.4144
90.1264
90.7591
91.2728
91.6324
91.8087
91.7749
91.52
91.0638
90.4786
89.8795
89.3936
89.1303
89.1348
89.3863
89.7919
90.2427
90.6369
90.9037
91.0099
90.9628
90.7989
90.5722
90.3463
90.1762
90.0963
90.1237
90.2584
90.4865
90.789
91.1516
91.5593
91.9933
92.4299
92.8403
93.1839
93.4203
93.4961
93.3568
92.9622
92.2964
91.3765
90.2677
89.0826
87.969
87.0878
86.5794
86.5211
86.9082
87.6597
88.6432
89.7127
90.7403
91.6322
92.319
92.76
92.9392
92.8662
92.5701
92.1086
91.559
91.0294
90.6416
90.5097
90.7221
91.3132
92.2385
93.3766
94.5708
95.6563
96.5091
97.0653
97.3265
97.3409
97.1932
96.9798
96.7798
96.6428
96.5653
96.5104
96.4076
96.1818
95.7742
95.1602
94.3585
93.4213
92.4414
91.5313
90.7989
90.3257
90.1318
90.1837
90.4028
90.6854
90.9411
91.1101
91.1714
91.1483
91.0991
91.0863
91.1738
91.3967
91.7507
92.1993
92.6758
93.1123
93.4602
93.692
93.7956
93.7732
93.6397
93.4212
93.1525
92.8697
92.6108
92.4019
92.2552
92.1632
92.1143
92.0906
92.0754
92.0566
92.0365
92.025
92.0341
92.0944
92.2429
92.5182
92.9473
93.5291
94.2229
94.954
95.6339
96.1599
96.4549
96.4765
96.2166
95.6948
94.9584
94.0683
93.0951
92.1067
91.1638
90.3159
89.5959
89.0205
88.6045
88.3619
88.3148
88.4759
88.8541
180.858
180.639
179.645
177.897
175.551
172.907
170.326
168.045
166.053
164.151
162.128
159.908
157.588
155.406
153.619
152.417
151.836
151.737
151.857
151.923
151.723
151.148
150.186
148.917
147.504
146.167
145.136
144.574
144.52
144.885
145.494
146.142
146.645
146.862
146.711
146.175
145.303
144.216
143.076
142.055
141.301
140.905
140.89
141.212
141.785
142.481
143.163
143.699
143.977
143.939
143.6
143.066
142.524
142.232
142.432
143.267
144.72
146.606
148.655
150.631
152.4
153.924
155.218
156.286
157.089
157.56
157.616
157.171
156.14
154.497
152.265
149.544
146.486
143.285
140.174
137.386
135.115
133.485
132.545
132.275
132.603
133.446
134.717
136.3
138.021
139.665
141.041
142.065
142.782
143.343
143.932
144.673
145.581
146.554
147.405
147.923
147.931
147.357
146.274
144.873
143.431
142.253
141.611
141.701
142.584
144.191
146.336
148.745
151.099
153.086
154.43
154.967
154.704
153.845
152.737
151.737
151.061
150.745
150.746
151.033
151.599
152.392
153.288
154.088
154.571
154.579
154.055
153.062
151.75
150.304
148.898
147.673
146.73
146.102
145.773
145.678
145.717
145.781
145.766
145.589
145.194
144.57
143.751
142.81
141.851
140.984
140.299
139.841
139.609
139.578
139.74
140.127
140.777
141.666
142.673
143.62
144.393
144.99
145.513
146.055
146.612
147.061
147.214
146.887
145.959
144.413
142.347
139.987
137.683
135.818
134.707
134.507
135.187
136.555
138.334
140.244
142.07
143.672
145.001
146.077
146.976
147.808
148.673
149.599
150.529
151.401
152.199
152.944
153.636
154.199
154.507
154.463
154.068
153.449
152.781
152.208
151.756
151.345
150.85
150.18
149.314
148.338
147.432
146.832
146.764
147.309
148.353
149.601
150.716
151.455
151.724
151.556
151.066
150.372
149.582
148.788
148.072
147.521
147.225
147.25
147.635
148.375
149.446
150.824
152.493
154.439
156.598
158.826
160.874
162.475
163.401
163.482
162.648
160.932
158.452
155.407
152.058
148.691
145.571
142.92
140.871
139.456
138.574
137.995
137.391
136.459
135.1
133.533
132.241
131.699
132.083
133.221
134.771
136.416
137.947
139.261
140.335
141.216
142.022
142.917
144.04
145.428
146.98
148.511
149.829
150.778
151.249
151.156
150.461
149.173
147.364
145.195
142.891
140.713
138.915
137.719
137.293
137.718
138.955
140.821
143.033
145.265
147.244
148.796
149.879
150.55
150.938
151.187
151.414
151.673
151.928
152.056
151.883
151.244
150.049
148.322
146.219
143.996
141.966
140.403
139.458
139.122
139.241
139.615
140.088
140.623
141.245
141.996
142.911
143.996
145.215
146.47
147.604
148.427
148.752
148.419
147.348
145.601
143.407
141.163
139.349
138.441
138.785
140.472
143.249
146.565
149.763
152.295
153.835
154.315
153.885
152.849
151.592
150.484
149.782
149.569
149.746
150.098
150.388
150.453
150.272
149.966
149.765
149.926
150.618
151.818
153.29
154.64
155.464
155.479
154.556
152.738
150.193
147.184
144.047
141.133
138.765
137.183
136.465
136.528
137.174
138.176
139.375
140.706
142.112
143.495
144.701
145.6
146.14
146.348
146.289
146.04
145.669
145.248
144.848
144.51
144.225
143.926
143.512
142.9
142.063
141.055
139.993
139.037
138.339
138.016
138.131
138.696
139.668
140.943
142.373
143.791
145.046
146.033
146.707
147.109
147.329
147.475
147.634
147.861
148.156
148.491
148.818
149.087
149.281
149.441
149.642
149.943
150.344
150.771
151.107
151.223
151.02
150.435
149.483
148.282
147.061
146.106
145.628
145.674
146.129
146.809
147.544
148.217
148.756
149.121
149.274
149.185
148.83
148.21
147.387
146.5
145.791
145.509
145.787
146.539
147.491
148.319
148.817
148.954
148.88
148.848
149.105
149.786
150.894
152.291
153.756
155.023
155.843
156.041
155.562
154.498
153.069
151.599
150.439
149.883
150.069
150.963
152.374
154.036
155.685
157.118
158.208
158.899
159.187
159.105
158.728
158.165
157.515
156.864
156.26
155.716
155.208
154.67
154.017
153.167
152.062
150.684
149.073
147.333
145.669
144.41
143.982
144.74
146.729
149.586
152.689
155.401
157.256
158.017
157.65
156.314
154.349
152.268
150.612
149.724
149.613
150.039
150.69
151.339
151.912
152.454
153.063
153.824
154.764
155.853
157.026
158.212
159.335
160.333
161.137
161.68
161.891
161.721
161.176
160.311
159.201
157.935
156.59
155.228
153.903
152.657
151.52
150.507
149.624
148.884
148.309
147.92
147.734
147.708
147.732
147.651
147.349
146.791
146.06
145.325
144.778
144.585
144.823
145.46
146.351
147.302
148.089
148.516
148.444
147.809
146.658
145.154
143.599
142.394
141.94
142.493
144.097
146.57
149.611
152.883
156.081
158.932
161.215
162.753
163.427
163.183
162.041
160.077
157.474
154.482
151.387
148.471
145.944
143.931
142.474
141.596
141.34
141.751
142.829
144.457
146.416
148.428
150.21
151.534
152.24
152.28
151.723
150.746
149.608
148.581
147.879
147.601
147.73
148.126
148.577
148.863
148.844
148.507
147.973
147.436
147.066
146.92
146.939
146.989
146.958
146.815
146.614
146.466
146.46
146.596
146.759
146.768
146.472
145.819
144.871
143.773
142.708
141.827
141.217
140.904
140.855
140.999
141.243
141.458
141.517
141.325
140.838
140.069
139.079
137.97
136.904
136.094
135.758
136.091
137.206
139.089
141.575
144.373
147.171
149.71
151.833
153.479
154.665
155.462
155.95
156.222
156.345
156.377
156.367
156.357
156.353
156.315
156.145
155.728
154.967
153.836
152.401
150.809
149.265
147.975
147.12
146.816
147.089
147.873
149.027
150.401
151.875
153.376
154.869
156.351
157.826
159.291
160.706
161.972
162.938
163.395
163.102
161.833
159.441
155.957
151.64
146.971
142.525
138.802
136.098
134.494
133.884
134.01
134.599
135.487
136.654
138.156
140.01
142.143
144.385
146.523
148.366
149.788
150.747
151.259
151.408
151.312
151.094
150.871
150.745
150.805
151.112
151.644
152.286
152.855
153.173
153.162
152.86
152.403
151.985
151.791
151.929
152.402
153.116
153.887
154.503
154.788
154.697
154.353
154.024
153.996
154.436
155.302
156.41
157.564
158.628
159.546
160.313
160.93
161.39
161.684
161.836
161.875
161.841
161.738
161.531
161.145
160.494
159.51
158.165
156.485
154.566
152.538
150.536
148.655
146.935
145.367
143.937
142.693
141.764
141.328
141.561
142.541
144.205
146.366
148.759
151.1
153.149
154.746
155.82
156.377
156.483
156.231
155.724
155.054
154.295
153.518
152.787
152.16
151.655
151.255
150.905
150.528
150.043
149.386
148.547
147.564
146.522
145.517
144.621
143.857
143.208
142.661
142.229
141.97
141.971
142.323
143.083
144.245
145.724
147.342
148.851
149.984
150.532
150.368
149.494
148.058
146.307
144.562
143.152
142.369
142.427
143.357
144.968
146.929
148.929
150.81
152.596
154.395
156.271
158.166
159.887
161.196
161.907
161.962
161.422
160.425
159.144
157.727
156.284
154.878
153.548
152.321
151.222
150.282
149.533
149.019
148.794
148.934
149.492
150.464
151.76
153.205
154.582
155.677
156.324
156.429
155.971
154.994
153.603
151.959
150.24
148.621
147.233
146.16
145.433
145.058
145.021
145.305
145.883
146.688
147.639
148.625
149.526
150.239
150.676
150.778
150.483
149.728
148.457
146.658
144.408
141.911
139.45
137.293
135.639
134.605
134.241
134.534
135.421
136.753
138.329
139.928
141.372
142.561
143.504
144.29
145.068
145.967
147.028
148.171
149.188
149.806
149.769
148.932
147.317
145.185
143.048
141.493
140.93
141.368
142.463
143.753
144.87
145.615
145.95
145.929
145.656
145.227
144.707
144.137
143.552
143.011
142.609
142.455
142.623
143.138
143.948
144.928
145.93
146.835
147.558
148.047
148.269
148.195
147.839
147.263
146.609
146.079
145.89
146.219
147.158
148.682
150.662
152.922
155.269
157.51
159.48
161.05
162.135
162.723
162.873
162.689
162.275
161.707
160.989
160.067
158.843
157.2
155.064
152.421
149.36
146.079
142.833
139.844
137.236
135.016
133.16
131.707
130.77
130.486
130.966
132.252
134.317
137.036
140.19
143.478
146.582
149.243
151.308
152.747
153.645
154.156
154.458
154.689
154.928
155.154
155.291
155.244
154.941
154.355
153.518
152.494
151.378
150.258
149.192
148.194
147.238
146.29
145.348
144.47
143.721
143.147
142.716
142.322
141.835
141.186
140.457
139.904
139.885
140.71
142.475
144.999
147.889
150.702
153.054
154.72
155.64
155.887
180.09
179.218
178.046
176.806
175.668
174.701
173.883
173.113
172.265
171.236
169.965
168.436
166.695
164.825
162.959
161.28
159.992
159.297
159.332
160.102
161.43
162.97
164.348
165.28
165.657
165.557
165.159
164.711
164.447
164.519
164.933
165.571
166.251
166.803
167.095
167.032
166.503
165.42
163.739
161.517
158.925
156.24
153.79
151.89
150.774
150.536
151.131
152.423
154.201
156.223
158.235
160.013
161.39
162.269
162.636
162.522
161.973
161.028
159.704
158.075
156.376
155.026
154.53
155.24
157.167
159.956
163.038
165.797
167.718
168.501
168.067
166.57
164.356
161.947
159.936
158.824
158.842
159.88
161.577
163.465
165.121
166.262
166.764
166.639
166.005
165.081
164.16
163.548
163.447
163.863
164.645
165.61
166.663
167.815
169.114
170.528
171.888
172.913
173.312
172.872
171.527
169.41
166.844
164.257
162.047
160.469
159.617
159.506
160.112
161.385
163.203
165.374
167.634
169.701
171.332
172.353
172.713
172.489
171.806
170.74
169.302
167.492
165.415
163.324
161.563
160.446
160.133
160.586
161.61
162.933
164.287
165.467
166.367
166.98
167.364
167.615
167.839
168.132
168.564
169.147
169.852
170.607
171.33
171.967
172.471
172.806
172.925
172.761
172.234
171.276
169.881
168.117
166.178
164.351
162.932
162.104
161.901
162.235
162.986
164.056
165.411
167.038
168.898
170.858
172.668
174.017
174.665
174.535
173.77
172.667
171.589
170.817
170.458
170.444
170.63
170.852
170.944
170.742
170.105
168.955
167.335
165.421
163.495
161.87
160.795
160.366
160.491
160.945
161.431
161.693
161.575
161.099
160.466
160.022
160.102
160.825
162.004
163.279
164.314
164.915
165.037
164.712
163.977
162.846
161.3
159.339
157.061
154.716
152.667
151.289
150.818
151.242
152.314
153.67
154.973
155.986
156.586
156.749
156.51
155.972
155.287
154.61
154.064
153.698
153.527
153.591
154.001
154.889
156.31
158.162
160.209
162.182
163.87
165.161
166.021
166.47
166.528
166.227
165.605
164.759
163.861
163.155
162.915
163.33
164.411
165.947
167.566
168.879
169.598
169.605
168.93
167.676
165.955
163.86
161.465
158.843
156.128
153.53
151.353
149.931
149.503
150.093
151.496
153.369
155.372
157.274
158.993
160.58
162.181
163.918
165.801
167.696
169.4
170.734
171.565
171.819
171.466
170.536
169.116
167.369
165.528
163.866
162.661
162.161
162.469
163.473
164.824
166.091
166.952
167.271
167.065
166.423
165.452
164.261
162.965
161.686
160.507
159.439
158.425
157.351
156.109
154.622
152.875
150.928
148.916
147.046
145.563
144.682
144.488
144.883
145.645
146.546
147.474
148.441
149.511
150.731
152.081
153.494
154.889
156.22
157.485
158.715
159.928
161.114
162.228
163.198
163.958
164.476
164.781
164.924
164.97
164.967
164.938
164.916
164.963
165.174
165.664
166.547
167.907
169.774
172.081
174.654
177.231
179.478
181.061
181.725
181.354
180.011
177.938
175.443
172.705
169.676
166.162
162.103
157.757
153.717
150.665
149.062
149
150.275
152.553
155.434
158.461
161.186
163.321
164.807
165.798
166.564
167.349
168.284
169.347
170.381
171.181
171.564
171.413
170.699
169.503
167.996
166.391
164.871
163.551
162.465
161.583
160.867
160.259
159.702
159.144
158.591
158.104
157.808
157.833
158.265
159.096
160.233
161.528
162.825
163.972
164.855
165.396
165.565
165.382
164.93
164.345
163.836
163.625
163.901
164.768
166.184
167.971
169.839
171.45
172.478
172.683
171.932
170.235
167.757
164.794
161.725
158.955
156.835
155.576
155.168
155.396
155.896
156.311
156.407
156.138
155.612
155.035
154.651
154.653
155.177
156.278
157.946
160.111
162.646
165.372
168.079
170.56
172.627
174.155
175.09
175.447
175.299
174.756
173.927
172.885
171.646
170.163
168.351
166.147
163.55
160.667
157.718
154.994
152.781
151.27
150.499
150.335
150.546
150.889
151.18
151.372
151.566
151.947
152.679
153.816
155.294
157.01
158.918
161.058
163.503
166.265
169.249
172.232
174.932
177.064
178.385
178.736
178.05
176.362
173.807
170.597
166.988
163.22
159.477
155.884
152.574
149.746
147.731
146.929
147.568
149.472
152.069
154.653
156.64
157.707
157.788
157.023
155.694
154.108
152.557
151.27
150.412
150.108
150.416
151.327
152.748
154.525
156.463
158.386
160.152
161.677
162.948
164.019
165.003
166.049
167.275
168.693
170.183
171.53
172.503
172.957
172.858
172.248
171.207
169.787
168.053
166.113
164.153
162.41
161.153
160.574
160.681
161.294
162.121
162.918
163.559
164.034
164.363
164.517
164.427
164.067
163.533
163.006
162.662
162.581
162.759
163.18
163.858
164.803
165.989
167.362
168.835
170.285
171.59
172.699
173.668
174.581
175.388
175.862
175.683
174.552
172.271
168.811
164.366
159.418
154.688
150.989
148.948
148.773
150.189
152.616
155.413
158.078
160.331
162.093
163.429
164.448
165.249
165.887
166.386
166.781
167.116
167.46
167.909
168.522
169.259
169.935
170.256
169.894
168.608
166.307
163.117
159.442
155.892
153.113
151.478
150.94
151.207
152
153.182
154.719
156.577
158.634
160.695
162.521
163.885
164.58
164.459
163.495
161.795
159.583
157.151
154.822
152.899
151.624
151.185
151.655
152.98
154.968
157.328
159.719
161.829
163.431
164.407
164.775
164.625
164.101
163.362
162.551
161.762
161.042
160.383
159.769
159.196
158.698
158.334
158.169
158.275
158.737
159.635
161.009
162.813
164.88
166.959
168.783
170.126
170.86
170.981
170.577
169.768
168.641
167.258
165.677
164.004
162.401
161.034
160.036
159.458
159.243
159.267
159.35
159.338
159.116
158.628
157.906
157.09
156.388
155.962
155.814
155.802
155.737
155.518
155.202
154.962
154.955
155.245
155.771
156.412
157.029
157.482
157.654
157.461
156.888
155.999
154.942
153.923
153.159
152.834
153.047
153.783
154.928
156.289
157.648
158.801
159.596
159.97
159.957
159.668
159.27
158.93
158.767
158.851
159.221
159.902
160.89
162.136
163.549
165.011
166.409
167.671
168.774
169.734
170.558
171.21
171.618
171.707
171.426
170.759
169.77
168.625
167.607
166.997
166.911
167.261
167.827
168.393
168.772
168.774
168.182
166.785
164.466
161.31
157.709
154.374
152.154
151.646
152.842
155.141
157.735
159.965
161.459
162.108
162.01
161.429
160.722
160.252
160.243
160.714
161.493
162.342
163.067
163.589
163.914
164.09
164.149
164.087
163.859
163.405
162.696
161.787
160.846
160.177
160.115
160.89
162.507
164.739
167.221
169.57
171.448
172.598
172.874
172.276
170.947
169.134
167.09
164.975
162.864
160.798
158.869
157.222
156.017
155.339
155.16
155.383
155.911
156.691
157.644
158.633
159.436
159.798
159.527
158.599
157.177
155.53
153.925
152.555
151.49
150.719
150.173
149.791
149.564
149.545
149.826
150.505
151.665
153.348
155.503
157.981
160.54
162.868
164.596
165.332
164.749
162.737
159.611
156.247
153.862
153.269
154.328
156.265
158.38
160.351
162.111
163.666
164.988
166.004
166.626
166.789
166.492
165.816
164.909
163.93
163.003
162.18
161.411
160.597
159.636
158.494
157.266
156.207
155.664
155.892
156.914
158.528
160.433
162.396
164.282
166.039
167.617
168.945
169.923
170.44
170.418
169.829
168.701
167.103
165.146
162.969
160.76
158.747
157.153
156.13
155.704
155.776
156.157
156.627
157.006
157.171
157.062
156.66
155.993
155.128
154.189
153.315
152.649
152.32
152.471
153.264
154.832
157.176
160.117
163.363
166.615
169.612
172.144
174.032
175.144
175.416
174.869
173.617
171.837
169.711
167.376
164.913
162.335
159.63
156.786
153.839
150.912
148.233
146.121
144.939
144.987
146.346
148.745
151.652
154.528
157.052
159.194
161.134
163.079
165.135
167.233
169.195
170.787
171.821
172.19
171.9
171.055
169.832
168.428
167
165.649
164.423
163.33
162.382
161.603
161.057
160.841
161.042
161.674
162.655
163.809
164.914
165.759
166.184
166.131
165.637
164.824
163.844
162.832
161.893
161.143
160.722
160.819
161.622
163.267
165.757
168.952
172.561
176.207
179.493
182.115
183.894
184.801
184.908
184.35
183.283
181.829
180.083
178.116
176.007
173.848
171.781
169.964
168.535
167.539
166.915
166.502
166.08
165.432
164.395
162.908
161.048
159.004
157.051
155.529
154.767
154.971
156.086
157.798
159.72
161.611
163.433
165.232
167.011
168.677
170.077
171.093
171.661
171.767
171.452
170.802
169.999
169.27
168.824
168.759
168.988
180.706
180.638
179.916
178.415
176.151
173.263
170.019
166.794
163.965
161.794
160.345
159.572
159.474
160.204
161.947
164.705
168.196
171.958
175.531
178.573
180.86
182.278
182.806
182.482
181.378
179.564
177.102
174.061
170.563
166.814
163.051
159.51
156.37
153.726
151.647
150.236
149.635
149.973
151.284
153.459
156.266
159.4
162.536
165.363
167.611
169.093
169.717
169.502
168.568
167.1
165.332
163.498
161.839
160.548
159.747
159.444
159.552
159.923
160.375
160.75
160.961
161.048
161.222
161.794
163.082
165.254
168.215
171.629
175.021
177.928
180.014
181.073
181.055
180.063
178.373
176.43
174.757
173.759
173.539
173.896
174.562
175.388
176.358
177.475
178.629
179.573
179.989
179.605
178.28
176.082
173.334
170.536
168.173
166.47
165.339
164.598
164.216
164.371
165.34
167.25
169.949
173.026
175.941
178.226
179.591
179.987
179.576
178.649
177.56
176.613
175.974
175.662
175.583
175.583
175.5
175.168
174.423
173.143
171.295
169.001
166.542
164.284
162.569
161.566
161.234
161.357
161.672
161.975
162.203
162.458
162.972
164.005
165.716
168.053
170.765
173.458
175.694
177.089
177.416
176.673
175.059
172.902
170.538
168.212
166.053
164.094
162.365
160.939
159.912
159.363
159.313
159.706
160.418
161.297
162.204
163.037
163.711
164.177
164.439
164.581
164.731
164.974
165.273
165.479
165.44
165.104
164.548
163.927
163.404
163.101
163.101
163.48
164.335
165.777
167.872
170.573
173.66
176.788
179.602
181.867
183.467
184.375
184.585
184.111
183.008
181.388
179.426
177.321
175.231
173.276
171.517
170.008
168.798
167.904
167.27
166.735
166.066
165.072
163.698
162.079
160.497
159.263
158.568
158.407
158.623
159.03
159.511
160.055
160.724
161.607
162.791
164.337
166.284
168.661
171.444
174.535
177.759
180.889
183.683
185.933
187.499
188.325
188.425
187.845
186.638
184.859
182.546
179.777
176.735
173.71
171.018
168.874
167.33
166.325
165.78
165.635
165.809
166.178
166.588
166.925
167.164
167.325
167.425
167.454
167.354
167.052
166.525
165.848
165.195
164.806
164.872
165.468
166.532
167.911
169.404
170.826
172.046
173.024
173.774
174.318
174.597
174.391
173.454
171.686
169.257
166.589
164.231
162.659
162.121
162.587
163.796
165.385
167.009
168.414
169.477
170.203
170.676
171.033
171.441
172.064
172.962
174.077
175.249
176.312
177.182
177.87
178.438
178.945
179.429
179.89
180.299
180.605
180.75
180.659
180.254
179.485
178.33
176.826
175.025
173.011
170.9
168.834
166.975
165.476
164.441
163.912
163.865
164.266
165.073
166.22
167.599
169.07
170.498
171.771
172.79
173.468
173.702
173.356
172.28
170.402
167.826
164.897
162.156
160.17
159.353
159.836
161.461
163.891
166.737
169.618
172.232
174.382
175.986
177.08
177.79
178.248
178.5
178.495
178.083
177.124
175.563
173.558
171.476
169.81
168.96
169.023
169.79
170.889
171.984
172.831
173.232
173.025
172.113
170.546
168.505
166.297
164.297
162.893
162.428
163.053
164.599
166.617
168.586
170.149
171.205
171.821
172.159
172.379
172.609
172.903
173.213
173.411
173.343
172.874
171.953
170.667
169.329
168.465
168.644
170.198
173.049
176.736
180.611
184.072
186.701
188.305
188.894
188.595
187.578
186.03
184.133
182.043
179.897
177.821
175.914
174.258
172.929
171.999
171.51
171.441
171.68
172.055
172.417
172.688
172.862
172.928
172.81
172.389
171.58
170.428
169.106
167.848
166.805
165.985
165.303
164.708
164.227
163.913
163.812
163.947
164.333
164.999
165.971
167.231
168.688
170.157
171.405
172.215
172.485
172.274
171.789
171.299
171.004
170.951
171.051
171.156
171.129
170.87
170.327
169.472
168.3
166.846
165.222
163.624
162.331
161.658
161.862
163.059
165.128
167.701
170.26
172.297
173.458
173.594
172.759
171.163
169.11
166.938
164.983
163.52
162.71
162.568
162.986
163.784
164.788
165.88
166.973
168.003
168.927
169.752
170.522
171.278
172.004
172.608
172.932
172.798
172.069
170.71
168.84
166.738
164.797
163.422
162.919
163.395
164.725
166.601
168.64
170.497
171.923
172.788
173.059
172.764
171.928
170.613
168.923
167.05
165.273
163.898
163.15
163.08
163.556
164.354
165.274
166.206
167.131
168.075
169.027
169.927
170.671
171.153
171.317
171.175
170.822
170.416
170.11
170.005
170.097
170.291
170.483
170.629
170.771
171.02
171.473
172.17
173.083
174.089
175.024
175.722
176.084
176.107
175.934
175.852
176.176
177.051
178.312
179.592
180.545
180.993
180.932
180.445
179.618
178.521
177.238
175.861
174.491
173.203
171.996
170.776
169.438
167.994
166.667
165.857
165.883
166.654
167.658
168.304
168.283
167.638
166.608
165.415
164.176
162.91
161.629
160.383
159.303
158.62
158.667
159.805
162.209
165.688
169.681
173.485
176.541
178.547
179.467
179.436
178.705
177.606
176.533
175.828
175.67
175.968
176.406
176.577
176.117
174.777
172.479
169.332
165.625
161.791
158.358
155.931
155.011
155.775
157.944
160.944
164.19
167.219
169.65
171.202
171.766
171.441
170.51
169.335
168.194
167.229
166.487
166.002
165.825
166.014
166.591
167.521
168.709
170.031
171.326
172.433
173.216
173.58
173.494
172.963
172.031
170.805
169.437
168.103
166.922
165.93
165.123
164.53
164.228
164.27
164.622
165.117
165.492
165.489
164.937
163.82
162.265
160.463
158.619
156.909
155.518
154.631
154.387
154.853
155.994
157.669
159.629
161.576
163.23
164.398
164.992
165.061
164.789
164.476
164.465
165.022
166.264
168.115
170.378
172.823
175.258
177.568
179.697
181.608
183.249
184.518
185.306
185.503
184.982
183.602
181.222
177.751
173.23
167.863
161.97
155.907
149.987
144.506
139.823
136.386
134.634
134.815
136.885
140.532
145.295
150.685
156.247
161.621
166.534
170.801
174.303
177.012
178.951
180.192
180.828
180.94
180.599
179.859
178.748
177.264
175.416
173.236
170.806
168.246
165.697
163.293
161.132
159.275
157.758
156.631
156.011
156.064
156.937
158.656
161.108
164.093
167.367
170.714
173.963
176.998
179.765
182.257
184.494
186.494
188.26
189.795
191.078
192.018
192.417
192.03
190.63
188.116
184.577
180.288
175.674
171.221
167.385
164.524
162.858
162.454
163.232
164.966
167.317
169.854
172.094
173.617
174.214
174.039
173.519
172.974
172.347
171.432
170.234
168.987
167.96
167.339
167.209
167.503
168.047
168.684
169.311
169.859
170.215
170.305
170.26
170.511
171.578
173.682
176.523
179.526
182.174
184.159
185.377
185.861
185.73
185.172
184.411
183.688
183.215
183.08
183.149
183.069
182.367
180.649
177.737
173.741
169.057
164.323
160.271
157.452
156.015
155.764
156.409
157.766
159.775
162.377
165.434
168.675
171.705
174.102
175.532
175.834
175.054
173.427
171.278
168.968
166.798
165
163.727
163.08
163.102
163.745
164.867
166.246
167.632
168.843
169.817
170.605
171.272
171.807
172.154
172.3
172.358
172.598
173.269
174.404
175.75
176.894
177.455
177.223
176.165
174.385
172.066
169.439
166.765
164.309
162.313
160.966
160.337
160.357
160.86
161.626
162.43
163.063
163.356
163.208
162.618
161.677
160.526
159.328
158.208
157.225
156.351
155.479
154.529
153.511
152.553
151.866
151.686
152.207
153.504
155.508
158.017
160.768
163.518
166.101
168.42
170.423
172.088
173.455
174.62
175.724
176.857
177.969
178.906
179.516
179.755
179.711
179.532
179.38
179.366
179.506
179.709
179.795
179.533
178.712
177.212
175.057
172.439
169.667
167.112
165.095
163.811
163.303
163.493
164.223
165.308
166.57
167.891
169.21
170.517
171.821
173.1
174.247
175.067
175.351
174.979
174.008
172.677
171.351
170.365
169.917
170.03
170.618
171.577
172.822
174.268
175.793
177.227
178.379
179.107
179.353
179.157
178.622
177.866
176.985
176.016
174.96
173.801
172.572
171.47
170.91
171.342
172.826
174.847
176.638
177.651
177.728
177.031
175.883
174.636
173.576
172.871
172.558
172.58
172.829
173.147
173.393
173.459
173.294
172.891
172.249
171.354
170.183
168.763
167.16
165.469
163.79
162.231
160.927
160.073
159.865
160.393
161.566
163.135
164.77
166.173
167.173
167.753
168.014
168.06
167.946
167.756
167.702
168.081
169.042
170.42
171.819
172.879
173.423
173.48
173.22
172.89
172.734
172.896
173.343
173.878
174.214
174.115
173.466
172.287
170.706
168.926
167.174
165.677
164.609
164.051
163.985
164.322
164.973
130.084
126.252
119.815
110.986
100.103
87.6917
74.4969
61.4518
49.5947
39.91
33.1431
29.6425
29.3069
31.6422
35.8984
41.2328
46.8499
52.0947
56.4902
59.7531
61.782
62.6328
62.4883
61.6346
60.4036
59.1473
58.1845
57.7649
58.0392
59.0457
60.7194
62.91
65.4214
68.0441
70.5969
72.9415
74.992
76.7126
78.093
79.1299
79.8038
80.0872
79.9416
79.3335
78.2386
76.6604
74.64
72.2682
69.6704
67
64.4278
62.13
60.2669
58.9542
58.2601
58.1892
58.6865
59.6558
60.9678
62.476
64.0288
65.4894
66.7528
67.7504
68.4539
68.8606
68.9857
68.8664
68.5575
68.1253
67.6526
67.2334
66.955
66.8766
67.0279
67.4159
68.016
68.7833
69.6613
70.5787
71.4487
72.1836
72.7046
72.9617
72.941
72.6623
72.1749
71.5424
70.8235
70.0736
69.3255
68.5832
67.8412
67.0683
66.2176
65.2494
64.1401
62.8914
61.5458
60.1887
58.9404
57.9383
57.3103
57.1394
57.446
58.188
59.28
60.6221
62.1343
63.7742
65.5284
67.3993
69.3735
71.397
73.3703
75.1628
76.6331
77.6725
78.2072
78.2077
77.6953
76.7277
75.3947
73.8024
72.0654
70.3041
68.6184
67.1012
65.8303
64.8602
64.2123
63.8629
63.7626
63.8348
63.9934
64.1581
64.2671
64.2828
64.1952
64.0248
63.8161
63.6288
63.5295
63.5752
63.8041
64.2252
64.8059
65.4763
66.1395
66.6844
67.0076
67.038
66.7537
66.1855
65.4029
64.5041
63.592
62.7672
62.1225
61.7401
61.6946
62.0566
62.8753
64.1688
65.9078
67.9971
70.2892
72.6072
74.7652
76.5855
77.9215
78.6758
78.8113
78.3405
77.3276
75.8677
74.0886
72.1234
70.1003
68.1319
66.3044
64.6871
63.3227
62.2382
61.4478
60.9451
60.7059
60.6903
60.8351
61.0538
61.2451
61.3179
61.2088
60.9059
60.4662
60.001
59.6592
59.5944
59.9483
60.8272
62.285
64.3121
66.8258
69.6764
72.6694
75.5913
78.242
80.4636
82.1441
83.2184
83.6602
83.4718
82.6722
81.2921
79.3757
76.9935
74.2416
71.2492
68.1636
65.1249
62.2624
59.6717
57.4263
55.5823
54.1938
53.3139
52.9808
53.2093
53.9772
55.2233
56.8609
58.7931
60.9271
63.1721
65.438
67.6339
69.6594
71.4083
72.7794
73.6923
74.1009
74.005
73.4442
72.4915
71.2552
69.8669
68.4561
67.1384
66.012
65.1462
64.5817
64.3236
64.3516
64.6143
65.0371
65.5345
66.0262
66.4414
66.7287
66.8725
66.8986
66.8654
66.8633
66.9696
67.2296
67.6405
68.1584
68.708
69.2006
69.5621
69.7639
69.8212
69.8071
69.8111
69.9188
70.1937
70.6588
71.2915
72.0321
72.7965
73.487
73.9991
74.222
74.0456
73.3683
72.1098
70.245
67.8388
65.0659
62.2147
59.6474
57.7158
56.6567
56.5365
57.262
58.6465
60.479
62.5571
64.697
66.7273
68.4943
69.8788
70.807
71.2446
71.207
70.7411
69.9309
68.8783
67.6944
66.4812
65.3307
64.3266
63.5427
63.0393
62.8687
63.0612
63.6119
64.478
65.5697
66.7603
67.9149
68.9073
69.6389
70.0599
70.1625
69.9726
69.5436
68.9416
68.2401
67.5057
66.81
66.2341
65.8423
65.6726
65.723
65.9475
66.2777
66.6392
66.9677
67.2293
67.4343
67.6175
67.8222
68.0958
68.468
68.9422
69.4951
70.0765
70.6159
71.0261
71.2344
71.189
70.8644
70.267
69.4354
68.4309
67.3265
66.21
65.1662
64.2809
63.6152
63.1959
63.0162
63.0273
63.1608
63.3452
63.5236
63.663
63.7439
63.7626
63.734
63.6839
63.6554
63.6993
63.8754
64.2426
64.8339
65.6524
66.6664
67.8162
69.0362
70.2634
71.4394
72.5083
73.4122
74.0949
74.5076
74.5993
74.3436
73.74
72.8231
71.658
70.3364
68.9549
67.6102
66.3854
65.3487
64.5491
64.0096
63.725
63.6667
63.781
63.9939
64.2348
64.4284
64.5174
64.4575
64.2217
63.7961
63.1805
62.405
61.5243
60.6225
59.8105
59.2186
58.9736
59.1833
59.9049
61.1383
62.8228
64.8465
67.0604
69.3018
71.4145
73.2661
74.7615
75.8362
76.4536
76.6126
76.3353
75.6726
74.6912
73.478
72.1265
70.737
69.4082
68.2333
67.289
66.6289
66.2731
66.2019
66.3726
66.7358
67.2367
67.8199
68.4162
68.9575
69.3628
69.5652
69.5042
69.1453
68.4854
67.5482
66.3886
65.0851
63.7337
62.4368
61.2961
60.3999
59.8147
59.5741
59.6672
60.046
60.6363
61.3568
62.1319
62.9097
63.6635
64.3911
65.0971
65.7734
66.4183
67.0346
67.6424
68.2688
68.9446
69.6749
70.4426
71.2119
71.9309
72.5554
73.0491
73.3904
73.5661
73.5644
73.3728
72.9757
72.3616
71.5405
70.553
69.4611
68.3574
67.3486
66.5227
65.9528
65.6726
65.6781
65.9329
66.3722
66.9135
67.4641
67.9401
68.2799
68.4536
68.466
68.3544
68.1779
67.995
67.8488
67.7511
67.6919
67.6436
67.588
67.5136
67.4298
67.3444
67.2597
67.1678
67.0517
66.8938
66.69
66.4465
66.1722
65.8808
65.5739
65.2389
64.8623
64.432
63.953
63.4578
62.9976
62.6306
62.4101
62.3754
62.554
62.9619
63.6023
64.4576
65.4897
66.6378
67.8248
68.9585
69.9475
70.7094
71.1742
71.2951
71.0541
70.4722
69.6189
68.6054
67.5742
66.6692
66.0155
65.6843
65.6746
65.9249
66.3454
66.8311
67.2859
67.6405
67.8596
67.9247
67.8409
67.6243
67.3006
66.8911
66.4123
65.8743
65.2877
64.6751
64.055
63.4677
62.961
62.5905
62.4202
62.5128
62.9345
63.7389
64.951
66.5358
68.3916
70.3505
72.2047
73.7576
74.8629
75.463
75.5893
75.3344
74.8192
74.1605
73.4438
72.7082
71.953
71.152
70.2836
69.3445
68.3595
67.3885
66.501
65.7611
65.2084
64.8411
64.6145
64.4568
64.2756
63.9883
63.5347
62.8921
62.0814
61.1727
60.2877
59.5773
59.2071
59.3212
60.0142
61.3003
63.1029
65.2591
67.5594
69.7963
71.8019
73.4433
74.6336
75.3146
75.4539
75.0442
74.1131
72.7366
71.0407
69.1844
67.3473
65.6966
64.3641
63.4207
62.8791
62.6986
62.8057
63.1307
63.623
64.2461
64.9666
65.7392
66.4954
67.1564
67.6465
67.9148
67.9472
67.7754
67.4608
67.0892
66.7503
66.5242
66.4738
66.63
66.9995
67.5624
68.2768
69.0753
69.8746
70.5821
71.1117
71.386
71.3438
70.9508
70.1998
69.098
67.679
66.0039
64.1611
62.2683
60.4658
58.9115
57.7621
57.1506
57.1709
57.8542
59.1614
60.9907
63.1917
65.5791
67.9617
70.157
72.0143
73.4177
74.3052
74.6767
74.576
74.0853
73.3033
72.331
71.2648
70.1766
69.1144
68.1042
67.1504
66.2422
65.3709
64.5497
63.8307
63.2823
62.9771
62.959
63.2198
63.7108
64.3548
65.063
65.7491
66.3417
66.7839
67.0457
67.1174
67.0115
66.7574
66.4073
66.0123
65.6397
65.3612
65.2429
65.3331
65.6558
66.2059
66.9502
67.8302
68.7667
69.6671
70.4352
70.9872
71.2585
71.208
70.8327
70.1647
69.2722
68.2423
67.1626
66.1206
65.1842
64.4124
63.8589
63.5662
63.5552
63.8209
64.3154
64.9725
65.7112
66.4558
67.1449
67.7382
68.2257
68.6202
68.9368
69.1879
69.3797
69.5005
69.53
69.4325
69.1732
68.7238
68.0723
67.2219
66.2057
65.0865
63.9683
62.9767
62.2457
61.8987
62.0344
62.693
63.8561
65.4469
67.331
69.3446
71.3156
73.0736
74.4671
75.3765
75.7139
75.4322
74.531
73.0644
71.1397
68.9082
66.5635
64.3215
62.3908
60.9468
60.107
59.914
60.3347
61.2674
62.5653
64.0665
65.613
67.0762
68.3676
69.4385
70.275
70.884
71.2854
71.5001
71.5422
71.4278
71.1706
70.7843
70.2804
69.6674
68.9595
68.1792
67.3657
66.5739
65.8734
65.3356
65.0204
64.9698
65.2007
65.7023
66.4419
67.3575
68.3729
69.3911
70.3092
71.0148
71.4126
71.4207
70.9938
70.1304
68.8754
67.3172
65.5755
63.7948
62.1282
60.7168
59.6717
59.0561
58.8861
59.142
59.7798
60.7488
61.9954
63.4643
65.0951
66.8134
68.5232
70.1156
71.4753
72.5034
73.1281
73.318
73.0818
72.4725
71.5728
70.4919
69.3561
68.2839
67.3793
66.7058
66.3003
66.1669
66.2791
66.5919
67.0457
67.5798
68.1262
68.6271
69.0329
69.2852
69.3373
69.1564
68.7292
68.056
67.1551
66.0688
64.8552
63.5953
62.3922
61.3614
60.6247
60.2855
60.409
61.0105
62.0403
63.3924
64.9301
66.5085
67.99
69.2624
70.2423
70.8671
71.0987
70.9223
70.3512
69.4303
68.2358
66.8732
65.4754
64.1886
63.1444
62.4401
62.1227
62.201
62.6496
63.4276
64.4942
65.7981
67.2888
68.8965
70.5403
72.1302
73.5794
74.8136
75.7678
76.3854
76.6137
76.403
75.7265
74.5827
73.0175
71.1234
69.0402
66.9416
65.0308
63.5042
62.5182
62.151
62.3689
63.0311
63.9171
64.7865
65.4233
65.6861
65.5392
65.0502
64.37
63.6985
63.2236
63.0894
63.3675
64.0577
65.0993
66.3855
67.786
69.1651
70.3876
71.3457
71.9528
72.1573
71.9548
71.383
70.5161
69.4474
68.2856
67.1289
66.0538
65.1145
64.3356
63.7242
63.2824
63.0213
62.9619
63.1259
63.5243
64.1493
64.9721
65.9515
67.0382
68.1851
69.3357
70.4286
71.3806
72.1103
72.5406
72.6178
72.3267
71.6959
70.7923
69.7081
68.5399
67.367
66.2523
65.2502
64.3997
63.7357
63.2887
63.0784
63.1134
63.3823
63.8637
64.5276
65.3436
66.2796
67.287
68.2929
69.208
69.9317
70.3709
70.4622
70.1835
69.5496
68.6144
67.4586
66.1881
128.888
125.008
119.976
114.246
108.348
102.82
98.1454
94.662
92.5274
91.7057
92.0122
93.1596
94.8031
96.5746
98.1313
99.2322
99.7711
99.7988
99.4943
99.0705
98.7114
98.5095
98.4753
98.5696
98.7571
99.014
99.3326
99.7152
100.158
100.649
101.188
101.81
102.556
103.453
104.483
105.577
106.617
107.45
107.926
107.91
107.326
106.141
104.385
102.121
99.4427
96.4783
93.39
90.3744
87.6609
85.4982
84.13
83.7617
84.5044
86.3457
89.131
92.5715
96.3145
100.039
103.508
106.575
109.147
111.144
112.481
113.082
112.924
112.057
110.601
108.739
106.693
104.694
102.954
101.649
100.907
100.787
101.261
102.206
103.416
104.66
105.737
106.505
106.901
106.914
106.554
105.819
104.716
103.288
101.621
99.8411
98.1016
96.5617
95.3486
94.5597
94.2678
94.5024
95.2529
96.4689
98.0541
99.8664
101.732
103.47
104.916
105.942
106.484
106.547
106.204
105.571
104.795
104.038
103.423
103.015
102.824
102.81
102.906
103.037
103.126
103.086
102.829
102.288
101.433
100.295
98.9675
97.5989
96.3659
95.4235
94.8734
94.7313
94.9316
95.3427
95.8089
96.191
96.3802
96.33
96.054
95.6122
95.0998
94.6159
94.2331
93.9806
93.8273
93.7144
93.5902
93.4605
93.4015
93.531
93.9437
94.684
95.728
97.0335
98.5759
100.339
102.285
104.338
106.371
108.234
109.77
110.828
111.284
111.036
110.054
108.414
106.296
103.975
101.775
99.9892
98.8235
98.3715
98.6073
99.3923
100.523
101.773
102.941
103.86
104.409
104.494
104.066
103.145
101.825
100.291
98.7866
97.5354
96.6762
96.2331
96.1404
96.3078
96.6579
97.1296
97.6796
98.2752
98.904
99.5861
100.372
101.309
102.413
103.655
104.955
106.194
107.249
108.021
108.454
108.542
108.35
107.997
107.637
107.425
107.471
107.799
108.358
109.046
109.717
110.229
110.437
110.207
109.453
108.137
106.275
103.925
101.182
98.1888
95.1391
92.298
89.9702
88.4341
87.8571
88.2464
89.4509
91.2291
93.325
95.5293
97.6928
99.716
101.523
103.028
104.153
104.85
105.126
105.04
104.707
104.243
103.753
103.294
102.885
102.524
102.216
101.979
101.835
101.791
101.825
101.893
101.95
101.972
101.967
101.965
101.988
102.046
102.117
102.148
102.077
101.841
101.395
100.732
99.9098
99.0523
98.322
97.859
97.7391
97.9649
98.4817
99.2061
100.068
101.025
102.053
103.117
104.167
105.127
105.913
106.468
106.792
106.95
107.061
107.239
107.559
107.995
108.434
108.717
108.686
108.216
107.238
105.758
103.84
101.596
99.1588
96.6706
94.2814
92.1679
90.532
89.5762
89.4685
90.3157
92.1353
94.8508
98.2871
102.142
106
109.369
111.763
112.8
112.293
110.309
107.178
103.441
99.728
96.6006
94.4127
93.2733
93.0989
93.6894
94.7959
96.1702
97.5751
98.8078
99.7022
100.136
100.056
99.4841
98.5238
97.3632
96.2623
95.5101
95.3798
96.0718
97.6674
100.12
103.27
106.846
110.51
113.894
116.647
118.477
119.199
118.741
117.153
114.624
111.442
107.958
104.526
101.453
98.9535
97.1431
96.0547
95.6603
95.8751
96.5804
97.6397
98.9055
100.23
101.47
102.471
103.103
103.271
102.942
102.163
101.049
99.7533
98.4277
97.1855
96.0893
95.1776
94.5032
94.148
94.1966
94.7044
95.6316
96.8227
98.0474
99.0861
99.8027
100.192
100.338
100.372
100.407
100.496
100.649
100.83
101.002
101.157
101.333
101.599
102.024
102.642
103.432
104.317
105.196
105.976
106.585
106.982
107.16
107.122
106.894
106.518
106.037
105.465
104.778
103.901
102.777
101.411
99.9078
98.4822
97.4039
96.9278
97.19
98.1581
99.6419
101.364
103.052
104.49
105.537
106.115
106.188
105.75
104.843
103.55
101.995
100.321
98.6674
97.1548
95.8616
94.8356
94.0757
93.5285
93.1263
92.8679
92.8442
93.2309
94.1897
95.7571
97.8166
100.144
102.49
104.645
106.473
107.875
108.778
109.145
108.965
108.266
107.103
105.553
103.733
101.78
99.8632
98.1348
96.7063
95.6402
94.969
94.7112
94.8902
95.5197
96.5868
98.0466
99.8005
101.704
103.594
105.316
106.767
107.881
108.624
108.985
108.959
108.552
107.785
106.721
105.457
104.117
102.828
101.702
100.808
100.163
99.7539
99.5459
99.4994
99.5745
99.7129
99.8505
99.9249
99.8862
99.6963
99.3308
98.7654
97.9829
96.9903
95.833
94.628
93.573
92.9138
92.8774
93.5748
94.9318
96.6828
98.4827
100.041
101.215
102.025
102.603
103.129
103.76
104.588
105.598
106.68
107.662
108.352
108.605
108.352
107.619
106.52
105.235
103.962
102.846
101.95
101.279
100.809
100.521
100.417
100.503
100.774
101.21
101.784
102.433
103.07
103.589
103.878
103.865
103.524
102.892
102.072
101.212
100.468
99.9701
99.7926
99.953
100.429
101.194
102.198
103.384
104.668
105.922
106.97
107.612
107.658
107.009
105.682
103.834
101.711
99.5968
97.7572
96.3992
95.6514
95.5625
96.0754
97.0205
98.152
99.1818
99.8561
100.011
99.6083
98.7419
97.609
96.4453
95.4498
94.7308
94.3108
94.1557
94.2444
94.5844
95.2446
96.3086
97.8088
99.6865
101.771
103.82
105.596
106.931
107.783
108.219
108.368
108.362
108.286
108.151
107.909
107.474
106.774
105.805
104.631
103.386
102.25
101.393
100.933
100.895
101.215
101.758
102.359
102.862
103.159
103.197
102.975
102.548
102.001
101.433
100.921
100.502
100.158
99.8386
99.4852
99.0461
98.4894
97.8051
97.0143
96.2014
95.5011
95.0939
95.1538
95.7961
97.0349
98.752
100.706
102.581
104.056
104.873
104.89
104.11
102.666
100.794
98.7874
96.9464
95.5192
94.6777
94.5162
95.0422
96.2056
97.902
99.9865
102.283
104.602
106.76
108.564
109.85
110.494
110.423
109.647
108.263
106.462
104.51
102.706
101.302
100.43
100.076
100.073
100.147
100.035
99.5523
98.6326
97.3491
95.8827
94.4749
93.365
92.7279
92.6492
93.1144
94.032
95.2727
96.72
98.2893
99.9229
101.577
103.181
104.625
105.744
106.348
106.289
105.525
104.157
102.438
100.719
99.3425
98.53
98.3289
98.633
99.2646
100.046
100.85
101.606
102.297
102.924
103.498
104.003
104.402
104.658
104.752
104.705
104.568
104.414
104.285
104.177
104.037
103.763
103.247
102.416
101.277
99.9405
98.6099
97.5453
96.9726
97.0068
97.6218
98.6749
99.9697
101.299
102.475
103.352
103.83
103.868
103.486
102.771
101.867
100.949
100.207
99.8098
99.8745
100.422
101.355
102.493
103.636
104.631
105.392
105.851
105.928
105.531
104.637
103.346
101.859
100.429
99.2854
98.5699
98.3181
98.4568
98.837
99.2663
99.5561
99.5657
99.2474
98.6588
97.9604
97.3659
97.0727
97.1857
97.6969
98.498
99.4362
100.36
101.189
101.917
102.616
103.394
104.34
105.464
106.654
107.686
108.291
108.252
107.46
105.936
103.815
101.314
98.6939
96.2354
94.2005
92.7993
92.1529
92.26
92.9978
94.1577
95.4978
96.7977
97.8953
98.7006
99.1883
99.391
99.3798
99.2758
99.2292
99.3873
99.8707
100.729
101.917
103.312
104.766
106.139
107.325
108.255
108.877
109.111
108.86
108.029
106.591
104.655
102.482
100.415
98.7694
97.7269
97.2765
97.2748
97.5373
97.9438
98.5039
99.3241
100.505
102.075
103.926
105.819
107.463
108.592
109.036
108.761
107.852
106.481
104.865
103.228
101.752
100.561
99.7073
99.1932
98.9792
99.0217
99.2997
99.8116
100.553
101.475
102.439
103.246
103.67
103.534
102.758
101.372
99.4953
97.318
95.0651
92.9634
91.2293
90.0428
89.5137
89.6788
90.4954
91.8747
93.6989
95.8616
98.2628
100.803
103.359
105.775
107.873
109.467
110.405
110.589
109.999
108.705
106.845
104.594
102.15
99.7135
97.4711
95.5945
94.2337
93.4953
93.4368
94.0515
95.2438
96.846
98.6183
100.298
101.627
102.385
102.434
101.731
100.357
98.5338
96.6018
94.9846
94.1025
94.2745
95.6015
97.9133
100.806
103.772
106.351
108.23
109.277
109.511
109.055
108.104
106.876
105.606
104.513
103.765
103.445
103.56
104.069
104.952
106.194
107.736
109.403
110.887
111.796
111.81
110.781
108.8
106.191
103.43
101.041
99.4601
98.9226
99.4139
100.711
102.467
104.326
105.959
107.099
107.55
107.188
105.973
103.968
101.336
98.3245
95.217
92.3098
89.8561
88.0387
86.9601
86.6416
87.034
88.0378
89.516
91.3106
93.2681
95.2556
97.1586
98.8779
100.334
101.456
102.197
102.561
102.595
102.388
102.054
101.707
101.443
101.331
101.409
101.669
102.052
102.455
102.771
102.914
102.839
102.534
102.036
101.422
100.802
100.332
100.182
100.504
101.39
102.834
104.694
106.721
108.596
110.013
110.761
110.754
110.052
108.84
107.382
105.974
104.888
104.306
104.296
104.802
105.646
106.595
107.399
107.822
107.678
106.855
105.338
103.221
100.68
97.9112
95.1231
92.5061
90.2282
88.4256
87.1964
130.061
128.181
125.652
122.637
119.433
116.434
114.034
112.526
112.074
112.702
114.334
116.814
119.905
123.282
126.578
129.444
131.619
132.972
133.504
133.31
132.522
131.29
129.758
128.069
126.443
125.204
124.707
125.112
126.187
127.409
128.284
128.569
128.304
127.706
127.068
126.643
126.584
126.887
127.397
127.854
127.997
127.63
126.656
125.083
122.998
120.53
117.846
115.154
112.714
110.828
109.83
110.019
111.56
114.423
118.361
122.971
127.777
132.321
136.215
139.175
141.01
141.627
141.039
139.403
137.019
134.253
131.467
128.934
126.8
125.085
123.707
122.542
121.487
120.477
119.471
118.44
117.383
116.351
115.435
114.717
114.223
113.905
113.673
113.452
113.202
112.932
112.693
112.549
112.579
112.892
113.628
114.935
116.95
119.769
123.408
127.748
132.518
137.297
141.578
144.868
146.769
147.035
145.6
142.597
138.41
133.679
129.268
126.013
124.384
124.308
125.248
126.499
127.441
127.635
126.851
125.037
122.325
118.991
115.451
112.216
109.833
108.736
109.137
110.995
114.085
118.084
122.621
127.27
131.581
135.138
137.609
138.809
138.714
137.465
135.344
132.722
130.003
127.529
125.515
124.006
122.888
121.969
121.051
120.017
118.854
117.667
116.648
116.019
115.957
116.544
117.726
119.34
121.156
122.911
124.39
125.474
126.175
126.633
127.088
127.771
128.798
130.105
131.463
132.56
133.111
132.925
131.953
130.286
128.119
125.717
123.41
121.567
120.491
120.304
120.898
122.003
123.31
124.55
125.531
126.122
126.221
125.78
124.83
123.507
122.065
120.834
120.15
120.258
121.222
122.91
125.052
127.323
129.445
131.224
132.539
133.309
133.511
133.177
132.397
131.298
129.984
128.509
126.858
124.983
122.895
120.757
118.876
117.59
117.118
117.504
118.631
120.261
122.1
123.86
125.309
126.315
126.853
126.959
126.701
126.178
125.494
124.787
124.215
123.939
124.065
124.6
125.429
126.317
126.983
127.194
126.837
125.962
124.762
123.491
122.369
121.526
120.969
120.61
120.347
120.138
120.046
120.203
120.706
121.539
122.548
123.535
124.354
124.956
125.377
125.684
125.935
126.144
126.294
126.384
126.458
126.61
126.963
127.614
128.589
129.814
131.135
132.357
133.275
133.721
133.601
132.936
131.843
130.494
129.031
127.494
125.804
123.828
121.46
118.695
115.662
112.621
109.926
107.961
107.05
107.388
109.003
111.744
115.311
119.31
123.318
126.926
129.812
131.786
132.822
133.03
132.649
131.968
131.261
130.731
130.478
130.459
130.545
130.587
130.489
130.25
129.944
129.671
129.514
129.531
129.746
130.15
130.669
131.156
131.425
131.268
130.496
128.998
126.761
123.888
120.578
117.096
113.747
110.829
108.603
107.257
106.882
107.454
108.821
110.736
112.916
115.112
117.161
119.018
120.73
122.387
124.074
125.814
127.552
129.169
130.521
131.461
131.849
131.57
130.543
128.777
126.394
123.676
121.032
118.916
117.694
117.534
118.353
119.866
121.667
123.365
124.681
125.477
125.721
125.44
124.688
123.553
122.193
120.876
119.924
119.64
120.204
121.645
123.85
126.587
129.538
132.354
134.698
136.316
137.079
137.007
136.23
134.943
133.344
131.636
130.044
128.802
128.113
128.089
128.716
129.858
131.294
132.73
133.845
134.352
134.067
132.959
131.148
128.834
126.208
123.393
120.422
117.3
114.097
111.052
108.58
107.144
106.986
107.969
109.689
111.682
113.56
115.03
115.891
116.066
115.633
114.85
114.071
113.697
114.064
115.38
117.664
120.719
124.204
127.721
130.927
133.589
135.603
136.978
137.791
138.138
138.074
137.575
136.556
134.949
132.772
130.213
127.588
125.239
123.411
122.175
121.425
120.975
120.658
120.383
120.123
119.879
119.655
119.453
119.305
119.271
119.43
119.866
120.654
121.831
123.389
125.253
127.262
129.184
130.746
131.704
131.915
131.363
130.144
128.406
126.311
124.016
121.688
119.536
117.816
116.791
116.611
117.239
118.419
119.766
120.892
121.517
121.52
120.938
119.936
118.78
117.781
117.218
117.243
117.802
118.67
119.541
120.169
120.433
120.364
120.1
119.825
119.713
119.879
120.366
121.158
122.208
123.491
125.004
126.754
128.674
130.591
132.251
133.393
133.825
133.454
132.311
130.561
128.463
126.326
124.431
122.959
121.956
121.375
121.142
121.229
121.691
122.655
124.232
126.437
129.143
132.096
134.987
137.495
139.347
140.351
140.396
139.441
137.498
134.619
130.931
126.653
122.102
117.649
113.655
110.402
108.04
106.603
106.052
106.353
107.475
109.345
111.777
114.469
117.043
119.144
120.537
121.142
121.06
120.585
120.163
120.239
121.105
122.771
124.983
127.341
129.443
131.002
131.877
132.046
131.567
130.546
129.125
127.482
125.83
124.372
123.285
122.683
122.601
123
123.81
124.968
126.415
128.096
129.949
131.875
133.719
135.271
136.29
136.572
136.018
134.669
132.722
130.451
128.172
126.183
124.734
123.989
123.986
124.6
125.556
126.521
127.186
127.361
127.017
126.262
125.279
124.243
123.236
122.233
121.119
119.76
118.076
116.106
114.042
112.199
110.952
110.619
111.344
113.012
115.306
117.832
120.276
122.466
124.376
126.032
127.431
128.514
129.2
129.447
129.275
128.775
128.083
127.333
126.646
126.111
125.799
125.791
126.165
126.992
128.297
130.013
131.978
133.946
135.629
136.772
137.177
136.731
135.418
133.311
130.552
127.349
123.95
120.606
117.546
114.951
112.964
111.705
111.246
111.614
112.751
114.499
116.601
118.746
120.632
122.016
122.759
122.833
122.328
121.444
120.456
119.662
119.327
119.632
120.673
122.457
124.868
127.661
130.51
133.119
135.258
136.782
137.607
137.69
137.017
135.608
133.539
130.978
128.177
125.426
122.908
120.639
118.514
116.439
114.441
112.688
111.418
110.837
111.03
111.951
113.471
115.443
117.718
120.15
122.592
124.899
126.942
128.634
129.957
130.975
131.802
132.569
133.348
134.105
134.693
134.908
134.558
133.51
131.75
129.38
126.591
123.639
120.829
118.453
116.728
115.764
115.593
116.2
117.533
119.551
122.227
125.498
129.187
132.975
136.435
139.087
140.492
140.374
138.653
135.455
131.089
126.037
120.91
116.347
112.861
110.721
109.923
110.262
111.446
113.199
115.298
117.576
119.921
122.252
124.499
126.596
128.461
130.015
131.181
131.879
132.038
131.631
130.667
129.211
127.374
125.299
123.137
121.024
119.086
117.462
116.337
115.943
116.458
117.911
120.116
122.724
125.335
127.622
129.399
130.624
131.358
131.71
131.758
131.526
130.974
130.052
128.745
127.116
125.325
123.612
122.247
121.472
121.469
122.324
123.995
126.311
129.007
131.781
134.312
136.291
137.447
137.599
136.722
134.992
132.776
130.544
128.684
127.354
126.427
125.653
124.862
124.043
123.332
122.905
122.871
123.209
123.758
124.297
124.609
124.523
123.934
122.809
121.207
119.245
117.098
114.981
113.089
111.563
110.474
109.829
109.599
109.755
110.271
111.16
112.479
114.305
116.69
119.596
122.851
126.196
129.337
132.01
134.025
135.283
135.781
135.572
134.743
133.397
131.641
129.568
127.264
124.806
122.284
119.82
117.569
115.719
114.461
113.947
114.255
115.374
117.21
119.629
122.481
125.578
128.687
131.511
133.745
135.158
135.676
135.388
134.517
133.326
132.04
130.819
129.772
128.931
128.253
127.591
126.768
125.631
124.131
122.35
120.483
118.78
117.486
116.796
116.817
117.575
118.978
120.829
122.839
124.676
126.034
126.696
126.575
125.763
124.525
123.253
122.336
122.031
122.371
123.205
124.278
125.328
126.161
126.685
126.911
126.963
127.032
127.328
127.983
128.996
130.251
131.562
132.723
133.573
134.019
134.028
133.612
132.825
131.751
130.474
129.059
127.506
125.781
123.868
121.851
119.93
118.395
117.501
117.367
117.934
119.031
120.45
122.014
123.579
125.006
126.143
126.843
127.004
126.597
125.687
124.446
123.12
121.979
121.206
120.833
120.756
120.796
120.779
120.594
120.231
119.763
119.329
119.105
119.217
119.712
120.535
121.55
122.606
123.593
124.457
125.211
125.876
126.425
126.761
126.771
126.368
125.522
124.286
122.798
121.296
120.098
119.51
119.725
120.758
122.439
124.474
126.526
128.281
129.503
130.081
130.037
129.512
128.724
127.891
127.189
126.707
126.446
126.354
126.353
126.371
126.354
126.308
126.303
126.445
126.811
127.4
128.112
128.761
129.103
128.916
128.07
126.549
124.479
122.138
119.897
118.148
117.184
117.147
117.992
119.524
121.455
123.442
125.149
126.261
126.533
125.855
124.313
122.209
119.985
