Step Average discrete Error avg Discrete Average cont. Error avg cont.
0 1 0 1 0
1 1.27133 0.607056 1.31293 0.512316
2 1.63398 0.585588 1.61475 0.619515
3 1.84007 0.768603 1.85235 0.750522
4 2.09293 0.80601 2.05892 0.847295
5 2.2574 0.936665 2.24213 0.933105
6 2.45895 0.976311 2.42305 1.00988
7 2.61167 1.08479 2.58689 1.07976
8 2.76643 1.12583 2.74269 1.15749
9 2.91031 1.20271 2.88893 1.22476
10 3.05626 1.24542 3.02775 1.28266
11 3.19386 1.31432 3.1663 1.34229
12 3.32163 1.36586 3.29284 1.40743
13 3.43525 1.44265 3.41083 1.45753
14 3.55823 1.48445 3.53217 1.50796
15 3.67012 1.54137 3.64873 1.57199
16 3.77608 1.57747 3.7441 1.61606
17 3.88551 1.63506 3.84599 1.6638
18 4.00379 1.66716 3.95288 1.70069
19 4.1097 1.71668 4.05574 1.74996
20 4.21551 1.75107 4.1613 1.8047
21 4.31056 1.8069 4.26304 1.85356
22 4.41377 1.83958 4.36304 1.89589
23 4.51536 1.88391 4.45231 1.92821
24 4.60277 1.91925 4.54758 1.96429
25 4.68694 1.97312 4.64464 2.014
26 4.78039 2.00302 4.73195 2.05077
27 4.86591 2.0459 4.82241 2.08778
28 4.96057 2.07557 4.91392 2.13463
29 5.04792 2.10705 5.00153 2.16812
30 5.13471 2.14358 5.09435 2.20317
31 5.2068 2.17395 5.17521 2.23679
32 5.28457 2.20207 5.25077 2.2764
33 5.35067 2.23712 5.32869 2.32092
34 5.43773 2.27171 5.4154 2.35745
35 5.52409 2.3118 5.49167 2.38357
36 5.60648 2.34078 5.56583 2.41837
37 5.68301 2.37731 5.6332 2.44404
38 5.75199 2.40392 5.69872 2.4676
39 5.81477 2.43756 5.76987 2.5013
40 5.88742 2.47098 5.85342 2.52742
41 5.96064 2.51547 5.92432 2.56547
42 6.03576 2.54586 5.99424 2.60227
43 6.09676 2.57947 6.06471 2.63824
44 6.16246 2.60202 6.13365 2.66371
45 6.23093 2.63085 6.20663 2.69785
46 6.29187 2.65609 6.28345 2.727
47 6.35738 2.68169 6.3508 2.75865
48 6.43024 2.71736 6.42057 2.78876
49 6.50215 2.73551 6.47812 2.80746
50 6.56542 2.75159 6.54447 2.83732
51 6.63057 2.77827 6.60865 2.86377
52 6.70335 2.80955 6.67284 2.8826
53 6.76848 2.84747 6.73936 2.92013
54 6.83833 2.87252 6.80852 2.94846
55 6.91627 2.90165 6.87768 2.97425
56 6.98637 2.93231 6.94245 3.00268
57 7.03919 2.95696 7.00491 3.02318
58 7.10516 2.98437 7.06259 3.04721
59 7.15877 3.018 7.12299 3.07482
60 7.2138 3.03827 7.18138 3.09579
61 7.27382 3.05768 7.2429 3.11265
62 7.33118 3.07538 7.30842 3.13919
63 7.39807 3.11148 7.37225 3.16298
64 7.46357 3.1298 7.43185 3.1889
65 7.52193 3.15192 7.48267 3.21175
66 7.5828 3.17668 7.54654 3.23897
67 7.63857 3.19275 7.59254 3.25002
68 7.69767 3.2091 7.65821 3.28433
69 7.75502 3.22656 7.71613 3.31278
70 7.80754 3.23905 7.76656 3.34372
71 7.85956 3.26219 7.81852 3.36382
72 7.91396 3.28492 7.87966 3.39178
73 7.96653 3.31168 7.93081 3.42266
74 8.01853 3.33584 7.9796 3.44124
75 8.07532 3.35359 8.02966 3.46559
76 8.12732 3.3753 8.08769 3.49118
77 8.16577 3.39243 8.15142 3.51222
78 8.21797 3.40543 8.20457 3.53569
79 8.26756 3.44372 8.27209 3.56299
80 8.31308 3.47037 8.32405 3.57863
81 8.36905 3.49033 8.36986 3.59168
82 8.41536 3.50565 8.41614 3.62569
83 8.46502 3.52095 8.46613 3.65262
84 8.52403 3.55396 8.50875 3.67526
85 8.56396 3.57542 8.5511 3.7036
86 8.62663 3.59178 8.59456 3.72848
87 8.67964 3.61369 8.643 3.74027
88 8.72927 3.62688 8.68395 3.76825
89 8.77894 3.65098 8.72565 3.78417
90 8.82922 3.66664 8.76337 3.81082
91 8.87302 3.69103 8.81326 3.81984
92 8.91087 3.7133 8.86776 3.83802
93 8.95511 3.72769 8.91291 3.84904
94 8.99661 3.75423 8.95826 3.87126
95 9.03479 3.77611 9.00888 3.89761
96 9.09307 3.80768 9.05232 3.91235
97 9.13154 3.83488 9.09395 3.94017
98 9.18232 3.85207 9.14471 3.94982
99 9.21505 3.8753 9.19019 3.97971
