130.214
126.53
120.2
111.425
100.557
88.1336
74.9068
61.8175
49.9101
40.1769
33.369
29.8415
29.4965
31.8353
36.1037
41.4543
47.0872
52.3405
56.7421
60.0106
62.0437
62.8966
62.7531
61.8984
60.6669
59.4142
58.4582
58.0494
58.3342
59.3499
61.0275
63.2164
65.7186
68.3302
70.8688
73.1989
75.2353
76.9376
78.2984
79.3193
79.9831
80.2614
80.1142
79.5052
78.4109
76.8364
74.825
72.4643
69.8781
67.2208
64.6636
62.375
60.5115
59.1903
58.4783
58.3805
58.8492
59.7912
61.0849
62.5807
64.1285
65.5913
66.8627
67.8764
68.6016
69.0337
69.188
69.0993
68.8189
68.4166
67.9761
67.5872
67.3341
67.278
67.4531
67.8628
68.4843
69.2753
70.1781
71.1178
72.0024
72.7417
73.2475
73.4683
73.3899
73.0387
72.4761
71.7759
71.0086
70.2353
69.4935
68.7876
68.0943
67.3685
66.5555
65.604
64.4774
63.1768
61.7539
60.3076
58.9743
57.9097
57.2541
57.0966
57.4542
58.2731
59.454
60.8851
62.4755
64.169
65.946
67.8076
69.7451
71.7136
73.625
75.3642
76.8057
77.846
78.4143
78.4729
78.0311
77.1347
75.8604
74.3078
72.5834
70.791
69.0368
67.4288
66.0565
64.9842
64.246
63.837
63.7144
63.8052
64.0209
64.2735
64.4838
64.5947
64.5833
64.4607
64.2642
64.0508
63.8875
63.8395
63.9522
64.2443
64.7011
65.2689
65.855
66.3579
66.678
66.7496
66.5435
66.0864
65.4396
64.6871
63.9148
63.2055
62.6362
62.2824
62.2226
62.5291
63.2675
64.475
66.1378
68.1794
70.4667
72.8299
75.0782
77.0296
78.5281
79.4628
79.7683
79.4391
78.52
77.1023
75.2994
73.2458
71.0747
68.9177
66.893
65.0937
63.5867
62.4077
61.5649
61.0356
60.7758
60.7291
60.8238
60.9829
61.1198
61.1546
61.0289
60.7315
60.3029
59.8396
59.4835
59.3861
59.6987
60.537
61.9698
63.9966
66.5385
69.4401
72.4985
75.4904
78.2005
80.4615
82.1588
83.234
83.671
83.488
82.7154
81.3897
79.5615
77.2973
74.6873
71.8475
68.907
66.0042
63.2549
60.7505
58.559
56.726
55.2972
54.3203
53.8476
53.9169
54.5322
55.6569
57.2179
59.1211
61.2618
63.5366
65.8438
68.0814
70.1436
71.9227
73.32
74.2577
74.689
74.6131
74.0691
73.1332
71.915
70.5449
69.1585
67.8849
66.8277
66.0539
65.5913
65.4134
65.4618
65.663
65.9418
66.2294
66.4744
66.6443
66.7182
66.6865
66.5666
66.4041
66.2668
66.2258
66.3353
66.6143
67.0433
67.5696
68.1145
68.6033
68.9859
69.2448
69.4126
69.5567
69.7615
70.1009
70.6182
71.3177
72.1569
73.0538
73.9022
74.5864
74.9842
74.9852
74.5014
73.4757
71.898
69.8336
67.4339
64.9361
62.629
60.7892
59.5974
59.093
59.2004
59.7952
60.7634
62.0116
63.4504
64.9826
66.4946
67.8691
69.0031
69.8194
70.2733
70.3535
70.0804
69.4966
68.662
67.6461
66.5242
65.3774
64.2997
63.3906
62.7572
62.4868
62.6411
63.2222
64.1752
65.3821
66.686
67.9204
68.9474
69.6783
70.0862
70.2055
70.1018
69.8491
69.5129
69.1346
68.743
68.3636
68.03
67.7705
67.6001
67.5059
67.4508
67.3865
67.2756
67.1077
66.9113
66.7403
66.6692
66.7627
67.0673
67.5923
68.313
69.1568
70.0217
70.7933
71.3595
71.6303
71.5491
71.1033
70.3256
69.2816
68.0673
66.7927
65.576
64.5277
63.7346
63.2339
63.0143
63.0118
63.1375
63.3066
63.4615
63.5812
63.6754
63.7706
63.9022
64.1028
64.4016
64.8253
65.4038
66.1566
67.082
68.1534
69.3169
70.5061
71.6492
72.6836
73.5546
74.2216
74.6494
74.8092
74.6843
74.2654
73.5556
72.5659
71.3351
69.919
68.3959
66.8601
65.4141
64.1603
63.1907
62.5836
62.3856
62.5876
63.1409
63.9488
64.8852
65.8095
66.5909
67.1258
67.3477
67.2323
66.7905
66.0681
65.1397
64.0982
63.0522
62.1148
61.3954
60.9875
60.9571
61.3385
62.1255
63.276
64.703
66.2924
67.9147
69.4394
70.7643
71.8211
72.5806
73.0502
73.2622
73.2676
73.1091
72.8197
72.4113
71.8784
71.2001
70.3645
69.381
68.2967
67.2048
66.2314
65.5111
65.1586
65.2521
65.8032
66.7494
67.9693
69.288
70.5245
71.5063
72.1067
72.2655
71.9835
71.3131
70.3286
69.1258
67.7966
66.4268
65.0942
63.8702
62.8281
62.0312
61.5203
61.3119
61.3963
61.7347
62.2769
62.9767
63.7908
64.6832
65.6111
66.5287
67.3809
68.1121
68.6859
69.0931
69.3565
69.5013
69.5504
69.5176
69.4051
69.2222
69.0015
68.7971
68.6772
68.6925
68.8647
69.1676
69.5379
69.8845
70.1222
70.1937
70.08
69.798
69.3973
68.9479
68.5202
68.1805
67.9659
67.8766
67.8785
67.9195
67.9341
67.8749
67.7212
67.4903
67.2347
67.0179
66.9025
66.916
67.0415
67.2239
67.3945
67.4993
67.5058
67.4189
67.2665
67.0929
66.9376
66.8298
66.7799
66.7815
66.8127
66.833
66.8003
66.6768
66.436
66.0659
65.5665
64.9645
64.3053
63.6497
63.0666
62.6306
62.3959
62.4054
62.689
63.2607
64.1176
65.2232
66.5122
67.9022
69.295
70.5917
71.7007
72.5377
73.0357
73.1548
72.894
72.3011
71.4769
70.5623
69.7075
69.0416
68.6342
68.4812
68.5257
68.6853
68.8881
69.0929
69.2919
69.4999
69.7228
69.9468
70.1329
70.2259
70.1572
69.8656
69.306
68.464
67.3511
66.0239
64.5689
63.0963
61.7342
60.605
59.8158
59.4537
59.5734
60.18
61.221
62.5908
64.1528
65.7548
67.2695
68.6097
69.726
70.6072
71.2599
71.7018
71.9547
72.0419
71.9856
71.7972
71.4895
71.0739
70.5685
69.9967
69.3878
68.7715
68.1803
67.6436
67.1826
66.8023
66.4964
66.2517
66.0474
65.8586
65.6674
65.4688
65.2697
65.0996
65.0009
65.0206
65.2
65.5649
66.1104
66.8096
67.6228
68.5009
69.4045
70.3112
71.1978
72.03
72.7479
73.2721
73.5186
73.4386
73.0239
72.3151
71.3815
70.3068
69.1717
68.0471
66.9944
66.0626
65.2925
64.7197
64.3713
64.2577
64.3694
64.6636
65.0696
65.4954
65.8432
66.037
66.037
65.8403
65.502
65.1157
64.7924
64.6393
64.7328
65.1018
65.721
66.5114
67.3584
68.1457
68.771
69.1682
69.3135
69.2249
68.9449
68.5305
68.0258
67.4558
66.8261
66.124
65.3387
64.4777
63.5764
62.7022
61.9454
61.4093
61.1998
61.4031
62.0718
63.2031
64.735
66.5424
68.4625
70.3193
71.9487
73.2299
74.0943
74.5285
74.567
74.2735
73.7221
72.9873
72.1315
71.1957
70.2011
69.1515
68.0374
66.8511
65.5969
64.3022
63.0484
61.9582
61.1761
60.8323
60.9954
61.6546
62.7246
64.0757
65.5579
67.0308
68.371
69.4882
70.3246
70.8549
71.0811
71.0204
70.6987
70.1441
69.3917
68.4911
67.5096
66.5326
65.664
64.997
64.602
64.5055
64.6831
65.0694
65.5779
66.1283
66.6575
67.1209
67.4827
67.7068
67.7552
67.6053
67.2535
66.7388
66.1333
65.52
64.9837
64.5892
64.3703
64.3385
64.4949
64.8406
65.3915
66.1707
67.1977
68.4623
69.9151
71.465
72.9886
74.3568
75.459
76.2043
76.5308
76.3934
75.7598
74.6287
73.0295
71.0372
68.7797
66.4237
64.1688
62.2295
60.7997
60.0197
59.9584
60.5957
61.8221
63.4547
65.2751
67.0651
68.6409
69.8587
70.6305
70.9238
70.7505
70.1541
69.2028
67.9837
66.5982
65.1681
63.8365
62.7553
62.0671
61.872
62.1983
62.992
64.1153
65.3952
66.6554
67.7467
68.5605
69.0391
69.1821
69.0444
68.7241
68.3408
68.0119
67.8326
67.8574
68.0941
68.5048
69.0153
69.5345
69.9819
70.2962
70.4281
70.3529
70.0619
69.5667
68.8986
68.1112
67.2867
66.5203
65.9153
65.5641
65.5353
65.858
66.5112
67.426
68.4925
69.5749
70.5245
71.1941
71.4686
71.2722
70.5848
69.451
67.9762
66.314
64.651
63.1753
62.0535
61.4082
61.3004
61.7156
62.5721
63.7305
65.0135
66.2396
67.2426
67.9074
68.1858
68.0928
67.6965
67.102
66.4201
65.7555
65.1888
64.7764
64.546
64.5156
64.6943
65.0848
65.6851
66.4746
67.4131
68.4288
69.4159
70.2512
70.8042
70.9763
70.7233
70.0796
69.162
68.1644
67.3101
66.7905
66.6994
67.0099
67.6261
68.4346
69.3417
70.285
71.2297
72.1525
73.0235
73.7982
74.4118
74.7791
74.8109
74.4327
73.6047
72.3392
70.6959
68.7891
66.7808
64.8563
63.2073
61.9963
61.3228
61.2004
61.5576
62.2576
63.1278
63.9994
64.7461
65.2809
65.5772
65.6575
65.5801
65.4384
65.3341
65.3645
65.6005
66.0654
66.7313
67.53
68.3619
69.1115
69.676
69.9721
69.9573
69.635
69.0394
68.2522
67.3576
66.4451
65.5838
64.8211
64.1827
63.6834
63.3345
63.1515
63.1522
63.3582
63.7942
64.4766
65.4066
66.5536
67.8641
69.2606
70.6415
71.8999
72.9469
73.7155
74.1719
74.2964
74.0833
73.5463
72.7137
71.6234
70.3358
68.9313
67.5
66.1437
64.9615
64.0437
63.4573
63.2376
63.3904
63.886
64.6556
65.6111
66.6515
67.6754
68.5942
69.3323
69.8223
70.0177
69.8929
69.4495
68.7231
67.7921
66.7737
65.8084
65.0318
64.553
64.439
64.7041
65.3121
66.1807
67.2054
68.2679
69.2532
70.0505
70.5655
70.7297
70.5053
69.8947
68.9411
67.7298
66.3815
65.0406
63.8552
62.9527
62.4209
62.2973
62.5666
63.1671
64.0172
65.0222
66.0926
67.1575
68.1646
69.075
69.8681
70.5205
71.0094
71.3081
130.847
128.934
125.534
120.854
115.197
108.952
102.577
96.573
91.4199
87.4985
85.0137
83.9572
84.1415
85.2743
87.0469
89.2113
91.6049
94.1215
96.656
99.044
101.043
102.377
102.81
102.242
100.759
98.6407
96.3092
94.219
92.7421
92.0602
92.1334
92.7426
93.6205
94.5406
95.3723
96.0746
96.6619
97.1664
97.6217
98.0565
98.478
98.8693
99.1804
99.3358
99.25
98.8402
98.0481
96.8729
95.3789
93.7015
92.024
90.555
89.4963
89.0122
89.1984
90.0744
91.5883
93.6351
96.0459
98.6056
101.075
103.213
104.816
105.761
106.015
105.621
104.689
103.379
101.881
100.401
99.1215
98.1823
97.6377
97.4679
97.5898
97.8923
98.2821
98.716
99.2108
99.8306
100.625
101.587
102.626
103.582
104.273
104.565
104.401
103.793
102.785
101.436
99.8079
97.9848
96.068
94.1852
92.4868
91.1223
90.2173
89.8475
90.0014
90.5744
91.4004
92.2945
93.1193
93.8065
94.3515
94.7858
95.1573
95.498
95.8179
96.1173
96.4086
96.7278
97.1273
97.6537
98.3313
99.1476
100.033
100.879
101.568
102.007
102.166
102.085
101.852
101.567
101.291
101.037
100.78
100.499
100.21
99.9827
99.9242
100.142
100.684
101.516
102.518
103.525
104.367
104.893
105.017
104.728
104.092
103.236
102.305
101.445
100.771
100.343
100.156
100.131
100.139
100.033
99.7009
99.1009
98.2869
97.4083
96.6718
96.2668
96.3043
96.7735
97.5729
98.5569
99.5621
100.449
101.1
101.438
101.431
101.095
100.485
99.6846
98.7947
97.9325
97.2159
96.7448
96.5465
96.5772
96.7115
96.777
96.6239
96.1744
95.4452
94.5556
93.6931
93.0493
92.7872
93.0147
93.7737
95.0202
96.6238
98.3916
100.096
101.536
102.582
103.184
103.364
103.189
102.753
102.155
101.477
100.784
100.118
99.5138
98.9928
98.5727
98.2739
98.1093
98.0948
98.2611
98.6524
99.3137
100.25
101.393
102.571
103.558
104.133
104.145
103.543
102.369
100.733
98.7794
96.6711
94.5699
92.6489
91.0866
90.0471
89.6499
89.9404
90.8668
92.2722
93.939
95.632
97.143
98.3409
99.1866
99.7387
100.111
100.427
100.783
101.219
101.704
102.155
102.463
102.53
102.294
101.753
100.943
99.9282
98.7956
97.663
96.6738
95.9861
95.7524
96.0697
96.9427
98.2717
99.8684
101.491
102.88
103.807
104.102
103.683
102.599
101.014
99.1934
97.4479
96.0582
95.2006
94.9048
95.0816
95.5603
96.1445
96.6801
97.0713
97.2719
97.2698
97.0778
96.7047
96.1619
95.4691
94.6685
93.8374
93.0839
92.5214
92.2614
92.3786
92.8914
93.7522
94.8576
96.0852
97.3122
98.446
99.4472
100.335
101.167
102.017
102.943
103.969
105.054
106.13
107.11
107.914
108.484
108.768
108.718
108.301
107.513
106.399
105.047
103.545
101.975
100.404
98.8603
97.354
95.8791
94.402
92.8804
91.3087
89.7639
88.4156
87.488
87.1908
87.6329
88.7896
90.5365
92.688
95.0501
97.4256
99.6126
101.405
102.624
103.154
102.986
102.238
101.134
99.9518
98.9386
98.2419
97.8856
97.7839
97.7928
97.7558
97.564
97.2063
96.7946
96.5501
96.7361
97.552
99.0375
101.065
103.399
105.764
107.904
109.597
110.673
111.03
110.642
109.549
107.854
105.723
103.357
100.956
98.6741
96.6089
94.7937
93.2131
91.8652
90.7538
89.9183
89.4203
89.3484
89.7905
90.8053
92.386
94.4295
96.746
99.0934
101.233
102.974
104.217
104.944
105.201
105.073
104.656
104.043
103.297
102.465
101.579
100.651
99.6908
98.706
97.6918
96.64
95.554
94.4633
93.436
92.5769
92.012
91.8563
92.1645
92.9107
93.9939
95.2579
96.5304
97.6765
98.616
99.315
99.7818
100.035
100.09
99.9537
99.6353
99.1473
98.5211
97.8037
97.0573
96.3584
95.7854
95.4116
95.2861
95.4169
95.7736
96.2836
96.8669
97.4676
98.0814
98.7469
99.521
100.434
101.469
102.555
103.609
104.571
105.412
106.139
106.771
107.302
107.68
107.835
107.675
107.13
106.157
104.752
102.98
100.97
98.91
97.0028
95.4422
94.3836
93.9229
94.0881
94.8161
95.9468
97.248
98.4565
99.3337
99.7099
99.4921
98.665
97.2785
95.4285
93.2482
90.9138
88.6433
86.7101
85.4191
85.0355
85.7035
87.3924
89.8943
92.8981
96.0804
99.1408
101.853
104.05
105.617
106.487
106.651
106.154
105.092
103.621
101.943
100.26
98.7498
97.5223
96.6099
95.9815
95.5834
95.3901
95.4222
95.75
96.4435
97.5324
98.9538
100.567
102.191
103.651
104.794
105.493
105.629
105.097
103.828
101.841
99.2785
96.434
93.7125
91.5341
90.236
89.9688
90.6947
92.2538
94.4264
97.011
99.8349
102.739
105.542
108.013
109.894
110.949
111.017
110.04
108.083
105.324
102.034
98.5568
95.256
92.5027
90.6261
89.8668
90.3098
91.8539
94.2018
96.9231
99.5655
101.747
103.216
103.856
103.701
102.885
101.609
100.087
98.528
97.0985
95.91
95.0181
94.4224
94.0898
93.9894
94.1093
94.46
95.0742
95.9761
97.1589
98.5619
100.083
101.589
102.954
104.077
104.89
105.364
105.5
105.322
104.841
104.073
103.031
101.744
100.267
98.6768
97.0702
95.5565
94.2618
93.306
92.7827
92.7288
93.0967
93.7501
94.4987
95.1696
95.6597
95.9779
96.2251
96.525
96.9418
97.4404
97.8898
98.1208
97.9815
97.4043
96.438
95.256
94.1304
93.3707
93.2505
93.9204
95.3797
97.4676
99.9048
102.362
104.519
106.113
106.966
106.997
106.217
104.726
102.724
100.492
98.3496
96.5999
95.4592
95.0212
95.2355
95.9351
96.8955
97.8845
98.7162
99.2826
99.5547
99.5626
99.3656
99.0323
98.6403
98.2806
98.0462
98.0166
98.2173
98.6166
99.1353
99.6907
100.247
100.825
101.494
102.321
103.298
104.29
105.065
105.398
105.154
104.309
102.947
101.226
99.34
97.4927
95.8728
94.6328
93.8669
93.5932
93.7591
94.2558
94.9521
95.7141
96.4292
97.0077
97.3776
97.4852
97.3216
96.9255
96.3859
95.8381
95.4211
95.2421
95.3595
95.754
96.3414
96.9851
97.5314
97.8473
97.863
97.5939
97.1159
96.5497
96.0102
95.5864
95.3515
95.3715
95.7119
96.4375
97.5572
98.9951
100.576
102.078
103.28
104.033
104.285
104.083
103.551
102.83
102.051
101.316
100.714
100.337
100.271
100.582
101.274
102.278
103.446
104.595
105.544
106.159
106.353
106.09
105.371
104.219
102.686
100.857
98.8544
96.8587
95.0735
93.6797
92.7889
92.4049
92.4573
92.8256
93.3873
94.0478
94.7518
95.4852
96.2428
97.009
97.7432
98.3948
98.9243
99.3265
99.6222
99.8491
100.037
100.201
100.333
100.394
100.326
100.056
99.5048
98.6248
97.4374
96.0549
94.6663
93.4783
92.6607
92.3141
92.4541
93.035
93.9784
95.1964
96.5861
98.0273
99.38
100.493
101.226
101.489
101.282
100.693
99.8896
99.0614
98.3755
97.9155
97.6994
97.7158
97.9811
98.5612
99.5104
100.82
102.377
103.966
105.342
106.31
106.773
106.751
106.33
105.599
104.606
103.355
101.853
100.167
98.4432
96.902
95.7661
95.1798
95.1724
95.6609
96.5048
97.5469
98.6293
99.5804
100.219
100.368
99.9086
98.8165
97.1857
95.2236
93.216
91.4626
90.2158
89.6216
89.711
90.4371
91.7254
93.4891
95.6316
98.0301
100.533
102.962
105.126
106.836
107.929
108.293
107.877
106.734
105.002
102.888
100.619
98.4065
96.4015
94.6929
93.2984
92.2126
91.4305
90.9562
90.7991
90.9699
91.4653
92.2626
93.3177
94.5663
95.9205
97.2718
98.5096
99.5245
100.229
100.566
100.533
100.183
99.6436
99.0985
98.7574
98.8045
99.3259
100.299
101.588
102.981
104.248
105.208
105.756
105.9
105.762
105.541
105.503
105.873
106.723
107.907
109.082
109.859
109.959
109.292
107.938
106.076
103.917
101.639
99.363
97.1656
95.0802
93.1216
91.3051
89.646
88.171
86.9106
85.9075
85.2029
84.835
84.8466
85.2922
86.2283
87.6673
89.5579
91.7767
94.1394
96.431
98.453
100.065
101.188
101.816
101.991
101.797
101.328
100.679
99.963
99.3303
98.9618
99.0385
99.6684
100.816
102.292
103.81
105.074
105.847
106.002
105.541
104.588
103.363
102.136
101.158
100.614
100.562
100.927
101.523
102.104
102.439
102.352
101.76
100.653
99.0802
97.1161
94.8446
92.3673
89.8239
87.434
85.4936
84.3191
84.1347
84.9844
86.7241
89.1038
91.8422
94.6678
97.3449
99.6934
101.584
102.93
103.684
103.845
103.466
102.649
101.545
100.334
99.1979
98.2898
97.7135
97.5058
97.649
98.0772
98.7003
99.4249
100.153
100.784
101.209
101.328
101.089
100.514
99.7078
98.8087
97.9063
97.0073
96.0815
95.1431
94.2859
93.6497
93.375
93.552
94.1949
95.247
96.6048
98.1558
99.8113
101.509
103.215
104.901
106.53
108.046
109.344
110.292
110.753
110.613
109.79
108.278
106.148
103.555
100.731
97.9627
95.5372
93.7081
92.6297
92.3215
92.6555
93.3782
94.1913
94.8574
95.2637
95.4335
95.4844
95.5684
95.7921
96.1785
96.6727
97.1745
97.6
97.9153
98.146
98.3486
98.5805
98.8793
99.2557
99.7047
100.215
100.774
101.357
131.669
131.451
130.594
129.213
127.392
125.209
122.763
120.192
117.659
115.289
113.153
111.268
109.648
108.31
107.268
106.501
105.934
105.48
105.053
104.617
104.182
103.791
103.517
103.453
103.691
104.285
105.241
106.515
108.051
109.819
111.812
114.017
116.374
118.781
121.087
123.117
124.689
125.638
125.847
125.262
123.915
121.922
119.475
116.819
114.214
111.91
110.115
108.989
108.638
109.082
110.242
111.934
113.892
115.808
117.397
118.426
118.747
118.32
117.215
115.595
113.672
111.703
109.983
108.842
108.595
109.43
111.323
114.01
117.06
119.976
122.316
123.749
124.109
123.404
121.823
119.678
117.325
115.091
113.193
111.706
110.597
109.757
109.063
108.402
107.689
106.867
105.911
104.855
103.782
102.842
102.205
102.035
102.42
103.367
104.792
106.565
108.559
110.693
112.916
115.169
117.36
119.334
120.926
122.012
122.539
122.548
122.185
121.672
121.279
121.283
121.86
123.039
124.678
126.509
128.229
129.569
130.333
130.415
129.782
128.438
126.409
123.731
120.459
116.702
112.654
108.635
105.072
102.412
100.996
100.943
102.112
104.155
106.614
109.032
111.038
112.393
112.999
112.87
112.112
110.923
109.555
108.248
107.168
106.395
105.96
105.905
106.291
107.174
108.545
110.309
112.3
114.31
116.134
117.608
118.639
119.203
119.36
119.227
118.954
118.693
118.57
118.647
118.918
119.301
119.677
119.919
119.908
119.549
118.786
117.62
116.137
114.486
112.859
111.441
110.378
109.762
109.63
109.973
110.746
111.85
113.142
114.403
115.385
115.868
115.715
114.942
113.763
112.555
111.759
111.711
112.538
114.189
116.501
119.267
122.228
125.049
127.361
128.82
129.18
128.331
126.306
123.278
119.526
115.412
111.316
107.607
104.588
102.472
101.361
101.235
101.972
103.359
105.133
107.048
108.932
110.699
112.313
113.739
114.91
115.76
116.275
116.52
116.614
116.72
117.002
117.587
118.513
119.698
120.95
122.038
122.756
122.977
122.681
121.923
120.828
119.548
118.229
116.968
115.795
114.691
113.643
112.659
111.761
110.933
110.107
109.195
108.174
107.134
106.262
105.8
105.94
106.767
108.228
110.139
112.263
114.389
116.388
118.219
119.909
121.517
123.066
124.525
125.773
126.626
126.898
126.475
125.372
123.742
121.832
119.924
118.275
117.073
116.384
116.144
116.193
116.301
116.241
115.83
114.943
113.507
111.489
108.92
105.932
102.801
99.9676
97.9659
97.288
98.2059
100.689
104.439
108.995
113.848
118.527
122.653
125.946
128.253
129.528
129.805
129.154
127.696
125.596
123.075
120.39
117.81
115.572
113.839
112.702
112.169
112.179
112.576
113.143
113.62
113.768
113.418
112.509
111.107
109.388
107.621
106.152
105.338
105.455
106.593
108.619
111.214
113.984
116.58
118.779
120.498
121.746
122.548
122.915
122.834
122.288
121.3
119.957
118.396
116.797
115.346
114.202
113.432
113.001
112.769
112.539
112.119
111.383
110.332
109.102
107.95
107.168
107.021
107.646
109.007
110.898
113.02
115.064
116.777
117.985
118.598
118.607
118.079
117.14
115.958
114.712
113.546
112.541
111.716
111.067
110.637
110.519
110.864
111.791
113.281
115.16
117.148
118.955
120.353
121.214
121.497
121.246
120.564
119.608
118.558
117.608
116.925
116.613
116.676
117
117.368
117.53
117.259
116.434
115.085
113.415
111.736
110.367
109.543
109.377
109.866
110.913
112.35
113.965
115.542
116.896
117.903
118.492
118.637
118.335
117.61
116.492
115.038
113.336
111.525
109.785
108.327
107.354
107.02
107.379
108.349
109.723
111.229
112.603
113.663
114.333
114.64
114.687
114.587
114.432
114.288
114.197
114.231
114.479
115.005
115.825
116.895
118.137
119.47
120.844
122.257
123.703
125.128
126.392
127.294
127.644
127.314
126.248
124.476
122.114
119.368
116.513
113.818
111.483
109.593
108.131
107.046
106.314
105.952
105.962
106.301
106.912
107.763
108.873
110.264
111.911
113.722
115.533
117.151
118.419
119.249
119.636
119.655
119.407
119
118.513
117.992
117.451
116.879
116.253
115.55
114.752
113.846
112.814
111.675
110.495
109.384
108.461
107.783
107.319
106.974
106.655
106.35
106.16
106.291
106.99
108.414
110.509
112.974
115.377
117.322
118.58
119.103
118.999
118.464
117.692
116.842
115.99
115.143
114.274
113.364
112.45
111.614
110.961
110.564
110.441
110.553
110.822
111.155
111.459
111.68
111.808
111.872
111.941
112.085
112.355
112.79
113.411
114.249
115.318
116.601
118.022
119.456
120.755
121.794
122.518
122.941
123.112
123.09
122.929
122.679
122.375
122.025
121.582
120.961
120.062
118.797
117.131
115.073
112.701
110.149
107.615
105.333
103.548
102.458
102.185
102.741
104
105.719
107.572
109.241
110.489
111.233
111.55
111.616
111.606
111.623
111.692
111.784
111.859
111.906
111.949
112.062
112.362
113.005
114.144
115.888
118.238
121.047
124.018
126.812
129.14
130.801
131.663
131.639
130.693
128.866
126.287
123.154
119.691
116.125
112.656
109.477
106.805
104.85
103.764
103.589
104.24
105.555
107.348
109.431
111.611
113.705
115.562
117.076
118.184
118.834
118.967
118.544
117.57
116.15
114.497
112.898
111.656
111.001
111.013
111.605
112.531
113.483
114.19
114.492
114.369
113.948
113.449
113.11
113.131
113.596
114.426
115.417
116.287
116.768
116.685
115.993
114.788
113.278
111.731
110.436
109.62
109.4
109.758
110.536
111.487
112.339
112.874
113.014
112.858
112.638
112.632
113.033
113.87
115.009
116.254
117.433
118.47
119.375
120.193
120.961
121.68
122.311
122.783
123.001
122.853
122.249
121.161
119.667
117.976
116.389
115.217
114.678
114.83
115.55
116.572
117.538
118.098
117.977
117.041
115.315
112.996
110.42
108.011
106.171
105.167
105.064
105.748
107.018
108.627
110.322
111.843
112.952
113.49
113.419
112.853
112.042
111.312
110.954
111.134
111.845
112.907
114.04
114.965
115.462
115.437
114.907
113.988
112.857
111.691
110.635
109.773
109.102
108.556
108.028
107.422
106.684
105.811
104.875
104.031
103.488
103.472
104.176
105.699
107.999
110.888
114.062
117.157
119.814
121.765
122.902
123.281
123.111
122.697
122.34
122.24
122.441
122.85
123.305
123.636
123.729
123.55
123.171
122.721
122.361
122.204
122.281
122.517
122.751
122.795
122.498
121.781
120.653
119.203
117.556
115.83
114.11
112.434
110.795
109.168
107.532
105.885
104.271
102.782
101.553
100.737
100.447
100.711
101.462
102.562
103.836
105.111
106.219
107.011
107.349
107.128
106.309
104.94
103.198
101.377
99.8521
99.0043
99.1297
100.372
102.711
105.978
109.895
114.13
118.355
122.277
125.658
128.3
130.057
130.823
130.566
129.386
127.519
125.331
123.208
121.4
119.942
118.699
117.489
116.192
114.776
113.287
111.812
110.46
109.336
108.507
108.007
107.834
107.987
108.473
109.294
110.434
111.854
113.502
115.328
117.274
119.245
121.08
122.555
123.423
123.486
122.662
121.036
118.85
116.426
114.075
111.99
110.245
108.831
107.714
106.903
106.457
106.46
106.95
107.87
109.072
110.381
111.63
112.699
113.52
114.076
114.4
114.559
114.621
114.627
114.558
114.37
114.059
113.719
113.535
113.704
114.361
115.511
117.026
118.689
120.263
121.553
122.432
122.847
122.806
122.356
121.561
120.487
119.188
117.704
116.091
114.443
112.902
111.613
110.679
110.102
109.795
109.619
109.456
109.26
109.07
108.993
109.138
109.603
110.43
111.598
113.022
114.559
116.035
117.281
118.17
118.641
118.693
118.361
117.67
116.642
115.341
113.903
112.563
111.618
111.345
111.893
113.233
115.2
117.539
119.921
121.966
123.291
123.606
122.77
120.811
117.902
114.326
110.427
106.6
103.263
100.83
99.6426
99.8659
101.438
104.06
107.255
110.499
113.339
115.488
116.842
117.458
117.529
117.315
117.05
116.901
116.924
117.073
117.224
117.238
117.013
116.531
115.893
115.318
115.075
115.38
116.302
117.716
119.35
120.88
122.019
122.578
122.489
121.794
120.607
119.075
117.353
115.611
114.033
112.793
112.009
111.73
111.929
112.517
113.34
114.218
114.981
115.494
115.687
115.552
115.161
114.645
114.182
113.928
113.997
114.423
115.157
116.072
116.983
117.68
117.978
117.795
117.2
116.401
115.677
115.253
115.198
115.405
115.645
115.689
115.395
114.766
113.921
113.018
112.172
111.4
110.645
109.826
108.9
107.917
107.013
106.371
106.169
106.54
107.541
109.162
111.319
113.885
116.677
119.474
122.008
124.012
125.239
131.531
130.777
128.976
126.346
123.212
119.991
117.144
115.106
114.195
114.526
115.972
118.187
120.684
122.949
124.554
125.245
124.962
123.836
122.142
120.223
118.414
116.938
115.829
114.982
114.233
113.447
112.53
111.449
110.25
109.037
107.959
107.157
106.744
106.787
107.315
108.325
109.778
111.603
113.695
115.93
118.185
120.361
122.382
124.185
125.709
126.881
127.616
127.844
127.517
126.648
125.276
123.475
121.315
118.851
116.132
113.247
110.358
107.704
105.578
104.232
103.808
104.303
105.612
107.594
110.118
113.062
116.279
119.577
122.718
125.445
127.541
128.847
129.287
128.892
127.813
126.3
124.66
123.186
122.07
121.362
121
120.891
120.959
121.165
121.48
121.857
122.224
122.482
122.546
122.347
121.83
120.974
119.831
118.531
117.247
116.143
115.309
114.718
114.247
113.737
113.067
112.183
111.124
109.997
108.949
108.135
107.697
107.723
108.218
109.102
110.228
111.441
112.642
113.846
115.175
116.769
118.711
120.938
123.253
125.371
127.028
128.062
128.451
128.316
127.857
127.221
126.448
125.448
124.077
122.241
119.946
117.322
114.621
112.169
110.321
109.365
109.448
110.541
112.438
114.807
117.267
119.459
121.082
121.942
121.945
121.094
119.47
117.245
114.661
112.049
109.798
108.307
107.903
108.759
110.826
113.836
117.375
120.982
124.242
126.857
128.647
129.529
129.47
128.459
126.492
123.594
119.87
115.557
111.049
106.839
103.414
101.142
100.188
100.534
102.015
104.374
107.29
110.43
113.49
116.228
118.501
120.251
121.493
122.287
122.712
122.822
122.655
122.254
121.7
121.095
120.526
120.022
119.562
119.11
118.646
118.188
117.782
117.51
117.473
117.762
118.429
119.454
120.746
122.167
123.557
124.758
125.63
126.042
125.875
125.061
123.633
121.759
119.726
117.898
116.591
115.967
115.953
116.291
116.65
116.775
116.585
116.19
115.837
115.799
116.26
117.235
118.549
119.911
121.015
121.622
121.589
120.903
119.648
118.005
116.198
114.438
112.891
111.651
110.753
110.194
109.982
110.152
110.756
111.816
113.275
114.983
116.736
118.35
119.725
120.848
121.76
122.491
123.037
123.348
123.342
122.93
122.063
120.758
119.141
117.436
115.926
114.859
114.362
114.376
114.711
115.134
115.47
115.656
115.736
115.808
115.979
116.322
116.853
117.522
118.233
118.874
119.339
119.542
119.436
119.025
118.35
117.515
116.662
115.979
115.645
115.761
116.315
117.202
118.255
119.305
120.218
120.95
121.529
122.033
122.486
122.823
122.916
122.636
121.914
120.758
119.246
117.509
115.713
114.031
112.618
111.601
111.046
110.982
111.402
112.254
113.44
114.788
116.075
117.081
117.654
117.749
117.46
116.958
116.442
116.083
115.995
116.232
116.781
117.575
118.491
119.395
120.172
120.761
121.161
121.415
121.582
121.703
121.8
121.866
121.884
121.825
121.643
121.289
120.712
119.87
118.79
117.593
116.499
115.757
115.562
115.965
116.875
118.08
119.317
120.315
120.839
120.73
119.903
118.357
116.167
113.51
110.666
108.019
105.973
104.855
104.843
105.954
108.062
110.907
114.099
117.178
119.717
121.465
122.412
122.79
122.933
123.095
123.326
123.509
123.526
123.346
123.001
122.531
121.936
121.198
120.317
119.341
118.358
117.461
116.74
116.268
116.105
116.305
116.882
117.771
118.794
119.706
120.256
120.283
119.761
118.785
117.558
116.334
115.359
114.789
114.649
114.839
115.172
115.471
115.632
115.662
115.631
115.632
115.744
116.076
116.763
117.884
119.329
120.78
121.839
122.231
121.902
121.01
119.838
118.649
117.621
116.847
116.371
116.229
116.448
117.022
117.9
119
120.194
121.327
122.226
122.759
122.883
122.691
122.386
122.137
121.912
121.454
120.427
118.598
115.953
112.706
109.255
106.104
103.745
102.529
102.58
103.794
105.915
108.66
111.806
115.215
118.798
122.439
125.952
129.099
131.643
133.425
134.35
134.409
133.644
132.175
130.165
127.803
125.293
122.83
120.564
118.59
116.928
115.559
114.481
113.766
113.56
113.993
115.038
116.448
117.816
118.71
118.802
117.958
116.27
114.043
111.728
109.834
108.785
108.835
110.001
112.077
114.686
117.375
119.687
121.248
121.825
121.384
120.113
118.408
116.771
115.654
115.335
115.814
116.861
118.123
119.233
119.904
119.982
119.459
118.469
117.218
115.91
114.716
113.756
113.138
112.975
113.374
114.402
116.022
118.055
120.192
122.074
123.383
123.914
123.637
122.709
121.426
120.138
119.154
118.679
118.814
119.569
120.883
122.624
124.59
126.516
128.12
129.176
129.576
129.339
128.581
127.465
126.152
124.753
123.346
121.969
120.637
119.317
117.902
116.215
114.051
111.311
108.105
104.808
101.998
100.275
100.017
101.21
103.482
106.301
109.18
111.775
113.88
115.394
116.295
116.617
116.439
115.872
115.028
114.017
112.926
111.8
110.653
109.481
108.305
107.215
106.386
106.071
106.546
108.024
110.558
114.024
118.153
122.585
126.915
130.731
133.685
135.545
136.209
135.707
134.192
131.926
129.227
126.43
123.841
121.695
120.126
119.18
118.826
118.978
119.472
120.075
120.528
120.595
120.131
119.14
117.769
116.249
114.822
113.686
112.972
112.748
112.988
113.58
114.343
115.102
115.744
116.241
116.629
116.944
117.189
117.331
117.316
117.08
116.556
115.669
114.383
112.739
110.883
109.071
107.614
106.801
106.811
107.645
109.112
110.878
112.562
113.844
114.524
114.556
114.037
113.186
112.275
111.596
111.403
111.872
113.065
114.932
117.293
119.864
122.289
124.233
125.455
125.88
125.628
124.953
124.115
123.266
122.419
121.535
120.625
119.755
119.01
118.453
118.086
117.877
117.759
117.641
117.415
116.99
116.319
115.432
114.415
113.391
112.47
111.758
111.354
111.354
111.847
112.884
114.437
116.394
118.561
120.701
122.559
123.904
124.566
124.454
123.543
121.894
119.647
117.037
114.403
112.139
110.625
110.132
110.747
112.368
114.746
117.533
120.372
122.952
125.034
126.473
127.219
127.313
126.848
125.935
124.68
123.161
121.449
119.644
117.89
116.354
115.177
114.418
114
113.742
113.428
112.906
112.147
111.249
110.397
109.782
109.555
109.803
110.539
111.719
113.252
115.012
116.827
118.486
119.755
120.427
120.341
119.438
117.799
115.646
113.297
111.076
109.233
107.879
107.028
106.717
107.111
108.446
110.819
113.966
117.337
120.357
122.64
124.032
124.53
124.224
123.247
121.765
119.966
118.047
116.218
114.704
113.714
113.413
113.885
115.114
116.993
119.327
121.857
124.29
126.354
127.871
128.792
129.195
129.222
129.028
128.671
128.083
127.113
125.657
123.746
121.539
119.26
117.11
115.221
113.648
112.382
111.39
110.619
110.006
109.515
109.19
109.164
109.626
110.705
112.398
114.514
116.719
118.606
119.808
120.085
119.366
117.775
115.608
113.275
111.197
109.687
108.876
108.703
108.988
109.533
110.187
110.9
111.73
112.799
114.212
115.969
117.924
119.832
121.451
122.628
123.326
123.611
123.611
123.469
123.33
123.31
123.464
123.775
124.145
124.425
124.462
124.146
123.434
122.375
121.11
119.86
118.904
118.489
118.777
119.768
121.289
123.037
124.675
125.926
126.629
126.726
126.243
125.249
123.826
122.069
120.095
118.035
116.029
114.208
112.645
111.336
110.205
109.152
108.128
107.166
106.4
106.032
106.265
107.228
108.932
111.234
113.875
116.55
118.97
120.882
122.086
122.449
121.946
120.693
118.957
117.087
115.423
114.186
113.454
113.217
113.448
114.146
115.32
116.953
118.98
121.29
123.73
126.141
128.355
130.235
131.666
132.58
132.95
132.766
132.036
130.788
129.079
126.975
124.533
121.801
118.825
115.687
112.532
109.566
107.042
105.214
104.291
104.397
105.562
107.718
110.686
114.157
117.713
120.901
123.329
124.753
125.093
124.432
122.972
120.996
118.806
116.686
114.879
113.582
112.928
112.982
113.698
114.93
116.476
118.131
119.735
121.192
122.459
123.5
124.273
124.714
124.754
124.313
123.316
121.714
119.508
116.779
113.71
110.564
107.614
105.081
103.099
101.711
100.905
100.638
100.868
101.571
102.737
104.361
106.408
108.825
111.515
114.332
117.091
119.603
121.692
123.257
124.284
124.88
125.266
125.726
126.528
127.8
129.442
131.122
132.374
132.763
132.023
130.141
127.373
124.199
121.233
119.051
117.98
117.97
118.649
119.545
120.301
120.728
120.783
120.5
119.939
119.174
118.259
117.226
116.072
114.808
113.479
112.18
111.045
110.203
109.731
109.632
109.86
110.337
110.959
111.593
112.088
112.319
180.258
179.756
178.86
177.515
175.646
173.161
169.942
165.859
160.79
154.628
147.323
138.931
129.655
119.871
110.114
101.007
93.1362
86.9417
82.6476
80.2514
79.569
80.2967
82.0761
84.5439
87.3723
90.289
93.0835
95.6106
97.785
99.5722
100.97
101.999
102.676
103.012
103.004
102.648
101.95
100.943
99.6887
98.285
96.85
95.5148
94.417
93.6817
93.4028
93.6124
94.2614
95.2288
96.3572
97.492
98.5052
99.3067
99.8397
100.082
100.043
99.7696
99.3368
98.8429
98.3902
98.0646
97.9233
97.9823
98.2207
98.5908
99.0332
99.4881
99.9026
100.233
100.445
100.51
100.404
100.109
99.6164
98.9331
98.0948
97.1677
96.2496
95.442
94.8172
94.3945
94.1364
93.9765
93.8551
93.7333
93.5866
93.3909
93.114
92.7283
92.2364
91.6824
91.146
90.7212
90.4891
90.4982
90.756
91.2315
91.8664
92.5895
93.3236
93.9928
94.5276
94.863
94.9507
94.7655
94.3183
93.6576
92.8649
92.0375
91.2728
90.6463
90.2029
89.9539
89.887
89.9804
90.2099
90.5548
90.9982
91.523
92.1054
92.7011
93.2428
93.6477
93.8438
93.8069
93.59
93.3236
93.1908
93.366
93.955
94.9595
96.2752
97.7306
99.1342
100.327
101.211
101.763
102.021
102.065
101.989
101.875
101.776
101.702
101.633
101.529
101.344
101.036
100.58
99.9795
99.2662
98.5007
97.7569
97.1138
96.6242
96.3041
96.1261
96.0311
95.9574
95.8648
95.7488
95.6392
95.5865
95.6501
95.8788
96.2985
96.9022
97.6436
98.4427
99.1953
99.7888
100.121
100.114
99.735
99.0119
98.0383
96.9578
95.9208
95.0388
94.3491
93.8183
93.3773
92.9711
92.5943
92.2985
92.1718
92.3016
92.7383
93.46
94.374
95.3391
96.2096
96.8695
97.2545
97.356
97.2085
96.8753
96.4227
95.9093
95.3684
94.8167
94.2703
93.7518
93.3034
92.9892
92.8806
93.0451
93.5283
94.3376
95.433
96.7302
98.1143
99.4583
100.64
101.56
102.151
102.373
102.218
101.704
100.877
99.8087
98.5977
97.3527
96.1822
95.179
94.399
93.8574
93.5305
93.367
93.3095
93.3103
93.344
93.4059
93.507
93.6662
93.8959
94.195
94.5398
94.8909
95.198
95.4138
95.5053
95.46
95.2887
95.0254
94.7238
94.4435
94.2406
94.1562
94.208
94.3861
94.6565
94.9655
95.2496
95.4536
95.5394
95.4937
95.3286
95.075
94.7695
94.4442
94.1159
93.7911
93.4686
93.1478
92.8325
92.5296
92.2466
91.9881
91.7548
91.5499
91.3798
91.2613
91.2194
91.2844
91.4856
91.8341
92.3198
92.9082
93.5439
94.1682
94.7323
95.2077
95.5891
95.8848
96.1089
96.2755
96.392
96.4654
96.5172
96.5886
96.7422
97.0382
97.5013
98.1003
98.7543
99.363
99.8298
100.078
100.056
99.7245
99.0535
98.032
96.6761
95.0514
93.2888
91.5815
90.1555
89.2158
88.8795
89.1391
89.8619
90.8362
91.8318
92.6485
93.14
93.2289
92.9068
92.2266
91.2893
90.2287
89.1874
88.2906
87.6312
87.2573
87.1741
87.3523
87.7429
88.2839
88.9061
89.5429
90.1351
90.6417
91.0418
91.3351
91.5371
91.6705
91.7567
91.8069
91.8038
91.6993
91.426
90.924
90.1727
89.2064
88.1155
87.0269
86.0797
85.3941
85.0526
85.0871
85.4761
86.1504
87.0105
87.9429
88.8346
89.5923
90.1472
90.4632
90.5397
90.4148
90.1611
89.8711
89.6386
89.5428
89.6375
89.9506
90.4958
91.2729
92.2633
93.4337
94.7327
96.0922
97.4344
98.6794
99.7562
100.611
101.208
101.528
101.57
101.344
100.879
100.224
99.442
98.607
97.7895
97.0379
96.3699
95.7689
95.1936
94.5983
93.9566
93.2713
92.5714
91.8946
91.2716
90.7076
90.183
89.6642
89.1231
88.5593
88.002
87.5139
87.1742
87.0527
87.1853
87.5635
88.1463
88.8829
89.7341
90.6816
91.7321
92.9015
94.2022
95.6311
97.161
98.742
100.296
101.733
102.963
103.909
104.524
104.803
104.774
104.49
104.004
103.352
102.541
101.544
100.321
98.8323
97.0592
95.0289
92.8295
90.6126
88.5806
86.9492
85.9022
85.5403
85.8538
86.731
87.9971
89.4632
90.9627
92.3709
93.6023
94.5984
95.3217
95.7599
95.9297
95.8784
95.6807
95.4229
95.1818
95.0004
94.8866
94.8127
94.7306
94.5908
94.3605
94.0261
93.5955
93.0878
92.519
91.8949
91.207
90.4431
89.6018
88.7038
87.7951
86.9471
86.2442
85.7677
85.5703
85.6657
86.0277
86.5997
87.3183
88.1311
89.0019
89.9067
90.8323
91.7633
92.6781
93.5486
94.3427
95.0246
95.5628
95.9286
96.1015
96.069
95.8168
95.3335
94.6112
93.6507
92.4693
91.1009
89.604
88.0596
86.5594
85.1914
84.0297
83.1253
82.5089
82.1919
82.1761
82.4573
83.0197
83.8319
84.8405
85.971
87.1373
88.253
89.2451
90.0654
90.6891
91.1067
91.3206
91.3316
91.1371
90.736
90.1397
89.3771
88.5025
87.5895
86.7252
85.9916
85.4514
85.1396
85.066
85.2202
85.5746
86.0951
86.7362
87.4321
88.0996
88.6484
89.0001
89.1072
88.9634
88.6014
88.0811
87.4787
86.8744
86.3461
85.9621
85.7717
85.7996
86.0394
86.4498
86.9659
87.5201
88.0649
88.5891
89.1145
89.6776
90.3038
90.9833
91.6754
92.3209
92.8589
93.2422
93.4461
93.4734
93.3503
93.1171
92.8123
92.4663
92.0957
91.7085
91.3043
90.8747
90.4021
89.8672
89.2529
88.5529
87.7722
86.9222
86.0245
85.1054
84.1928
83.3112
82.4777
81.698
80.9762
80.3208
79.7459
79.2678
78.8979
78.64
78.4878
78.4238
78.426
78.4795
78.5818
78.7447
78.9845
79.3096
79.7135
80.1763
80.6675
81.1585
81.6338
82.1059
82.6119
83.2122
83.9688
84.9194
86.057
87.3224
88.613
89.8092
90.799
91.5005
91.8668
91.8876
91.584
90.9925
90.1613
89.1478
88.018
86.8432
85.6989
84.661
83.7944
83.1468
82.7365
82.5538
82.5676
82.7367
83.0196
83.3791
83.7873
84.2212
84.6662
85.121
85.598
86.1141
86.6784
87.283
87.8953
88.4594
88.9076
89.173
89.2062
88.985
88.5232
87.869
87.0913
86.2671
85.4673
84.7488
84.1466
83.6727
83.3179
83.0572
82.8555
82.6702
82.4589
82.1875
81.834
81.3958
80.8929
80.3648
79.8624
79.4392
79.141
78.9922
78.997
79.1436
79.422
79.827
80.3593
81.02
81.7969
82.6613
83.5702
84.4713
85.3192
86.0833
86.7571
87.3565
87.9182
88.4877
89.1073
89.8029
90.5735
91.3873
92.1883
92.9049
93.4676
93.8276
93.9663
93.8979
93.6715
93.3635
93.0664
92.8706
92.851
93.0519
93.4775
94.0934
94.8379
95.6412
96.4393
97.1825
97.8365
98.3683
98.7412
98.9126
98.8371
98.4795
97.8226
96.8826
95.7139
94.4118
93.0992
91.9084
90.9547
90.3064
89.9659
89.8866
90.0011
90.2507
90.5933
91.0009
91.4384
91.8489
92.1707
92.3614
92.4135
92.3569
92.2483
92.1577
92.1447
92.2493
92.4849
92.8351
93.2599
93.7114
94.1529
94.5639
94.9445
95.3115
95.6913
96.1095
96.585
97.1211
97.705
98.3002
98.8556
99.3109
99.6033
99.6714
99.4626
98.9486
98.1338
97.0557
95.7956
94.4668
93.1941
92.0933
91.2429
90.6742
90.3715
90.2822
90.3385
90.4736
90.6367
90.7977
90.9543
91.1248
91.3415
91.6441
92.0655
92.6215
93.2968
94.0334
94.7338
95.2778
95.5487
95.4598
94.9743
94.1269
93.0286
91.8538
90.8052
90.0583
89.7047
89.7255
90.03
90.5184
91.1365
91.8782
92.7575
93.7682
94.8594
95.9377
96.8909
97.6197
98.0592
98.1851
98.012
97.5823
96.9477
96.1545
95.2349
94.1993
93.0427
91.7646
90.399
89.031
87.8003
86.8748
86.4044
86.4764
87.087
88.1563
89.554
91.1312
92.7324
94.2153
95.46
96.381
96.9357
97.1268
96.9977
96.6221
96.0866
95.4736
94.8455
94.239
93.6675
93.1305
92.6312
92.187
91.8349
91.6212
91.5863
91.7474
92.0896
92.5707
93.14
93.7537
94.3822
95.0115
95.6398
96.2642
96.8748
97.449
97.9545
98.3535
98.6094
98.6892
98.5615
98.1994
97.5868
96.7158
95.5875
94.2173
92.6341
90.8859
89.0489
87.2303
85.5733
84.2432
83.4007
83.1599
83.5481
84.4935
85.8418
87.3915
88.9436
90.3377
91.473
92.3162
92.8961
93.2817
93.5538
93.773
93.9603
94.0895
94.1084
93.9647
93.6222
93.0708
92.3205
91.4002
90.3505
89.2259
88.0983
87.0593
86.2248
85.7179
85.6436
86.052
86.9069
88.0798
89.3805
90.6029
91.577
92.2009
92.4444
92.3454
91.9888
91.4821
90.932
90.4315
90.0515
89.8441
89.8441
90.0693
90.5241
91.1944
92.0431
93.0118
94.0235
94.9902
95.8251
96.4546
96.8324
96.9504
96.8364
96.5508
96.1779
95.8097
95.5172
95.3368
95.2535
95.2109
95.1364
94.98
94.7485
94.518
94.422
94.5874
95.0678
95.8015
96.6316
97.3782
97.9
98.1289
98.0671
97.7571
97.2499
96.5955
95.832
94.985
94.0753
93.1167
92.1207
91.0909
90.0263
88.9253
87.7886
86.6277
85.4741
84.3824
83.4289
82.7008
82.2861
82.2479
82.6179
83.3817
84.4834
85.8301
87.312
88.8161
90.2382
91.4937
92.521
93.2774
93.7378
93.8912
93.7366
93.2886
92.5852
91.6937
90.7154
89.7667
88.9533
88.3453
87.9704
87.8234
87.8886
88.1517
88.5963
89.1994
89.9196
90.6992
91.4658
92.1438
92.6608
92.9604
93.0076
92.7887
92.3134
91.6102
90.7215
89.7027
88.6187
87.5425
178.654
175.969
172.569
168.636
164.339
159.833
155.272
150.833
146.714
143.134
140.296
138.372
137.473
137.645
138.862
141.036
144.005
147.545
151.363
155.123
158.476
161.112
162.789
163.37
162.834
161.287
158.967
156.218
153.423
150.879
148.692
146.775
144.952
143.095
141.193
139.345
137.711
136.473
135.822
135.926
136.882
138.667
141.127
143.991
146.931
149.641
151.897
153.572
154.616
155.022
154.794
153.947
152.532
150.663
148.514
146.307
144.27
142.582
141.331
140.518
140.09
139.996
140.217
140.776
141.714
143.062
144.819
146.941
149.329
151.827
154.219
156.246
157.647
158.195
157.757
156.34
154.108
151.388
148.633
146.301
144.703
143.873
143.632
143.768
144.195
144.927
145.952
147.133
148.203
148.872
148.938
148.396
147.456
146.451
145.662
145.18
144.928
144.784
144.705
144.76
145.101
145.913
147.348
149.442
152.055
154.866
157.452
159.41
160.439
160.386
159.279
157.324
154.87
152.308
149.952
147.987
146.496
145.516
145.06
145.109
145.596
146.408
147.384
148.341
149.098
149.505
149.453
148.88
147.773
146.205
144.394
142.745
141.758
141.775
142.772
144.428
146.381
148.387
150.308
152.038
153.452
154.411
154.81
154.629
153.97
153.04
152.112
151.446
151.217
151.481
152.178
153.164
154.242
155.2
155.845
156.037
155.703
154.83
153.457
151.648
149.479
147.034
144.392
141.651
138.938
136.406
134.227
132.559
131.518
131.17
131.543
132.645
134.476
137.013
140.17
143.761
147.498
151.031
154.014
156.159
157.271
157.269
156.198
154.24
151.706
148.978
146.419
144.295
142.723
141.695
141.139
140.993
141.248
141.939
143.091
144.67
146.579
148.697
150.902
153.071
155.078
156.797
158.129
159.032
159.532
159.705
159.639
159.379
158.886
158.046
156.749
155
152.982
151.067
149.716
149.334
150.105
151.919
154.406
157.074
159.445
161.177
162.088
162.141
161.406
160.021
158.166
156.05
153.879
151.825
150.006
148.473
147.22
146.192
145.312
144.49
143.64
142.702
141.671
140.616
139.685
139.064
138.917
139.319
140.226
141.492
142.927
144.358
145.659
146.771
147.679
148.424
149.097
149.791
150.508
151.101
151.331
150.993
150.023
148.533
146.763
145.012
143.554
142.583
142.181
142.328
142.942
143.939
145.265
146.879
148.696
150.535
152.14
153.246
153.654
153.283
152.182
150.507
148.497
146.429
144.592
143.252
142.59
142.647
143.294
144.272
145.292
146.124
146.654
146.899
146.983
147.096
147.434
148.128
149.203
150.599
152.207
153.926
155.666
157.324
158.765
159.831
160.366
160.25
159.43
157.931
155.857
153.381
150.722
148.122
145.802
143.933
142.603
141.783
141.335
141.04
140.666
140.036
139.096
137.948
136.851
136.157
136.2
137.162
138.98
141.331
143.724
145.66
146.781
146.982
146.404
145.315
143.964
142.5
141.002
139.522
138.098
136.739
135.447
134.254
133.233
132.452
131.9
131.467
131.03
130.573
130.259
130.397
131.292
133.07
135.574
138.404
141.081
143.222
144.625
145.277
145.309
144.927
144.37
143.866
143.61
143.733
144.308
145.346
146.815
148.65
150.761
153.034
155.331
157.498
159.371
160.783
161.58
161.649
160.955
159.584
157.75
155.742
153.83
152.158
150.717
149.402
148.115
146.816
145.51
144.216
142.948
141.732
140.635
139.781
139.328
139.419
140.115
141.357
142.95
144.608
146.012
146.903
147.145
146.776
146.004
145.142
144.487
144.217
144.35
144.776
145.341
145.899
146.36
146.69
146.916
147.119
147.419
147.916
148.644
149.561
150.581
151.629
152.65
153.602
154.429
155.056
155.387
155.341
154.873
154.009
152.846
151.53
150.229
149.1
148.243
147.702
147.453
147.417
147.479
147.512
147.393
147.018
146.328
145.317
144.03
142.548
140.972
139.408
137.958
136.722
135.805
135.344
135.524
136.514
138.333
140.807
143.669
146.696
149.762
152.804
155.763
158.549
161.039
163.097
164.603
165.465
165.615
165.018
163.663
161.581
158.876
155.746
152.491
149.48
147.072
145.525
144.917
145.123
145.866
146.808
147.645
148.17
148.288
148.006
147.406
146.614
145.772
144.991
144.317
143.705
143.041
142.189
141.057
139.63
137.992
136.311
134.809
133.725
133.289
133.658
134.847
136.684
138.82
140.83
142.342
143.137
143.188
142.666
141.898
141.302
141.241
141.858
143.001
144.327
145.503
146.341
146.817
147.004
146.991
146.845
146.608
146.312
145.994
145.698
145.456
145.288
145.199
145.19
145.28
145.5
145.903
146.552
147.489
148.693
150.047
151.379
152.517
153.328
153.707
153.583
152.92
151.781
150.389
149.094
148.182
147.661
147.281
146.783
146.119
145.476
145.109
145.161
145.564
146.108
146.574
146.845
146.932
146.911
146.858
146.792
146.667
146.409
145.98
145.415
144.828
144.351
144.067
143.967
143.96
143.944
143.89
143.858
143.923
144.067
144.17
144.096
143.804
143.37
142.94
142.647
142.558
142.642
142.786
142.846
142.7
142.293
141.643
140.821
139.896
138.927
137.969
137.116
136.515
136.337
136.71
137.634
138.97
140.468
141.882
143.058
143.996
144.83
145.745
146.866
148.199
149.637
151.011
152.137
152.842
152.979
152.449
151.238
149.43
147.207
144.831
142.618
140.902
139.949
139.889
140.706
142.29
144.472
146.998
149.522
151.651
153.039
153.451
152.796
151.109
148.529
145.269
141.599
137.806
134.176
130.959
128.374
126.626
125.913
126.36
127.927
130.393
133.452
136.823
140.298
143.721
146.964
149.92
152.504
154.661
156.335
157.448
157.902
157.594
156.469
154.568
152.048
149.144
146.113
143.16
140.44
138.081
136.197
134.864
134.085
133.799
133.957
134.548
135.575
137.007
138.748
140.664
142.61
144.456
146.087
147.402
148.314
148.765
148.756
148.34
147.614
146.707
145.755
144.885
144.194
143.728
143.479
143.387
143.371
143.36
143.316
143.241
143.145
143.021
142.825
142.479
141.897
141.027
139.896
138.625
137.402
136.405
135.726
135.353
135.24
135.373
135.811
136.645
137.937
139.669
141.741
144.01
146.336
148.625
150.848
153.018
155.159
157.265
159.273
161.051
162.41
163.157
163.144
162.322
160.78
158.735
156.489
154.353
152.574
151.279
150.472
150.068
149.956
150.076
150.459
151.22
152.499
154.343
156.604
158.914
160.814
161.938
162.135
161.481
160.195
158.528
156.678
154.765
152.862
151.039
149.396
148.069
147.193
146.846
146.993
147.464
147.971
148.197
147.886
146.915
145.326
143.296
141.091
138.997
137.271
136.108
135.619
135.831
136.683
138.04
139.723
141.522
143.223
144.63
145.606
146.126
146.289
146.307
146.441
146.912
147.815
149.106
150.62
152.141
153.46
154.416
154.929
154.999
154.695
154.123
153.416
152.7
152.067
151.553
151.136
150.772
150.43
150.099
149.788
149.533
149.399
149.47
149.809
150.386
151.047
151.549
151.659
151.27
150.477
149.561
148.858
148.579
148.716
149.108
149.569
149.971
150.232
150.288
150.064
149.489
148.527
147.205
145.599
143.831
142.078
140.608
139.757
139.798
140.775
142.442
144.366
146.113
147.382
148.073
148.267
148.152
147.953
147.873
148.061
148.572
149.346
150.219
150.984
151.471
151.605
151.433
151.089
150.732
150.476
150.344
150.272
150.157
149.936
149.626
149.332
149.182
149.278
149.643
150.212
150.843
151.349
151.544
151.29
150.543
149.404
148.153
147.187
146.827
147.11
147.746
148.321
148.528
148.266
147.61
146.708
145.703
144.689
143.71
142.783
141.925
141.175
140.606
140.304
140.345
140.764
141.538
142.589
143.801
145.035
146.154
147.053
147.693
148.095
148.341
148.549
148.867
149.443
150.4
151.795
153.588
155.658
157.821
159.871
161.612
162.888
163.599
163.7
163.197
162.135
160.59
158.66
156.449
154.06
151.604
149.242
147.208
145.764
145.068
145.045
145.408
145.823
146.075
146.099
145.931
145.634
145.257
144.851
144.486
144.254
144.214
144.355
144.589
144.813
144.972
145.08
145.192
145.368
145.634
145.972
146.342
146.675
146.874
146.824
146.417
145.595
144.382
142.892
141.311
139.852
138.697
137.964
137.676
137.787
138.204
138.826
139.569
140.376
141.202
141.979
142.625
143.061
143.252
143.233
143.115
143.055
143.195
143.6
144.208
144.816
145.126
144.834
143.735
141.806
139.249
136.469
134.004
132.356
131.773
132.148
133.148
134.426
135.757
137.066
138.379
139.77
141.316
143.059
144.972
146.967
148.911
150.673
152.146
153.266
154.004
154.347
154.287
153.83
153.011
151.914
150.668
149.434
148.382
147.665
147.389
147.577
180.914
181.214
181.122
180.532
179.377
177.636
175.347
172.638
169.696
166.74
163.98
161.569
159.591
158.078
157.09
156.786
157.368
158.931
161.343
164.227
167.09
169.499
171.216
172.212
172.588
172.466
171.909
170.901
169.379
167.338
164.931
162.493
160.463
159.24
159.05
159.898
161.595
163.856
166.373
168.861
171.103
173.027
174.747
176.451
178.174
179.682
180.623
180.746
179.993
178.472
176.386
173.998
171.588
169.439
167.793
166.785
166.405
166.51
166.89
167.369
167.851
168.308
168.757
169.231
169.776
170.432
171.204
172.035
172.825
173.475
173.926
174.2
174.404
174.698
175.222
175.999
176.871
177.54
177.688
177.104
175.752
173.783
171.502
169.313
167.6
166.553
166.091
165.958
165.932
165.963
166.18
166.796
167.952
169.609
171.548
173.47
175.125
176.395
177.306
177.954
178.397
178.593
178.437
177.847
176.845
175.575
174.248
173.058
172.11
171.381
170.741
170.031
169.127
167.981
166.625
165.146
163.638
162.159
160.707
159.217
157.602
155.785
153.755
151.62
149.631
148.147
147.559
148.159
150.001
152.839
156.204
159.576
162.56
164.998
166.969
168.698
170.417
172.201
173.92
175.305
176.107
176.213
175.673
174.645
173.336
171.967
170.753
169.881
169.481
169.589
170.11
170.806
171.365
171.516
171.107
170.118
168.639
166.857
165.045
163.487
162.42
161.998
162.286
163.279
164.874
166.86
168.954
170.845
172.248
172.916
172.643
171.285
168.81
165.364
161.361
157.514
154.697
153.592
154.325
156.438
159.202
161.955
164.283
166.014
167.167
167.885
168.36
168.767
169.192
169.6
169.868
169.895
169.696
169.398
169.146
168.999
168.916
168.779
168.44
167.746
166.594
164.975
163.005
160.929
159.076
157.779
157.277
157.635
158.726
160.283
161.983
163.517
164.65
165.243
165.248
164.697
163.69
162.373
160.912
159.446
158.064
156.776
155.539
154.292
153.004
151.704
150.475
149.416
148.591
148.007
147.63
147.45
147.527
147.997
149.024
150.753
153.267
156.55
160.447
164.653
168.754
172.297
174.882
176.244
176.318
175.253
173.394
171.226
169.272
167.946
167.453
167.76
168.676
169.947
171.322
172.559
173.418
173.693
173.297
172.316
171.018
169.765
168.857
168.391
168.234
168.136
167.878
167.348
166.524
165.451
164.22
162.97
161.844
160.954
160.369
160.151
160.387
161.17
162.52
164.33
166.379
168.438
170.358
172.108
173.729
175.255
176.668
177.908
178.901
179.568
179.815
179.535
178.644
177.127
175.056
172.567
169.815
166.934
164.025
161.166
158.45
156.021
154.063
152.75
152.195
152.411
153.327
154.835
156.804
159.065
161.418
163.682
165.76
167.64
169.345
170.839
172.003
172.659
172.655
171.943
170.625
168.955
167.276
165.904
165.031
164.701
164.81
165.158
165.507
165.658
165.514
165.114
164.624
164.272
164.275
164.757
165.71
167.024
168.539
170.072
171.397
172.229
172.274
171.356
169.596
167.475
165.612
164.342
163.547
162.926
162.293
161.608
160.885
160.174
159.594
159.358
159.739
160.953
163.053
165.86
169.01
172.11
174.864
177.135
178.905
180.199
181.033
181.384
181.206
180.471
179.186
177.401
175.207
172.748
170.231
167.922
166.134
165.155
165.133
165.963
167.311
168.765
169.962
170.66
170.79
170.514
170.221
170.432
171.599
173.889
177.079
180.635
183.904
186.325
187.557
187.554
186.54
184.916
183.113
181.42
179.894
178.407
176.813
175.131
173.642
172.81
173.036
174.396
176.562
178.974
181.087
182.53
183.154
182.99
182.197
181.004
179.638
178.271
176.976
175.73
174.446
173.015
171.357
169.44
167.281
164.941
162.531
160.234
158.318
157.073
156.723
157.328
158.748
160.697
162.845
164.915
166.745
168.314
169.734
171.19
172.87
174.864
177.122
179.469
181.684
183.565
184.965
185.787
185.975
185.53
184.532
183.16
181.67
180.304
179.18
178.217
177.187
175.902
174.35
172.713
171.241
170.098
169.273
168.609
167.874
166.851
165.415
163.579
161.485
159.363
157.455
155.957
154.995
154.633
154.899
155.802
157.313
159.331
161.654
163.984
166.009
167.478
168.263
168.375
167.954
167.211
166.362
165.564
164.895
164.356
163.917
163.565
163.33
163.281
163.501
164.055
164.956
166.121
167.325
168.237
168.534
168.016
166.663
164.625
162.162
159.572
157.133
155.091
153.683
153.14
153.635
155.175
157.552
160.374
163.177
165.547
167.192
167.983
167.968
167.352
166.463
165.674
165.288
165.414
165.918
166.475
166.711
166.363
165.373
163.907
162.315
161.063
160.619
161.31
163.209
166.114
169.64
173.345
176.799
179.626
181.52
182.27
181.81
180.249
177.897
175.231
172.796
171.029
170.097
169.855
169.955
170.018
169.809
169.309
168.677
168.108
167.707
167.453
167.266
167.073
166.823
166.469
165.959
165.26
164.39
163.431
162.52
161.802
161.392
161.336
161.594
162.04
162.494
162.782
162.821
162.647
162.419
162.36
162.691
163.562
164.978
166.775
168.647
170.243
171.279
171.639
171.392
170.748
169.978
169.316
168.898
168.771
168.961
169.578
170.88
173.151
176.413
180.28
184.122
187.338
189.509
190.406
189.941
188.149
185.144
181.12
176.328
171.072
165.69
160.534
155.947
152.255
149.757
148.66
148.919
150.166
151.891
153.742
155.649
157.704
159.93
162.153
164.057
165.3
165.617
164.921
163.407
161.585
160.17
159.783
160.698
162.812
165.827
169.393
173.177
176.845
180.08
182.605
184.205
184.753
184.231
182.738
180.448
177.568
174.287
170.751
167.091
163.458
160.04
157.049
154.666
152.99
152.021
151.702
151.976
152.817
154.204
156.073
158.29
160.661
162.989
165.124
167.006
168.652
170.11
171.41
172.538
173.466
174.167
174.607
174.713
174.39
173.582
172.334
170.797
169.195
167.771
166.743
166.274
166.456
167.292
168.678
170.419
172.249
173.865
175.008
175.518
175.385
174.73
173.746
172.603
171.367
169.986
168.353
166.4
164.179
161.886
159.807
158.22
157.284
156.992
157.204
157.734
158.415
159.139
159.864
160.586
161.322
162.082
162.863
163.654
164.441
165.22
165.991
166.761
167.538
168.309
169.036
169.678
170.206
170.585
170.739
170.59
170.128
169.485
168.947
168.846
169.397
170.566
172.049
173.401
174.214
174.236
173.411
171.876
169.937
168.013
166.563
165.966
166.377
167.651
169.403
171.171
172.546
173.198
172.888
171.51
169.159
166.191
163.198
160.871
159.753
160.056
161.624
164.044
166.791
169.324
171.19
172.126
172.122
171.387
170.222
168.896
167.613
166.533
165.79
165.498
165.776
166.739
168.382
170.449
172.469
173.972
174.674
174.506
173.539
171.916
169.814
167.451
165.108
163.111
161.776
161.305
161.704
162.764
164.136
165.469
166.519
167.166
167.398
167.263
166.824
166.12
165.136
163.835
162.21
160.351
158.457
156.787
155.628
155.272
155.927
157.582
159.946
162.561
164.988
166.938
168.293
169.065
169.331
169.173
168.656
167.826
166.73
165.442
164.074
162.772
161.675
160.885
160.433
160.277
160.317
160.426
160.482
160.394
160.106
159.602
158.897
158.015
156.984
155.858
154.768
153.989
153.932
155.002
157.361
160.787
164.77
168.708
172.047
174.349
175.311
174.792
172.834
169.677
165.78
161.805
158.516
156.573
156.323
157.706
160.331
163.666
167.207
170.566
173.488
175.847
177.626
178.894
179.768
180.361
180.749
180.963
181.023
180.962
180.823
180.634
180.391
180.049
179.541
178.799
177.765
176.398
174.686
172.685
170.541
168.449
166.537
164.814
163.236
161.79
160.546
159.633
159.176
159.225
159.722
160.506
161.379
162.192
162.866
163.382
163.711
163.808
163.661
163.337
162.946
162.584
162.275
161.968
161.593
161.125
160.627
160.229
160.067
160.208
160.626
161.22
161.858
162.417
162.786
162.892
162.766
162.637
162.948
164.179
166.536
169.782
173.379
176.727
179.341
180.891
181.186
180.171
177.947
174.804
171.219
167.803
165.159
163.723
163.687
165.045
167.616
171.017
174.648
177.81
179.908
180.61
179.882
177.951
175.22
172.137
169.078
166.276
163.84
161.853
160.45
159.814
160.107
161.389
163.596
166.572
170.091
173.853
177.48
180.524
182.514
183.059
181.967
179.332
175.554
171.257
167.15
163.899
162.013
161.728
162.934
165.238
168.112
171.008
173.456
175.13
175.871
175.696
174.762
173.305
171.574
169.766
168.003
166.316
164.684
163.1
161.621
160.393
159.595
159.368
159.749
160.645
161.868
163.182
164.354
165.184
165.54
165.42
165.017
164.696
164.827
165.535
166.606
167.638
168.274
