3.85889e-20
3.84912e-20
3.83152e-20
3.80492e-20
3.76779e-20
3.71809e-20
3.65319e-20
3.57047e-20
3.467e-20
3.34049e-20
3.18972e-20
3.01571e-20
2.8227e-20
2.61868e-20
2.41477e-20
2.22435e-20
2.05994e-20
1.93092e-20
1.84201e-20
1.79316e-20
1.78054e-20
1.79752e-20
1.83671e-20
1.89019e-20
1.95112e-20
2.01365e-20
2.07343e-20
2.12722e-20
2.17351e-20
2.21139e-20
2.24095e-20
2.2627e-20
2.27699e-20
2.28399e-20
2.28365e-20
2.276e-20
2.26119e-20
2.23974e-20
2.21303e-20
2.18316e-20
2.15257e-20
2.12405e-20
2.10062e-20
2.08483e-20
2.07879e-20
2.08326e-20
2.09695e-20
2.11754e-20
2.14154e-20
2.16564e-20
2.18712e-20
2.20409e-20
2.21535e-20
2.22048e-20
2.21963e-20
2.21371e-20
2.2044e-20
2.19386e-20
2.18418e-20
2.17723e-20
2.17423e-20
2.17556e-20
2.18073e-20
2.18874e-20
2.19835e-20
2.20823e-20
2.21728e-20
2.22456e-20
2.22928e-20
2.23092e-20
2.22894e-20
2.22292e-20
2.21264e-20
2.19831e-20
2.18066e-20
2.16103e-20
2.14158e-20
2.1245e-20
2.11125e-20
2.10237e-20
2.09698e-20
2.09372e-20
2.09128e-20
2.08882e-20
2.08582e-20
2.08174e-20
2.07601e-20
2.06792e-20
2.05746e-20
2.04569e-20
2.03426e-20
2.02516e-20
2.0201e-20
2.02014e-20
2.02541e-20
2.03536e-20
2.04874e-20
2.06399e-20
2.07943e-20
2.09352e-20
2.10481e-20
2.11179e-20
2.11354e-20
2.10942e-20
2.09976e-20
2.08555e-20
2.06859e-20
2.05085e-20
2.03448e-20
2.02102e-20
2.01157e-20
2.00619e-20
2.00466e-20
2.00657e-20
2.01147e-20
2.0187e-20
2.02805e-20
2.03908e-20
2.05142e-20
2.06405e-20
2.07553e-20
2.08405e-20
2.08809e-20
2.08708e-20
2.08212e-20
2.07609e-20
2.07279e-20
2.07609e-20
2.08819e-20
2.10919e-20
2.13684e-20
2.16751e-20
2.19719e-20
2.22221e-20
2.24083e-20
2.25231e-20
2.25758e-20
2.25838e-20
2.25666e-20
2.25419e-20
2.25211e-20
2.25063e-20
2.24932e-20
2.24737e-20
2.2437e-20
2.23743e-20
2.22804e-20
2.21561e-20
2.20079e-20
2.18482e-20
2.16928e-20
2.1558e-20
2.14567e-20
2.13916e-20
2.13562e-20
2.13386e-20
2.13255e-20
2.13079e-20
2.12846e-20
2.12621e-20
2.12509e-20
2.1264e-20
2.13132e-20
2.14026e-20
2.15316e-20
2.16901e-20
2.1861e-20
2.20225e-20
2.21513e-20
2.22243e-20
2.22249e-20
2.21464e-20
2.19947e-20
2.17889e-20
2.15607e-20
2.13407e-20
2.11536e-20
2.10067e-20
2.08941e-20
2.08e-20
2.07128e-20
2.06305e-20
2.05652e-20
2.05356e-20
2.05597e-20
2.06494e-20
2.07999e-20
2.09916e-20
2.11949e-20
2.13784e-20
2.15171e-20
2.15981e-20
2.16176e-20
2.15849e-20
2.15131e-20
2.14159e-20
2.13064e-20
2.11914e-20
2.10727e-20
2.09569e-20
2.08465e-20
2.07513e-20
2.06838e-20
2.066e-20
2.0694e-20
2.07951e-20
2.09656e-20
2.1197e-20
2.14713e-20
2.1763e-20
2.2047e-20
2.22972e-20
2.24921e-20
2.26168e-20
2.26638e-20
2.26304e-20
2.25205e-20
2.23445e-20
2.21174e-20
2.18595e-20
2.15947e-20
2.13472e-20
2.11354e-20
2.0971e-20
2.08583e-20
2.07923e-20
2.07611e-20
2.07524e-20
2.07561e-20
2.07671e-20
2.07836e-20
2.08088e-20
2.08464e-20
2.08995e-20
2.09665e-20
2.10441e-20
2.11229e-20
2.11925e-20
2.12428e-20
2.12669e-20
2.12615e-20
2.1229e-20
2.11769e-20
2.11166e-20
2.10602e-20
2.10201e-20
2.10061e-20
2.10209e-20
2.10627e-20
2.11245e-20
2.11948e-20
2.12595e-20
2.13076e-20
2.13303e-20
2.13253e-20
2.12946e-20
2.12448e-20
2.1184e-20
2.1119e-20
2.10532e-20
2.09881e-20
2.09233e-20
2.08582e-20
2.0794e-20
2.0733e-20
2.0675e-20
2.06215e-20
2.05728e-20
2.05295e-20
2.04934e-20
2.04671e-20
2.04561e-20
2.0468e-20
2.0508e-20
2.05797e-20
2.06818e-20
2.08048e-20
2.09374e-20
2.10673e-20
2.11842e-20
2.12829e-20
2.13613e-20
2.14218e-20
2.14669e-20
2.14992e-20
2.15213e-20
2.15341e-20
2.15424e-20
2.15545e-20
2.15834e-20
2.16425e-20
2.1738e-20
2.18631e-20
2.20002e-20
2.21284e-20
2.22269e-20
2.22791e-20
2.22733e-20
2.2202e-20
2.20581e-20
2.18395e-20
2.15495e-20
2.12016e-20
2.08241e-20
2.04574e-20
2.01505e-20
1.99468e-20
1.9872e-20
1.99242e-20
2.0075e-20
2.02805e-20
2.04895e-20
2.06611e-20
2.07636e-20
2.07798e-20
2.07076e-20
2.05603e-20
2.03579e-20
2.01294e-20
1.99053e-20
1.97122e-20
1.95705e-20
1.949e-20
1.94711e-20
1.95082e-20
1.95917e-20
1.97076e-20
1.98407e-20
1.99771e-20
2.01048e-20
2.02136e-20
2.02999e-20
2.03643e-20
2.04101e-20
2.04415e-20
2.04633e-20
2.04787e-20
2.04824e-20
2.04655e-20
2.04132e-20
2.03122e-20
2.01577e-20
1.99562e-20
1.97276e-20
1.94988e-20
1.93001e-20
1.91559e-20
1.90846e-20
1.90928e-20
1.91759e-20
1.9319e-20
1.95019e-20
1.97e-20
1.98879e-20
2.00481e-20
2.01654e-20
2.02315e-20
2.02452e-20
2.02154e-20
2.01576e-20
2.00922e-20
2.00391e-20
2.0014e-20
2.00293e-20
2.0091e-20
2.02028e-20
2.03632e-20
2.05694e-20
2.08142e-20
2.10867e-20
2.13723e-20
2.16544e-20
2.19161e-20
2.21426e-20
2.23221e-20
2.24476e-20
2.25157e-20
2.25242e-20
2.24765e-20
2.23784e-20
2.22404e-20
2.20753e-20
2.18998e-20
2.17284e-20
2.15718e-20
2.1433e-20
2.13093e-20
2.1191e-20
2.10691e-20
2.09372e-20
2.07961e-20
2.0651e-20
2.05106e-20
2.03814e-20
2.02659e-20
2.01583e-20
2.00523e-20
1.99407e-20
1.98248e-20
1.97094e-20
1.96075e-20
1.95379e-20
1.95139e-20
1.95438e-20
1.96253e-20
1.97496e-20
1.99064e-20
2.00864e-20
2.02867e-20
2.05075e-20
2.07532e-20
2.10268e-20
2.13274e-20
2.16492e-20
2.19824e-20
2.23089e-20
2.26111e-20
2.28689e-20
2.30672e-20
2.31954e-20
2.32524e-20
2.32441e-20
2.31826e-20
2.30787e-20
2.294e-20
2.27685e-20
2.2559e-20
2.23019e-20
2.1988e-20
2.16136e-20
2.11837e-20
2.0718e-20
2.0248e-20
1.98168e-20
1.94704e-20
1.92493e-20
1.91737e-20
1.92422e-20
1.9431e-20
1.97023e-20
2.00162e-20
2.03366e-20
2.06371e-20
2.09007e-20
2.1114e-20
2.12684e-20
2.13631e-20
2.13992e-20
2.13883e-20
2.13463e-20
2.12914e-20
2.12414e-20
2.12043e-20
2.11817e-20
2.11687e-20
2.11546e-20
2.11281e-20
2.10829e-20
2.10159e-20
2.09286e-20
2.0826e-20
2.07105e-20
2.05841e-20
2.04429e-20
2.02862e-20
2.0112e-20
1.99242e-20
1.97335e-20
1.95554e-20
1.94076e-20
1.93057e-20
1.92636e-20
1.92822e-20
1.93573e-20
1.94764e-20
1.96263e-20
1.97946e-20
1.99753e-20
2.0163e-20
2.03561e-20
2.05484e-20
2.07375e-20
2.09174e-20
2.10811e-20
2.12212e-20
2.1331e-20
2.14047e-20
2.14379e-20
2.14278e-20
2.1372e-20
2.12668e-20
2.11115e-20
2.09057e-20
2.0653e-20
2.03612e-20
2.0042e-20
1.97133e-20
1.93937e-20
1.91025e-20
1.88556e-20
1.86632e-20
1.85328e-20
1.84655e-20
1.84632e-20
1.85237e-20
1.86443e-20
1.88181e-20
1.90343e-20
1.92772e-20
1.95281e-20
1.9768e-20
1.99821e-20
2.01587e-20
2.02936e-20
2.03849e-20
2.04335e-20
2.04383e-20
2.03991e-20
2.0316e-20
2.01906e-20
2.00298e-20
1.98448e-20
1.96523e-20
1.94693e-20
1.93142e-20
1.91998e-20
1.91345e-20
1.91192e-20
1.9153e-20
1.92295e-20
1.93419e-20
1.94799e-20
1.96303e-20
1.97749e-20
1.98939e-20
1.99712e-20
1.99961e-20
1.99676e-20
1.98927e-20
1.9784e-20
1.96575e-20
1.95307e-20
1.94207e-20
1.93407e-20
1.93026e-20
1.931e-20
1.93634e-20
1.94529e-20
1.9564e-20
1.9683e-20
1.98005e-20
1.99133e-20
2.00254e-20
2.01458e-20
2.02791e-20
2.04248e-20
2.05736e-20
2.0712e-20
2.08273e-20
2.09099e-20
2.09544e-20
2.09609e-20
2.09361e-20
2.08874e-20
2.08236e-20
2.07518e-20
2.0674e-20
2.05936e-20
2.05096e-20
2.04214e-20
2.03229e-20
2.02118e-20
2.00843e-20
1.99387e-20
1.97752e-20
1.95969e-20
1.94086e-20
1.92155e-20
1.90237e-20
1.88385e-20
1.86626e-20
1.84975e-20
1.83451e-20
1.82057e-20
1.80833e-20
1.79821e-20
1.79039e-20
1.78484e-20
1.78158e-20
1.7801e-20
1.78005e-20
1.78113e-20
1.78313e-20
1.78653e-20
1.79156e-20
1.79838e-20
1.80685e-20
1.81664e-20
1.82698e-20
1.8373e-20
1.84733e-20
1.85719e-20
1.86775e-20
1.88034e-20
1.89624e-20
1.91635e-20
1.94047e-20
1.96734e-20
1.99487e-20
2.02041e-20
2.04169e-20
2.05687e-20
2.06491e-20
2.06558e-20
2.0594e-20
2.04717e-20
2.02985e-20
2.0087e-20
1.98503e-20
1.9604e-20
1.93638e-20
1.91464e-20
1.89644e-20
1.88286e-20
1.87424e-20
1.87038e-20
1.87058e-20
1.87399e-20
1.87977e-20
1.88699e-20
1.89513e-20
1.90371e-20
1.91245e-20
1.92135e-20
1.93063e-20
1.9408e-20
1.95197e-20
1.96409e-20
1.9764e-20
1.9878e-20
1.99679e-20
2.00199e-20
2.00231e-20
1.99725e-20
1.98709e-20
1.9729e-20
1.95604e-20
1.93827e-20
1.92109e-20
1.90563e-20
1.89272e-20
1.88254e-20
1.87484e-20
1.8692e-20
1.86486e-20
1.86096e-20
1.85648e-20
1.85072e-20
1.84321e-20
1.83396e-20
1.82323e-20
1.81196e-20
1.80126e-20
1.79222e-20
1.78585e-20
1.78266e-20
1.78273e-20
1.78583e-20
1.7917e-20
1.80027e-20
1.81153e-20
1.82552e-20
1.84195e-20
1.86021e-20
1.87946e-20
1.89851e-20
1.91639e-20
1.93253e-20
1.9467e-20
1.95918e-20
1.97098e-20
1.98295e-20
1.99596e-20
2.01058e-20
2.02684e-20
2.04405e-20
2.06099e-20
2.07612e-20
2.08801e-20
2.09556e-20
2.09839e-20
2.09676e-20
2.09176e-20
2.08488e-20
2.07822e-20
2.0737e-20
2.07299e-20
2.07694e-20
2.08578e-20
2.09866e-20
2.11432e-20
2.13126e-20
2.14807e-20
2.16388e-20
2.17775e-20
2.18903e-20
2.19697e-20
2.20063e-20
2.19908e-20
2.19156e-20
2.17778e-20
2.15791e-20
2.13317e-20
2.10561e-20
2.07782e-20
2.05264e-20
2.03254e-20
2.019e-20
2.01206e-20
2.01075e-20
2.01356e-20
2.01925e-20
2.02696e-20
2.036e-20
2.04578e-20
2.05493e-20
2.06209e-20
2.0665e-20
2.06785e-20
2.06688e-20
2.06478e-20
2.06299e-20
2.06277e-20
2.06512e-20
2.07015e-20
2.07771e-20
2.08682e-20
2.09642e-20
2.10582e-20
2.11456e-20
2.12266e-20
2.13038e-20
2.13837e-20
2.14712e-20
2.15716e-20
2.16841e-20
2.18079e-20
2.19346e-20
2.20533e-20
2.21514e-20
2.22158e-20
2.22326e-20
2.21904e-20
2.20834e-20
2.19132e-20
2.16861e-20
2.14201e-20
2.11397e-20
2.08713e-20
2.06388e-20
2.04593e-20
2.0339e-20
2.02753e-20
2.02567e-20
2.0269e-20
2.02975e-20
2.03316e-20
2.03648e-20
2.0396e-20
2.04305e-20
2.04743e-20
2.05362e-20
2.06239e-20
2.07409e-20
2.08839e-20
2.10403e-20
2.11891e-20
2.1305e-20
2.13624e-20
2.13439e-20
2.12408e-20
2.10595e-20
2.08246e-20
2.05721e-20
2.03464e-20
2.01842e-20
2.01059e-20
2.0107e-20
2.01685e-20
2.02691e-20
2.03969e-20
2.05512e-20
2.07341e-20
2.09469e-20
2.11757e-20
2.14032e-20
2.16049e-20
2.17592e-20
2.18521e-20
2.18785e-20
2.18422e-20
2.17518e-20
2.16178e-20
2.14509e-20
2.12575e-20
2.10395e-20
2.07966e-20
2.05271e-20
2.02385e-20
1.99494e-20
1.96888e-20
1.94923e-20
1.93922e-20
1.94069e-20
1.95367e-20
1.9764e-20
2.00609e-20
2.03958e-20
2.07364e-20
2.10513e-20
2.13151e-20
2.15103e-20
2.1627e-20
2.16661e-20
2.16369e-20
2.15549e-20
2.14395e-20
2.13072e-20
2.11719e-20
2.10416e-20
2.09188e-20
2.08032e-20
2.06953e-20
2.05986e-20
2.05213e-20
2.04739e-20
2.04642e-20
2.0496e-20
2.05664e-20
2.06667e-20
2.07857e-20
2.09147e-20
2.10464e-20
2.11795e-20
2.13118e-20
2.14436e-20
2.15724e-20
2.16943e-20
2.18018e-20
2.18876e-20
2.19436e-20
2.19622e-20
2.19378e-20
2.18632e-20
2.17354e-20
2.15535e-20
2.13161e-20
2.10274e-20
2.06931e-20
2.03226e-20
1.99334e-20
1.9547e-20
1.91946e-20
1.891e-20
1.87294e-20
1.86772e-20
1.87571e-20
1.89568e-20
1.92422e-20
1.95707e-20
1.98993e-20
2.01944e-20
2.04343e-20
2.06125e-20
2.07352e-20
2.08165e-20
2.08736e-20
2.09206e-20
2.09616e-20
2.09913e-20
2.09976e-20
2.09693e-20
2.08997e-20
2.07854e-20
2.06286e-20
2.0435e-20
2.02142e-20
1.99762e-20
1.97372e-20
1.95174e-20
1.93398e-20
1.92318e-20
1.92161e-20
1.93029e-20
1.94848e-20
1.9735e-20
2.00126e-20
2.02735e-20
2.04815e-20
2.06143e-20
2.06661e-20
2.06449e-20
2.05684e-20
2.04603e-20
2.03425e-20
2.0235e-20
2.0154e-20
2.01096e-20
2.01104e-20
2.0159e-20
2.02564e-20
2.03996e-20
2.05814e-20
2.07883e-20
2.10052e-20
2.12115e-20
2.139e-20
2.15247e-20
2.1606e-20
2.16308e-20
2.16065e-20
2.1545e-20
2.14645e-20
2.13849e-20
2.13216e-20
2.12822e-20
2.12625e-20
2.12509e-20
2.12328e-20
2.1196e-20
2.11435e-20
2.10903e-20
2.10657e-20
2.10955e-20
2.11935e-20
2.13458e-20
2.1519e-20
2.16738e-20
2.17818e-20
2.18271e-20
2.18097e-20
2.17402e-20
2.1629e-20
2.14873e-20
2.13222e-20
2.11401e-20
2.09448e-20
2.07395e-20
2.05272e-20
2.03078e-20
2.00814e-20
1.98475e-20
1.96063e-20
1.93599e-20
1.91146e-20
1.88824e-20
1.86794e-20
1.85241e-20
1.84355e-20
1.84277e-20
1.8507e-20
1.86698e-20
1.89052e-20
1.91928e-20
1.9509e-20
1.98315e-20
2.0136e-20
2.04047e-20
2.06246e-20
2.07868e-20
2.08863e-20
2.09204e-20
2.08893e-20
2.07956e-20
2.06467e-20
2.04581e-20
2.02512e-20
2.00496e-20
1.98769e-20
1.9748e-20
1.9668e-20
1.96364e-20
1.96497e-20
1.97054e-20
1.97996e-20
1.99277e-20
2.00813e-20
2.02474e-20
2.04108e-20
2.05555e-20
2.06672e-20
2.07324e-20
2.07442e-20
2.07002e-20
2.06011e-20
2.04534e-20
2.02662e-20
2.00515e-20
1.98227e-20
1.95957e-20
4.04953e-20
3.99301e-20
3.92124e-20
3.83813e-20
3.74734e-20
3.65213e-20
3.55573e-20
3.46178e-20
3.37458e-20
3.29871e-20
3.23856e-20
3.19775e-20
3.17867e-20
3.18236e-20
3.20825e-20
3.25452e-20
3.31772e-20
3.39308e-20
3.47446e-20
3.55468e-20
3.62624e-20
3.68252e-20
3.71844e-20
3.73097e-20
3.71971e-20
3.68696e-20
3.63778e-20
3.57948e-20
3.52026e-20
3.46644e-20
3.42031e-20
3.38001e-20
3.34171e-20
3.30265e-20
3.26247e-20
3.22324e-20
3.18839e-20
3.16179e-20
3.14758e-20
3.14933e-20
3.1692e-20
3.20673e-20
3.25868e-20
3.31925e-20
3.38148e-20
3.43877e-20
3.4865e-20
3.52195e-20
3.54402e-20
3.55245e-20
3.54746e-20
3.52925e-20
3.49887e-20
3.45891e-20
3.41302e-20
3.36589e-20
3.32233e-20
3.28628e-20
3.25955e-20
3.2421e-20
3.23276e-20
3.23047e-20
3.23481e-20
3.24637e-20
3.2659e-20
3.29409e-20
3.33096e-20
3.37561e-20
3.42593e-20
3.4788e-20
3.52945e-20
3.57245e-20
3.60214e-20
3.61365e-20
3.60415e-20
3.57376e-20
3.52595e-20
3.46773e-20
3.40867e-20
3.35872e-20
3.32449e-20
3.3067e-20
3.30159e-20
3.30447e-20
3.31348e-20
3.32895e-20
3.35079e-20
3.37603e-20
3.39897e-20
3.4134e-20
3.41497e-20
3.40363e-20
3.3837e-20
3.36231e-20
3.34569e-20
3.33565e-20
3.33058e-20
3.32784e-20
3.32636e-20
3.3277e-20
3.33508e-20
3.35244e-20
3.38299e-20
3.42766e-20
3.48344e-20
3.5435e-20
3.5989e-20
3.64071e-20
3.66284e-20
3.66186e-20
3.63833e-20
3.59661e-20
3.5442e-20
3.48953e-20
3.43933e-20
3.39747e-20
3.36586e-20
3.34519e-20
3.33574e-20
3.3372e-20
3.34805e-20
3.36585e-20
3.38737e-20
3.40847e-20
3.4253e-20
3.43469e-20
3.43421e-20
3.42273e-20
3.39973e-20
3.36677e-20
3.3285e-20
3.2936e-20
3.27275e-20
3.27335e-20
3.29485e-20
3.33049e-20
3.3724e-20
3.41549e-20
3.45663e-20
3.49369e-20
3.52403e-20
3.54454e-20
3.55305e-20
3.54917e-20
3.53503e-20
3.51496e-20
3.49491e-20
3.48035e-20
3.47505e-20
3.48036e-20
3.49495e-20
3.51575e-20
3.5386e-20
3.55894e-20
3.5727e-20
3.57678e-20
3.5697e-20
3.55111e-20
3.52192e-20
3.48347e-20
3.43749e-20
3.38552e-20
3.32938e-20
3.27114e-20
3.21343e-20
3.15959e-20
3.11316e-20
3.07748e-20
3.05521e-20
3.04762e-20
3.05534e-20
3.07856e-20
3.11727e-20
3.17108e-20
3.23811e-20
3.31445e-20
3.39406e-20
3.46944e-20
3.53314e-20
3.57907e-20
3.60314e-20
3.60342e-20
3.58089e-20
3.53946e-20
3.48565e-20
3.4276e-20
3.37333e-20
3.32823e-20
3.29489e-20
3.27311e-20
3.26131e-20
3.25809e-20
3.26332e-20
3.27774e-20
3.30193e-20
3.33517e-20
3.37549e-20
3.42028e-20
3.46691e-20
3.51284e-20
3.55527e-20
3.59159e-20
3.61977e-20
3.63884e-20
3.64936e-20
3.653e-20
3.65161e-20
3.64619e-20
3.63593e-20
3.61833e-20
3.5911e-20
3.55405e-20
3.51121e-20
3.47042e-20
3.44169e-20
3.43356e-20
3.45016e-20
3.48905e-20
3.54234e-20
3.5995e-20
3.65035e-20
3.68753e-20
3.70705e-20
3.70831e-20
3.69266e-20
3.66311e-20
3.62358e-20
3.57846e-20
3.5321e-20
3.48831e-20
3.44954e-20
3.417e-20
3.39039e-20
3.36859e-20
3.35004e-20
3.33279e-20
3.31492e-20
3.29521e-20
3.2734e-20
3.2511e-20
3.23132e-20
3.21815e-20
3.21514e-20
3.2239e-20
3.24342e-20
3.27053e-20
3.30136e-20
3.33203e-20
3.35993e-20
3.3837e-20
3.403e-20
3.41882e-20
3.43305e-20
3.44772e-20
3.463e-20
3.47566e-20
3.48063e-20
3.47338e-20
3.45263e-20
3.42069e-20
3.38269e-20
3.3451e-20
3.31375e-20
3.29279e-20
3.28395e-20
3.28684e-20
3.29965e-20
3.32078e-20
3.34897e-20
3.38336e-20
3.42213e-20
3.46147e-20
3.49602e-20
3.51991e-20
3.52908e-20
3.52162e-20
3.49865e-20
3.46344e-20
3.42102e-20
3.37736e-20
3.33854e-20
3.31032e-20
3.29648e-20
3.29809e-20
3.31222e-20
3.33338e-20
3.35539e-20
3.37316e-20
3.38436e-20
3.38926e-20
3.39062e-20
3.39238e-20
3.39888e-20
3.4129e-20
3.43498e-20
3.46383e-20
3.49719e-20
3.53288e-20
3.56907e-20
3.60355e-20
3.63347e-20
3.65546e-20
3.66626e-20
3.66321e-20
3.64537e-20
3.61312e-20
3.56866e-20
3.51568e-20
3.45892e-20
3.40342e-20
3.35406e-20
3.3145e-20
3.28654e-20
3.26956e-20
3.26065e-20
3.2551e-20
3.24794e-20
3.23525e-20
3.21584e-20
3.19185e-20
3.16889e-20
3.15435e-20
3.15566e-20
3.17654e-20
3.21573e-20
3.26645e-20
3.31809e-20
3.36001e-20
3.38456e-20
3.38948e-20
3.37771e-20
3.35507e-20
3.32689e-20
3.29645e-20
3.26525e-20
3.23451e-20
3.20494e-20
3.17664e-20
3.14968e-20
3.12479e-20
3.10342e-20
3.08701e-20
3.07543e-20
3.06617e-20
3.05669e-20
3.04659e-20
3.03934e-20
3.04158e-20
3.05995e-20
3.09718e-20
3.14998e-20
3.20976e-20
3.26636e-20
3.31154e-20
3.34098e-20
3.35431e-20
3.35441e-20
3.34564e-20
3.33316e-20
3.32181e-20
3.31579e-20
3.31783e-20
3.32959e-20
3.35126e-20
3.38213e-20
3.42092e-20
3.46561e-20
3.51376e-20
3.56258e-20
3.60864e-20
3.64853e-20
3.67869e-20
3.69577e-20
3.69733e-20
3.68274e-20
3.65378e-20
3.61498e-20
3.57257e-20
3.53228e-20
3.49725e-20
3.46724e-20
3.43995e-20
3.41321e-20
3.38625e-20
3.35912e-20
3.33212e-20
3.30564e-20
3.28015e-20
3.25711e-20
3.23911e-20
3.22958e-20
3.23159e-20
3.24652e-20
3.27304e-20
3.30706e-20
3.34245e-20
3.37238e-20
3.39134e-20
3.39636e-20
3.38827e-20
3.37156e-20
3.35278e-20
3.33842e-20
3.33224e-20
3.33469e-20
3.34344e-20
3.35514e-20
3.36671e-20
3.37619e-20
3.38284e-20
3.38722e-20
3.39111e-20
3.39718e-20
3.40743e-20
3.42268e-20
3.4421e-20
3.46372e-20
3.48595e-20
3.50784e-20
3.52826e-20
3.54626e-20
3.56e-20
3.56746e-20
3.56687e-20
3.55731e-20
3.53937e-20
3.5149e-20
3.48714e-20
3.45977e-20
3.43603e-20
3.41819e-20
3.40702e-20
3.4021e-20
3.40174e-20
3.40346e-20
3.40466e-20
3.4025e-20
3.39488e-20
3.38047e-20
3.35917e-20
3.33183e-20
3.30025e-20
3.26658e-20
3.23294e-20
3.20168e-20
3.17487e-20
3.1547e-20
3.14408e-20
3.14703e-20
3.16715e-20
3.20499e-20
3.2567e-20
3.31675e-20
3.38035e-20
3.44472e-20
3.50868e-20
3.57098e-20
3.62961e-20
3.68211e-20
3.72555e-20
3.75741e-20
3.77561e-20
3.77886e-20
3.7663e-20
3.73767e-20
3.6935e-20
3.63614e-20
3.56967e-20
3.50058e-20
3.43658e-20
3.3854e-20
3.35276e-20
3.34018e-20
3.34493e-20
3.36112e-20
3.38166e-20
3.39997e-20
3.41151e-20
3.41428e-20
3.40851e-20
3.39602e-20
3.3793e-20
3.36157e-20
3.34518e-20
3.33114e-20
3.31844e-20
3.3047e-20
3.28693e-20
3.26305e-20
3.23288e-20
3.19804e-20
3.16222e-20
3.13014e-20
3.10688e-20
3.09743e-20
3.10517e-20
3.13048e-20
3.16978e-20
3.21548e-20
3.25854e-20
3.29104e-20
3.30821e-20
3.3095e-20
3.2985e-20
3.28225e-20
3.26966e-20
3.26858e-20
3.28209e-20
3.30691e-20
3.33559e-20
3.36107e-20
3.3793e-20
3.38966e-20
3.3937e-20
3.39332e-20
3.39002e-20
3.38462e-20
3.37781e-20
3.3704e-20
3.36335e-20
3.3574e-20
3.353e-20
3.35011e-20
3.34891e-20
3.34982e-20
3.35352e-20
3.36113e-20
3.37395e-20
3.3931e-20
3.4181e-20
3.44637e-20
3.47442e-20
3.49841e-20
3.51555e-20
3.52369e-20
3.52118e-20
3.50716e-20
3.48309e-20
3.45359e-20
3.42621e-20
3.40708e-20
3.39646e-20
3.38886e-20
3.37875e-20
3.36505e-20
3.35161e-20
3.34411e-20
3.34548e-20
3.35431e-20
3.3661e-20
3.37629e-20
3.38218e-20
3.38395e-20
3.38337e-20
3.38213e-20
3.38068e-20
3.37791e-20
3.37227e-20
3.36292e-20
3.35065e-20
3.33787e-20
3.32752e-20
3.32132e-20
3.31909e-20
3.31878e-20
3.31832e-20
3.31692e-20
3.3161e-20
3.31728e-20
3.32028e-20
3.32241e-20
3.32072e-20
3.31426e-20
3.30479e-20
3.29538e-20
3.28891e-20
3.28682e-20
3.28842e-20
3.29143e-20
3.29275e-20
3.28971e-20
3.28101e-20
3.26726e-20
3.24986e-20
3.23023e-20
3.20968e-20
3.18939e-20
3.17121e-20
3.15837e-20
3.1546e-20
3.16251e-20
3.18224e-20
3.21073e-20
3.24282e-20
3.27298e-20
3.298e-20
3.31781e-20
3.33541e-20
3.35471e-20
3.37836e-20
3.40654e-20
3.43715e-20
3.46641e-20
3.49035e-20
3.50535e-20
3.50829e-20
3.49701e-20
3.47125e-20
3.43264e-20
3.3852e-20
3.33443e-20
3.28705e-20
3.25036e-20
3.22986e-20
3.22841e-20
3.24571e-20
3.27943e-20
3.32601e-20
3.38009e-20
3.43417e-20
3.48e-20
3.51007e-20
3.5195e-20
3.50619e-20
3.4709e-20
3.41658e-20
3.34769e-20
3.27006e-20
3.18979e-20
3.11283e-20
3.04472e-20
2.9898e-20
2.95274e-20
2.93766e-20
2.94716e-20
2.98045e-20
3.03286e-20
3.09785e-20
3.16943e-20
3.24314e-20
3.31569e-20
3.38439e-20
3.44701e-20
3.5017e-20
3.54735e-20
3.5829e-20
3.60657e-20
3.6163e-20
3.60994e-20
3.58627e-20
3.54615e-20
3.49283e-20
3.43149e-20
3.36742e-20
3.30497e-20
3.24749e-20
3.19777e-20
3.15813e-20
3.13018e-20
3.11394e-20
3.1082e-20
3.1118e-20
3.12464e-20
3.14658e-20
3.17711e-20
3.21418e-20
3.25489e-20
3.29617e-20
3.3353e-20
3.36986e-20
3.3976e-20
3.41672e-20
3.42612e-20
3.4257e-20
3.41652e-20
3.40078e-20
3.38122e-20
3.36067e-20
3.34194e-20
3.32707e-20
3.31703e-20
3.31162e-20
3.30961e-20
3.3092e-20
3.30879e-20
3.30777e-20
3.30608e-20
3.30387e-20
3.30109e-20
3.29686e-20
3.28938e-20
3.27697e-20
3.25849e-20
3.23436e-20
3.20729e-20
3.18117e-20
3.15996e-20
3.14538e-20
3.13738e-20
3.13485e-20
3.13748e-20
3.14648e-20
3.16378e-20
3.19083e-20
3.22725e-20
3.27085e-20
3.31859e-20
3.36745e-20
3.41546e-20
3.46204e-20
3.50765e-20
3.55258e-20
3.59688e-20
3.63922e-20
3.67685e-20
3.70564e-20
3.72165e-20
3.72145e-20
3.70404e-20
3.67137e-20
3.62806e-20
3.58048e-20
3.53532e-20
3.49776e-20
3.47057e-20
3.45384e-20
3.4457e-20
3.4437e-20
3.44658e-20
3.45496e-20
3.47133e-20
3.4988e-20
3.53843e-20
3.58706e-20
3.63681e-20
3.67799e-20
3.70255e-20
3.70733e-20
3.6939e-20
3.66697e-20
3.63193e-20
3.5929e-20
3.55261e-20
3.51235e-20
3.47388e-20
3.43925e-20
3.41125e-20
3.39291e-20
3.38583e-20
3.38944e-20
3.39996e-20
3.41135e-20
3.41681e-20
3.41074e-20
3.39061e-20
3.35721e-20
3.31434e-20
3.2677e-20
3.22331e-20
3.18676e-20
3.16215e-20
3.15185e-20
3.15643e-20
3.17466e-20
3.20355e-20
3.23928e-20
3.27745e-20
3.31354e-20
3.34323e-20
3.36371e-20
3.3744e-20
3.37737e-20
3.37723e-20
3.37955e-20
3.38908e-20
3.40795e-20
3.43517e-20
3.46718e-20
3.49938e-20
3.5274e-20
3.5477e-20
3.55866e-20
3.56007e-20
3.55346e-20
3.54129e-20
3.52608e-20
3.51078e-20
3.49732e-20
3.48637e-20
3.47755e-20
3.4699e-20
3.4626e-20
3.45547e-20
3.44873e-20
3.44314e-20
3.43994e-20
3.44116e-20
3.44793e-20
3.45986e-20
3.47352e-20
3.48385e-20
3.48582e-20
3.47711e-20
3.45976e-20
3.43983e-20
3.42447e-20
3.41832e-20
3.42117e-20
3.42962e-20
3.43967e-20
3.44845e-20
3.45434e-20
3.45591e-20
3.45156e-20
3.43975e-20
3.41966e-20
3.39195e-20
3.35807e-20
3.32062e-20
3.28342e-20
3.25211e-20
3.23388e-20
3.2347e-20
3.25558e-20
3.29123e-20
3.33247e-20
3.36986e-20
3.39712e-20
3.41195e-20
3.41607e-20
3.41364e-20
3.40947e-20
3.4079e-20
3.41198e-20
3.42302e-20
3.43971e-20
3.45857e-20
3.47526e-20
3.48592e-20
3.48906e-20
3.4856e-20
3.47851e-20
3.47126e-20
3.46606e-20
3.46351e-20
3.46231e-20
3.46007e-20
3.45553e-20
3.44905e-20
3.44273e-20
3.43947e-20
3.44131e-20
3.44889e-20
3.46079e-20
3.47401e-20
3.48464e-20
3.48865e-20
3.48309e-20
3.46696e-20
3.44241e-20
3.41544e-20
3.39465e-20
3.38697e-20
3.39314e-20
3.40699e-20
3.41963e-20
3.42438e-20
3.41903e-20
3.40534e-20
3.38635e-20
3.3651e-20
3.34363e-20
3.32289e-20
3.30332e-20
3.28516e-20
3.2692e-20
3.25701e-20
3.25049e-20
3.25117e-20
3.25991e-20
3.27618e-20
3.29834e-20
3.3239e-20
3.35001e-20
3.37357e-20
3.39243e-20
3.40575e-20
3.41396e-20
3.4187e-20
3.42271e-20
3.42899e-20
3.44073e-20
3.46068e-20
3.48989e-20
3.52767e-20
3.57142e-20
3.61728e-20
3.66069e-20
3.69759e-20
3.72467e-20
3.73969e-20
3.74181e-20
3.73117e-20
3.70869e-20
3.67596e-20
3.63518e-20
3.58836e-20
3.53796e-20
3.48615e-20
3.4363e-20
3.39341e-20
3.36323e-20
3.34903e-20
3.34936e-20
3.35786e-20
3.36744e-20
3.3734e-20
3.37447e-20
3.37131e-20
3.36526e-20
3.35751e-20
3.34903e-20
3.3414e-20
3.33659e-20
3.33587e-20
3.33903e-20
3.34407e-20
3.34878e-20
3.35207e-20
3.35425e-20
3.35641e-20
3.35986e-20
3.36522e-20
3.37211e-20
3.37965e-20
3.38632e-20
3.3902e-20
3.38874e-20
3.37971e-20
3.3617e-20
3.33529e-20
3.30297e-20
3.26861e-20
3.23678e-20
3.21144e-20
3.19503e-20
3.18815e-20
3.18981e-20
3.19797e-20
3.21055e-20
3.22576e-20
3.24235e-20
3.25946e-20
3.27569e-20
3.28924e-20
3.29847e-20
3.30248e-20
3.30221e-20
3.29995e-20
3.29911e-20
3.30261e-20
3.31191e-20
3.32566e-20
3.33963e-20
3.34737e-20
3.34234e-20
3.32005e-20
3.27993e-20
3.22625e-20
3.16753e-20
3.11548e-20
3.08075e-20
3.06856e-20
3.0768e-20
3.09827e-20
3.12548e-20
3.15363e-20
3.18121e-20
3.20874e-20
3.23785e-20
3.27026e-20
3.3068e-20
3.34705e-20
3.3891e-20
3.43026e-20
3.46746e-20
3.49852e-20
3.52212e-20
3.53765e-20
3.54481e-20
3.54341e-20
3.53358e-20
3.51601e-20
3.49259e-20
3.46597e-20
3.43959e-20
3.41705e-20
3.40171e-20
3.39582e-20
3.39991e-20
4.16272e-20
4.16946e-20
4.16792e-20
4.15576e-20
4.13155e-20
4.09495e-20
4.04674e-20
3.98956e-20
3.92737e-20
3.86493e-20
3.80654e-20
3.75568e-20
3.71401e-20
3.68213e-20
3.66138e-20
3.65505e-20
3.66748e-20
3.7009e-20
3.75238e-20
3.81395e-20
3.87498e-20
3.9264e-20
3.9629e-20
3.98383e-20
3.99154e-20
3.9886e-20
3.97647e-20
3.95461e-20
3.92185e-20
3.87791e-20
3.82607e-20
3.77349e-20
3.72954e-20
3.70282e-20
3.69827e-20
3.71592e-20
3.75181e-20
3.79976e-20
3.85331e-20
3.90627e-20
3.95406e-20
3.99515e-20
4.03194e-20
4.06844e-20
4.10552e-20
4.13828e-20
4.15897e-20
4.16224e-20
4.14679e-20
4.11487e-20
4.0709e-20
4.02033e-20
3.96924e-20
3.92362e-20
3.88851e-20
3.86711e-20
3.85905e-20
3.86127e-20
3.86936e-20
3.87943e-20
3.88946e-20
3.89887e-20
3.90806e-20
3.91765e-20
3.92883e-20
3.94229e-20
3.95828e-20
3.97546e-20
3.99182e-20
4.00509e-20
4.01399e-20
4.01914e-20
4.02285e-20
4.02849e-20
4.03913e-20
4.05523e-20
4.07352e-20
4.08763e-20
4.09065e-20
4.07807e-20
4.04911e-20
4.00695e-20
3.95812e-20
3.91113e-20
3.87439e-20
3.85205e-20
3.84223e-20
3.83948e-20
3.83902e-20
3.83966e-20
3.84416e-20
3.85713e-20
3.88162e-20
3.91691e-20
3.95816e-20
3.99898e-20
4.03409e-20
4.06104e-20
4.0803e-20
4.09408e-20
4.10349e-20
4.10778e-20
4.10455e-20
4.09224e-20
4.07118e-20
4.04444e-20
4.01653e-20
3.9916e-20
3.97198e-20
3.957e-20
3.94416e-20
3.92971e-20
3.91133e-20
3.88775e-20
3.85968e-20
3.82897e-20
3.79766e-20
3.76684e-20
3.73666e-20
3.70565e-20
3.67194e-20
3.63379e-20
3.59097e-20
3.54569e-20
3.50328e-20
3.47141e-20
3.45853e-20
3.47084e-20
3.50971e-20
3.56979e-20
3.64114e-20
3.71255e-20
3.77562e-20
3.827e-20
3.86829e-20
3.90447e-20
3.9405e-20
3.97817e-20
4.01462e-20
4.04419e-20
4.06148e-20
4.06396e-20
4.05286e-20
4.03137e-20
4.00391e-20
3.97518e-20
3.94983e-20
3.93174e-20
3.92365e-20
3.92641e-20
3.93792e-20
3.95312e-20
3.96529e-20
3.96859e-20
3.95971e-20
3.93829e-20
3.90628e-20
3.86756e-20
3.8281e-20
3.79395e-20
3.77024e-20
3.76019e-20
3.76537e-20
3.78564e-20
3.81877e-20
3.86041e-20
3.90439e-20
3.94427e-20
3.9738e-20
3.98773e-20
3.98168e-20
3.95259e-20
3.89961e-20
3.82588e-20
3.74015e-20
3.65765e-20
3.59722e-20
3.57348e-20
3.58899e-20
3.63426e-20
3.6935e-20
3.75255e-20
3.80244e-20
3.83967e-20
3.86435e-20
3.8797e-20
3.88995e-20
3.8988e-20
3.9081e-20
3.9171e-20
3.9231e-20
3.92391e-20
3.91985e-20
3.91367e-20
3.90842e-20
3.90541e-20
3.90377e-20
3.90108e-20
3.89404e-20
3.87942e-20
3.85493e-20
3.82042e-20
3.77844e-20
3.73409e-20
3.69449e-20
3.66666e-20
3.65577e-20
3.66342e-20
3.68684e-20
3.7202e-20
3.75659e-20
3.78945e-20
3.81381e-20
3.82666e-20
3.82688e-20
3.81535e-20
3.79403e-20
3.76613e-20
3.73524e-20
3.70433e-20
3.67529e-20
3.64842e-20
3.6225e-20
3.59636e-20
3.5693e-20
3.54197e-20
3.51601e-20
3.49356e-20
3.47595e-20
3.46338e-20
3.4551e-20
3.45087e-20
3.45196e-20
3.46127e-20
3.48234e-20
3.51828e-20
3.57107e-20
3.64024e-20
3.72262e-20
3.81176e-20
3.89878e-20
3.97409e-20
4.02894e-20
4.05777e-20
4.05913e-20
4.03632e-20
3.99652e-20
3.95016e-20
3.90839e-20
3.88018e-20
3.86977e-20
3.87657e-20
3.89637e-20
3.92389e-20
3.95363e-20
3.98054e-20
3.99925e-20
4.00544e-20
3.99733e-20
3.97668e-20
3.9491e-20
3.92256e-20
3.90348e-20
3.89404e-20
3.89123e-20
3.88973e-20
3.88489e-20
3.87428e-20
3.85742e-20
3.83509e-20
3.80938e-20
3.78325e-20
3.75959e-20
3.74096e-20
3.72869e-20
3.72407e-20
3.72908e-20
3.74566e-20
3.7742e-20
3.81255e-20
3.85594e-20
3.89943e-20
3.94e-20
3.97687e-20
4.0109e-20
4.0429e-20
4.07266e-20
4.09884e-20
4.11976e-20
4.13388e-20
4.13914e-20
4.13337e-20
4.1147e-20
4.08272e-20
4.03901e-20
3.9864e-20
3.92833e-20
3.86761e-20
3.80619e-20
3.74587e-20
3.6887e-20
3.6376e-20
3.59643e-20
3.56894e-20
3.55755e-20
3.56252e-20
3.58235e-20
3.6147e-20
3.65697e-20
3.70534e-20
3.75561e-20
3.80391e-20
3.84812e-20
3.88823e-20
3.92451e-20
3.95637e-20
3.98128e-20
3.9954e-20
3.99549e-20
3.98047e-20
3.95239e-20
3.91675e-20
3.88088e-20
3.85146e-20
3.83271e-20
3.82552e-20
3.82777e-20
3.83505e-20
3.84241e-20
3.84552e-20
3.84231e-20
3.83372e-20
3.82321e-20
3.81565e-20
3.81574e-20
3.82612e-20
3.84661e-20
3.87489e-20
3.90752e-20
3.94055e-20
3.96923e-20
3.98734e-20
3.98871e-20
3.96952e-20
3.93225e-20
3.8871e-20
3.84752e-20
3.82071e-20
3.80412e-20
3.79123e-20
3.77812e-20
3.7638e-20
3.74857e-20
3.73346e-20
3.72101e-20
3.71574e-20
3.72361e-20
3.74916e-20
3.79357e-20
3.85309e-20
3.91991e-20
3.98563e-20
4.04394e-20
4.09191e-20
4.12902e-20
4.15601e-20
4.17317e-20
4.18e-20
4.17544e-20
4.15903e-20
4.13089e-20
4.09202e-20
4.04446e-20
3.99119e-20
3.93663e-20
3.88641e-20
3.84732e-20
3.82561e-20
3.82421e-20
3.84119e-20
3.86934e-20
3.89987e-20
3.92499e-20
3.93946e-20
3.94191e-20
3.93558e-20
3.92884e-20
3.93291e-20
3.95751e-20
4.00622e-20
4.07437e-20
4.15049e-20
4.22075e-20
4.27289e-20
4.2996e-20
4.29998e-20
4.2788e-20
4.2445e-20
4.2065e-20
4.17085e-20
4.13891e-20
4.10783e-20
4.07437e-20
4.03885e-20
4.00732e-20
3.98969e-20
3.9946e-20
4.02383e-20
4.07036e-20
4.12218e-20
4.1676e-20
4.19869e-20
4.21219e-20
4.20882e-20
4.19201e-20
4.1666e-20
4.13754e-20
4.10855e-20
4.08128e-20
4.05504e-20
4.02804e-20
3.99803e-20
3.96312e-20
3.92279e-20
3.87729e-20
3.82787e-20
3.77698e-20
3.72843e-20
3.68788e-20
3.66158e-20
3.65422e-20
3.66718e-20
3.69749e-20
3.73899e-20
3.78463e-20
3.82852e-20
3.86703e-20
3.89981e-20
3.9293e-20
3.95944e-20
3.99437e-20
4.03605e-20
4.08344e-20
4.13288e-20
4.1795e-20
4.21917e-20
4.2486e-20
4.26589e-20
4.26967e-20
4.26009e-20
4.23871e-20
4.20953e-20
4.17787e-20
4.14894e-20
4.12527e-20
4.10514e-20
4.08364e-20
4.05676e-20
4.02408e-20
3.98963e-20
3.95864e-20
3.93479e-20
3.91765e-20
3.90401e-20
3.88883e-20
3.86753e-20
3.83739e-20
3.79854e-20
3.75415e-20
3.70892e-20
3.66822e-20
3.63618e-20
3.6156e-20
3.60773e-20
3.61328e-20
3.63233e-20
3.66439e-20
3.70736e-20
3.75685e-20
3.80645e-20
3.84955e-20
3.88072e-20
3.89726e-20
3.8994e-20
3.89e-20
3.8738e-20
3.85525e-20
3.83794e-20
3.82333e-20
3.81152e-20
3.80184e-20
3.79404e-20
3.78872e-20
3.78742e-20
3.79193e-20
3.80363e-20
3.82283e-20
3.84786e-20
3.87387e-20
3.89382e-20
3.90067e-20
3.89013e-20
3.86166e-20
3.81861e-20
3.76636e-20
3.71132e-20
3.65939e-20
3.61584e-20
3.58565e-20
3.57409e-20
3.58461e-20
3.61744e-20
3.66816e-20
3.72842e-20
3.78833e-20
3.83897e-20
3.87412e-20
3.89097e-20
3.89051e-20
3.87725e-20
3.85827e-20
3.84138e-20
3.83317e-20
3.83599e-20
3.84707e-20
3.85932e-20
3.86478e-20
3.85776e-20
3.83687e-20
3.80565e-20
3.77164e-20
3.74476e-20
3.73496e-20
3.74941e-20
3.78972e-20
3.85166e-20
3.92687e-20
4.00595e-20
4.07974e-20
4.14009e-20
4.18079e-20
4.19696e-20
4.18721e-20
4.15395e-20
4.10364e-20
4.04657e-20
3.99444e-20
3.95646e-20
3.93641e-20
3.93107e-20
3.93307e-20
3.9343e-20
3.92967e-20
3.91878e-20
3.90491e-20
3.89246e-20
3.8836e-20
3.87796e-20
3.87383e-20
3.86964e-20
3.86417e-20
3.85649e-20
3.84556e-20
3.83055e-20
3.81175e-20
3.79098e-20
3.77113e-20
3.75535e-20
3.74606e-20
3.74438e-20
3.74946e-20
3.75865e-20
3.76794e-20
3.77379e-20
3.77422e-20
3.77011e-20
3.76479e-20
3.76308e-20
3.76974e-20
3.78799e-20
3.81794e-20
3.85612e-20
3.89611e-20
3.93025e-20
3.95255e-20
3.96038e-20
3.95521e-20
3.94149e-20
3.92499e-20
3.91092e-20
3.90198e-20
3.89927e-20
3.90323e-20
3.91611e-20
3.94358e-20
3.99165e-20
4.06118e-20
4.1437e-20
4.22582e-20
4.29474e-20
4.34146e-20
4.36109e-20
4.35184e-20
4.31431e-20
4.25101e-20
4.16609e-20
4.06485e-20
3.95366e-20
3.83972e-20
3.73046e-20
3.63328e-20
3.55503e-20
3.50206e-20
3.47884e-20
3.48454e-20
3.51123e-20
3.548e-20
3.58726e-20
3.62757e-20
3.67094e-20
3.71805e-20
3.76514e-20
3.8055e-20
3.83185e-20
3.83838e-20
3.82334e-20
3.79069e-20
3.75135e-20
3.72057e-20
3.71175e-20
3.73081e-20
3.77561e-20
3.83967e-20
3.91567e-20
3.99635e-20
4.07462e-20
4.14387e-20
4.19808e-20
4.23264e-20
4.24483e-20
4.23424e-20
4.20301e-20
4.15485e-20
4.09417e-20
4.02503e-20
3.95044e-20
3.8732e-20
3.79658e-20
3.7244e-20
3.66125e-20
3.61094e-20
3.57564e-20
3.55533e-20
3.54873e-20
3.55447e-20
3.57219e-20
3.60139e-20
3.64076e-20
3.68752e-20
3.73752e-20
3.78646e-20
3.83124e-20
3.87066e-20
3.90507e-20
3.93557e-20
3.96277e-20
3.9865e-20
4.00609e-20
4.02103e-20
4.03051e-20
4.03298e-20
4.02631e-20
4.00932e-20
3.98295e-20
3.95033e-20
3.91626e-20
3.8859e-20
3.86395e-20
3.85382e-20
3.85757e-20
3.87533e-20
3.90473e-20
3.9418e-20
3.98079e-20
4.0153e-20
4.03967e-20
4.05057e-20
4.04773e-20
4.03375e-20
4.01279e-20
3.98846e-20
3.96235e-20
3.93323e-20
3.89888e-20
3.85764e-20
3.81066e-20
3.76216e-20
3.71813e-20
3.68466e-20
3.66513e-20
3.65937e-20
3.66435e-20
3.67602e-20
3.69094e-20
3.70659e-20
3.72211e-20
3.7376e-20
3.75322e-20
3.76924e-20
3.78556e-20
3.80211e-20
3.81843e-20
3.83462e-20
3.85056e-20
3.86653e-20
3.88269e-20
3.89874e-20
3.91392e-20
3.92741e-20
3.9386e-20
3.94662e-20
3.94996e-20
3.94684e-20
3.93701e-20
3.92326e-20
3.91165e-20
3.90945e-20
3.92122e-20
3.94621e-20
3.978e-20
4.00713e-20
4.02466e-20
4.02532e-20
4.00782e-20
3.97505e-20
3.93363e-20
3.8924e-20
3.86126e-20
3.84836e-20
3.85722e-20
3.88461e-20
3.92228e-20
3.96052e-20
3.9904e-20
4.00502e-20
3.99911e-20
3.97041e-20
3.92085e-20
3.85788e-20
3.79426e-20
3.74474e-20
3.7209e-20
3.72739e-20
3.76096e-20
3.81267e-20
3.87136e-20
3.92562e-20
3.96549e-20
3.98553e-20
3.98554e-20
3.96979e-20
3.94486e-20
3.91644e-20
3.88901e-20
3.86588e-20
3.85002e-20
3.84378e-20
3.84975e-20
3.87038e-20
3.90554e-20
3.94981e-20
3.99326e-20
4.02575e-20
4.04118e-20
4.03801e-20
4.01776e-20
3.98342e-20
3.93886e-20
3.88867e-20
3.83888e-20
3.79643e-20
3.7681e-20
3.75823e-20
3.76697e-20
3.78984e-20
3.81942e-20
3.8482e-20
3.87083e-20
3.88484e-20
3.88995e-20
3.88716e-20
3.87784e-20
3.86283e-20
3.84197e-20
3.81427e-20
3.77946e-20
3.73972e-20
3.69901e-20
3.66299e-20
3.63787e-20
3.62972e-20
3.64313e-20
3.67797e-20
3.72791e-20
3.78347e-20
3.83501e-20
3.87639e-20
3.90514e-20
3.92144e-20
3.92685e-20
3.92336e-20
3.91223e-20
3.89454e-20
3.87116e-20
3.84379e-20
3.81468e-20
3.78705e-20
3.76379e-20
3.74702e-20
3.73753e-20
3.73444e-20
3.73555e-20
3.73807e-20
3.73958e-20
3.73784e-20
3.73173e-20
3.72089e-20
3.70571e-20
3.68673e-20
3.66441e-20
3.63989e-20
3.61602e-20
3.59872e-20
3.59664e-20
3.61869e-20
3.66833e-20
3.74101e-20
3.82579e-20
3.90972e-20
3.98106e-20
4.03038e-20
4.05132e-20
4.0407e-20
3.99943e-20
3.93255e-20
3.84971e-20
3.76515e-20
3.69504e-20
3.65374e-20
3.64868e-20
3.67853e-20
3.73497e-20
3.80655e-20
3.88255e-20
3.95453e-20
4.01721e-20
4.06774e-20
4.10596e-20
4.13324e-20
4.15211e-20
4.16493e-20
4.17347e-20
4.17817e-20
4.17963e-20
4.17845e-20
4.1756e-20
4.17166e-20
4.16645e-20
4.15912e-20
4.14818e-20
4.13227e-20
4.11013e-20
4.08078e-20
4.04384e-20
4.00081e-20
3.95478e-20
3.90983e-20
3.86865e-20
3.83158e-20
3.79772e-20
3.76663e-20
3.7399e-20
3.72017e-20
3.71022e-20
3.71114e-20
3.72165e-20
3.73833e-20
3.75701e-20
3.77437e-20
3.78887e-20
3.80001e-20
3.80721e-20
3.80948e-20
3.80646e-20
3.79968e-20
3.79143e-20
3.78384e-20
3.77732e-20
3.77083e-20
3.76297e-20
3.75302e-20
3.7423e-20
3.73371e-20
3.73001e-20
3.73279e-20
3.74139e-20
3.75376e-20
3.76706e-20
3.77862e-20
3.78607e-20
3.78777e-20
3.78433e-20
3.78082e-20
3.78656e-20
3.81202e-20
3.86155e-20
3.93033e-20
4.0067e-20
4.07785e-20
4.13345e-20
4.16637e-20
4.1726e-20
4.1508e-20
4.10323e-20
4.03593e-20
3.95912e-20
3.88587e-20
3.82903e-20
3.79803e-20
3.79699e-20
3.82582e-20
3.8807e-20
3.95341e-20
4.03121e-20
4.09916e-20
4.14452e-20
4.16014e-20
4.14509e-20
4.10431e-20
4.0465e-20
3.98109e-20
3.91607e-20
3.85652e-20
3.80471e-20
3.76247e-20
3.73249e-20
3.71866e-20
3.72459e-20
3.75147e-20
3.79809e-20
3.86105e-20
3.93555e-20
4.0153e-20
4.09212e-20
4.15659e-20
4.19855e-20
4.20971e-20
4.18579e-20
4.12892e-20
4.04753e-20
3.95506e-20
3.86657e-20
3.7963e-20
3.75531e-20
3.74856e-20
3.7739e-20
3.82286e-20
3.88418e-20
3.94612e-20
3.99852e-20
4.03453e-20
4.05061e-20
4.04727e-20
4.02774e-20
3.99708e-20
3.96068e-20
3.92279e-20
3.88596e-20
3.85086e-20
3.81694e-20
3.78399e-20
3.75332e-20
3.72807e-20
3.71193e-20
3.70796e-20
3.71701e-20
3.73715e-20
3.76433e-20
3.79345e-20
3.81954e-20
3.83824e-20
3.84679e-20
3.845e-20
3.83709e-20
3.8308e-20
3.83403e-20
3.84968e-20
3.87314e-20
3.89569e-20
3.90968e-20
