-9.88401e-23
-9.88329e-23
-9.88249e-23
-9.88092e-23
-9.87761e-23
-9.87188e-23
-9.86749e-23
-9.85779e-23
-9.84975e-23
-9.84093e-23
-9.83401e-23
-9.8286e-23
-9.82502e-23
-9.82076e-23
-9.82209e-23
-9.82493e-23
-9.82846e-23
-9.83135e-23
-9.83569e-23
-9.84108e-23
-9.8444e-23
-9.8499e-23
-9.85122e-23
-9.85345e-23
-9.85383e-23
-9.85471e-23
-9.85336e-23
-9.85559e-23
-9.85359e-23
-9.85411e-23
-9.85433e-23
-9.85269e-23
-9.85108e-23
-9.85106e-23
-9.85293e-23
-9.85258e-23
-9.85036e-23
-9.84951e-23
-9.84913e-23
-9.84801e-23
-9.84808e-23
-9.84969e-23
-9.84996e-23
-9.85235e-23
-9.8536e-23
-9.8523e-23
-9.85525e-23
-9.85475e-23
-9.85489e-23
-9.85571e-23
-9.85695e-23
-9.85806e-23
-9.85878e-23
-9.85727e-23
-9.85582e-23
-9.85639e-23
-9.85745e-23
-9.85649e-23
-9.85666e-23
-9.85698e-23
-9.85768e-23
-9.85742e-23
-9.85772e-23
-9.85759e-23
-9.85672e-23
-9.85605e-23
-9.85529e-23
-9.85477e-23
-9.85547e-23
-9.85516e-23
-9.85418e-23
-9.8538e-23
-9.85437e-23
-9.85435e-23
-9.85348e-23
-9.85435e-23
-9.8548e-23
-9.85447e-23
-9.85612e-23
-9.85617e-23
-9.85705e-23
-9.85686e-23
-9.85657e-23
-9.85685e-23
-9.8571e-23
-9.85824e-23
-9.85647e-23
-9.8553e-23
-9.85639e-23
-9.8554e-23
-9.85427e-23
-9.85331e-23
-9.85342e-23
-9.8539e-23
-9.85594e-23
-9.85662e-23
-9.85559e-23
-9.85473e-23
-9.8553e-23
-9.85479e-23
-9.85288e-23
-9.85307e-23
-9.85256e-23
-9.85362e-23
-9.85379e-23
-9.85441e-23
-9.8533e-23
-9.85397e-23
-9.85387e-23
-9.85545e-23
-9.85425e-23
-9.85556e-23
-9.85779e-23
-9.85902e-23
-9.85736e-23
-9.85914e-23
-9.86027e-23
-9.86262e-23
-9.86237e-23
-9.86202e-23
-9.86088e-23
-9.86053e-23
-9.85977e-23
-9.85967e-23
-9.86039e-23
-9.85984e-23
-9.86125e-23
-9.86103e-23
-9.86186e-23
-9.86194e-23
-9.86269e-23
-9.86307e-23
-9.86089e-23
-9.86384e-23
-9.86225e-23
-9.8629e-23
-9.86305e-23
-9.8621e-23
-9.86165e-23
-9.86133e-23
-9.86106e-23
-9.86173e-23
-9.86202e-23
-9.86127e-23
-9.86138e-23
-9.86143e-23
-9.86146e-23
-9.86026e-23
-9.85851e-23
-9.85785e-23
-9.85766e-23
-9.86014e-23
-9.86015e-23
-9.85951e-23
-9.86036e-23
-9.86013e-23
-9.85885e-23
-9.85753e-23
-9.85688e-23
-9.85631e-23
-9.85711e-23
-9.85866e-23
-9.85743e-23
-9.85811e-23
-9.85843e-23
-9.85894e-23
-9.86053e-23
-9.86159e-23
-9.86022e-23
-9.85931e-23
-9.85956e-23
-9.85853e-23
-9.857e-23
-9.85666e-23
-9.8544e-23
-9.85526e-23
-9.85625e-23
-9.85882e-23
-9.85937e-23
-9.86011e-23
-9.85983e-23
-9.8612e-23
-9.86112e-23
-9.86027e-23
-9.86147e-23
-9.86206e-23
-9.86285e-23
-9.86403e-23
-9.86365e-23
-9.86302e-23
-9.86253e-23
-9.86008e-23
-9.86114e-23
-9.86072e-23
-9.85981e-23
-9.85996e-23
-9.85925e-23
-9.85859e-23
-9.86238e-23
-9.86114e-23
-9.86092e-23
-9.8589e-23
-9.8586e-23
-9.85748e-23
-9.85648e-23
-9.85711e-23
-9.85771e-23
-9.85818e-23
-9.85909e-23
-9.86325e-23
-9.86494e-23
-9.86483e-23
-9.86361e-23
-9.86293e-23
-9.86094e-23
-9.85928e-23
-9.85926e-23
-9.85842e-23
-9.85773e-23
-9.85915e-23
-9.86079e-23
-9.85977e-23
-9.85984e-23
-9.86157e-23
-9.86233e-23
-9.86111e-23
-9.86104e-23
-9.86151e-23
-9.8619e-23
-9.86132e-23
-9.86233e-23
-9.86179e-23
-9.86129e-23
-9.85984e-23
-9.86122e-23
-9.86033e-23
-9.86029e-23
-9.85983e-23
-9.85898e-23
-9.85746e-23
-9.85657e-23
-9.85604e-23
-9.85528e-23
-9.85463e-23
-9.85569e-23
-9.85779e-23
-9.85741e-23
-9.85798e-23
-9.85915e-23
-9.85927e-23
-9.85928e-23
-9.86012e-23
-9.8596e-23
-9.85999e-23
-9.85879e-23
-9.85859e-23
-9.85941e-23
-9.85966e-23
-9.86028e-23
-9.86124e-23
-9.86187e-23
-9.86251e-23
-9.8641e-23
-9.86507e-23
-9.86288e-23
-9.86229e-23
-9.86234e-23
-9.86208e-23
-9.86182e-23
-9.86031e-23
-9.86044e-23
-9.8622e-23
-9.86276e-23
-9.86493e-23
-9.86585e-23
-9.86291e-23
-9.86274e-23
-9.86404e-23
-9.86586e-23
-9.86792e-23
-9.86743e-23
-9.86757e-23
-9.86647e-23
-9.8654e-23
-9.86561e-23
-9.86457e-23
-9.86324e-23
-9.86134e-23
-9.86048e-23
-9.86166e-23
-9.86356e-23
-9.86418e-23
-9.86405e-23
-9.86437e-23
-9.86291e-23
-9.86096e-23
-9.85859e-23
-9.85834e-23
-9.85676e-23
-9.85641e-23
-9.85543e-23
-9.85388e-23
-9.85285e-23
-9.85119e-23
-9.85057e-23
-9.84977e-23
-9.8499e-23
-9.84951e-23
-9.85055e-23
-9.8525e-23
-9.85147e-23
-9.85382e-23
-9.85362e-23
-9.85258e-23
-9.85273e-23
-9.85483e-23
-9.85328e-23
-9.85292e-23
-9.85252e-23
-9.85238e-23
-9.85245e-23
-9.85139e-23
-9.85068e-23
-9.85217e-23
-9.85389e-23
-9.85297e-23
-9.85224e-23
-9.85232e-23
-9.85292e-23
-9.85183e-23
-9.85354e-23
-9.85555e-23
-9.85631e-23
-9.85583e-23
-9.85636e-23
-9.85724e-23
-9.85589e-23
-9.85765e-23
-9.85739e-23
-9.85636e-23
-9.85525e-23
-9.85448e-23
-9.85541e-23
-9.85656e-23
-9.85766e-23
-9.8568e-23
-9.85804e-23
-9.85875e-23
-9.85946e-23
-9.86103e-23
-9.86307e-23
-9.86363e-23
-9.86301e-23
-9.86568e-23
-9.8647e-23
-9.86142e-23
-9.85778e-23
-9.85735e-23
-9.85766e-23
-9.85846e-23
-9.85849e-23
-9.85742e-23
-9.85902e-23
-9.861e-23
-9.8627e-23
-9.86189e-23
-9.86327e-23
-9.86333e-23
-9.86299e-23
-9.86254e-23
-9.86258e-23
-9.86309e-23
-9.8641e-23
-9.86466e-23
-9.86609e-23
-9.86589e-23
-9.86345e-23
-9.86356e-23
-9.86275e-23
-9.86171e-23
-9.86077e-23
-9.86155e-23
-9.8609e-23
-9.86099e-23
-9.8602e-23
-9.86067e-23
-9.85981e-23
-9.86013e-23
-9.85847e-23
-9.85742e-23
-9.85578e-23
-9.85674e-23
-9.85841e-23
-9.86106e-23
-9.86021e-23
-9.86088e-23
-9.85991e-23
-9.86081e-23
-9.8592e-23
-9.85863e-23
-9.86075e-23
-9.85953e-23
-9.85968e-23
-9.85954e-23
-9.86029e-23
-9.86158e-23
-9.86183e-23
-9.86329e-23
-9.86284e-23
-9.86464e-23
-9.86583e-23
-9.86545e-23
-9.86504e-23
-9.86487e-23
-9.863e-23
-9.86412e-23
-9.86348e-23
-9.86426e-23
-9.86303e-23
-9.86174e-23
-9.86048e-23
-9.86058e-23
-9.85888e-23
-9.8579e-23
-9.85887e-23
-9.85854e-23
-9.85656e-23
-9.85482e-23
-9.85428e-23
-9.85438e-23
-9.85586e-23
-9.85567e-23
-9.85616e-23
-9.85737e-23
-9.8593e-23
-9.85866e-23
-9.85968e-23
-9.85994e-23
-9.8599e-23
-9.86044e-23
-9.86032e-23
-9.86119e-23
-9.86219e-23
-9.86051e-23
-9.85875e-23
-9.85884e-23
-9.85576e-23
-9.85687e-23
-9.85747e-23
-9.85823e-23
-9.85979e-23
-9.85829e-23
-9.85779e-23
-9.85854e-23
-9.85793e-23
-9.85691e-23
-9.85739e-23
-9.85783e-23
-9.85827e-23
-9.85937e-23
-9.85798e-23
-9.85723e-23
-9.85427e-23
-9.85508e-23
-9.85272e-23
-9.85195e-23
-9.85378e-23
-9.85478e-23
-9.85403e-23
-9.8525e-23
-9.8549e-23
-9.85388e-23
-9.85537e-23
-9.85552e-23
-9.85553e-23
-9.85449e-23
-9.85621e-23
-9.85629e-23
-9.85571e-23
-9.8513e-23
-9.85224e-23
-9.85218e-23
-9.85207e-23
-9.8522e-23
-9.85227e-23
-9.85259e-23
-9.85255e-23
-9.85217e-23
-9.85208e-23
-9.85038e-23
-9.85087e-23
-9.85073e-23
-9.85092e-23
-9.85179e-23
-9.85148e-23
-9.85163e-23
-9.85037e-23
-9.85055e-23
-9.85089e-23
-9.85039e-23
-9.85156e-23
-9.85118e-23
-9.85302e-23
-9.85328e-23
-9.8551e-23
-9.85688e-23
-9.85921e-23
-9.86078e-23
-9.86061e-23
-9.85964e-23
-9.85978e-23
-9.8579e-23
-9.8588e-23
-9.85905e-23
-9.85833e-23
-9.85541e-23
-9.85407e-23
-9.85336e-23
-9.85234e-23
-9.85293e-23
-9.85298e-23
-9.85347e-23
-9.85159e-23
-9.85209e-23
-9.85209e-23
-9.85346e-23
-9.8536e-23
-9.85595e-23
-9.85668e-23
-9.85766e-23
-9.8573e-23
-9.85779e-23
-9.85686e-23
-9.85545e-23
-9.85545e-23
-9.85501e-23
-9.85515e-23
-9.85533e-23
-9.85496e-23
-9.85474e-23
-9.8553e-23
-9.85569e-23
-9.85433e-23
-9.85498e-23
-9.85412e-23
-9.85613e-23
-9.85555e-23
-9.8555e-23
-9.85753e-23
-9.85944e-23
-9.85877e-23
-9.85779e-23
-9.8591e-23
-9.85889e-23
-9.86028e-23
-9.85844e-23
-9.85588e-23
-9.85446e-23
-9.85388e-23
-9.8526e-23
-9.85098e-23
-9.85066e-23
-9.84851e-23
-9.84803e-23
-9.84824e-23
-9.84724e-23
-9.8491e-23
-9.8497e-23
-9.85093e-23
-9.84928e-23
-9.85171e-23
-9.85284e-23
-9.85236e-23
-9.85156e-23
-9.85237e-23
-9.85321e-23
-9.85283e-23
-9.85249e-23
-9.85158e-23
-9.84977e-23
-9.85018e-23
-9.85156e-23
-9.85072e-23
-9.85213e-23
-9.85294e-23
-9.85123e-23
-9.84891e-23
-9.84976e-23
-9.84868e-23
-9.85073e-23
-9.85178e-23
-9.85124e-23
-9.85419e-23
-9.85338e-23
-9.85291e-23
-9.85307e-23
-9.85415e-23
-9.85297e-23
-9.85331e-23
-9.85328e-23
-9.85167e-23
-9.85201e-23
-9.85277e-23
-9.8527e-23
-9.85337e-23
-9.8528e-23
-9.85279e-23
-9.85358e-23
-9.85287e-23
-9.85288e-23
-9.8508e-23
-9.84892e-23
-9.84857e-23
-9.84983e-23
-9.85083e-23
-9.85064e-23
-9.85087e-23
-9.84995e-23
-9.85044e-23
-9.85043e-23
-9.85088e-23
-9.84926e-23
-9.84933e-23
-9.84851e-23
-9.84801e-23
-9.84747e-23
-9.84749e-23
-9.84679e-23
-9.84444e-23
-9.84455e-23
-9.84494e-23
-9.84592e-23
-9.84657e-23
-9.84691e-23
-9.84919e-23
-9.8496e-23
-9.85159e-23
-9.85196e-23
-9.85319e-23
-9.85334e-23
-9.85368e-23
-9.85295e-23
-9.85216e-23
-9.85167e-23
-9.8522e-23
-9.85158e-23
-9.85333e-23
-9.85363e-23
-9.85311e-23
-9.85395e-23
-9.85355e-23
-9.8538e-23
-9.85654e-23
-9.85827e-23
-9.85897e-23
-9.85737e-23
-9.85665e-23
-9.85587e-23
-9.85507e-23
-9.85239e-23
-9.85293e-23
-9.85325e-23
-9.85336e-23
-9.8542e-23
-9.85542e-23
-9.85667e-23
-9.85822e-23
-9.85911e-23
-9.86063e-23
-9.8615e-23
-9.86175e-23
-9.86167e-23
-9.86187e-23
-9.86263e-23
-9.86139e-23
-9.86069e-23
-9.86024e-23
-9.85816e-23
-9.85673e-23
-9.8582e-23
-9.85596e-23
-9.85381e-23
-9.8533e-23
-9.85346e-23
-9.85326e-23
-9.85298e-23
-9.85288e-23
-9.85359e-23
-9.85292e-23
-9.85218e-23
-9.85081e-23
-9.85014e-23
-9.84833e-23
-9.85017e-23
-9.85155e-23
-9.85341e-23
-9.85349e-23
-9.8552e-23
-9.85434e-23
-9.85465e-23
-9.8545e-23
-9.85455e-23
-9.85574e-23
-9.85243e-23
-9.85191e-23
-9.85196e-23
-9.85224e-23
-9.85307e-23
-9.85383e-23
-9.85453e-23
-9.85238e-23
-9.85219e-23
-9.85279e-23
-9.85266e-23
-9.85341e-23
-9.85441e-23
-9.8559e-23
-9.85715e-23
-9.85833e-23
-9.85813e-23
-9.85876e-23
-9.8596e-23
-9.85879e-23
-9.85952e-23
-9.85699e-23
-9.85592e-23
-9.85665e-23
-9.85543e-23
-9.85613e-23
-9.85566e-23
-9.85468e-23
-9.85479e-23
-9.85688e-23
-9.8565e-23
-9.85864e-23
-9.85788e-23
-9.85734e-23
-9.85861e-23
-9.85793e-23
-9.85691e-23
-9.85465e-23
-9.85434e-23
-9.85375e-23
-9.8548e-23
-9.85397e-23
-9.85661e-23
-9.85731e-23
-9.8576e-23
-9.85809e-23
-9.85815e-23
-9.85683e-23
-9.85634e-23
-9.85671e-23
-9.85739e-23
-9.85589e-23
-9.85641e-23
-9.85712e-23
-9.8568e-23
-9.85545e-23
-9.85588e-23
-9.85672e-23
-9.85916e-23
-9.86121e-23
-9.86282e-23
-9.86303e-23
-9.86375e-23
-9.86377e-23
-9.86343e-23
-9.86502e-23
-9.86508e-23
-9.86584e-23
-9.86731e-23
-9.86757e-23
-9.86687e-23
-9.86547e-23
-9.86455e-23
-9.86404e-23
-9.86329e-23
-9.8633e-23
-9.86065e-23
-9.85768e-23
-9.85613e-23
-9.8536e-23
-9.85303e-23
-9.85189e-23
-9.8526e-23
-9.85241e-23
-9.85337e-23
-9.85412e-23
-9.85408e-23
-9.85494e-23
-9.85487e-23
-9.85736e-23
-9.85568e-23
-9.85859e-23
-9.85909e-23
-9.85842e-23
-9.8579e-23
-9.85795e-23
-9.8583e-23
-9.85745e-23
-9.85637e-23
-9.85667e-23
-9.8564e-23
-9.85618e-23
-9.8569e-23
-9.8554e-23
-9.85582e-23
-9.85667e-23
-9.85585e-23
-9.85565e-23
-9.85641e-23
-9.85739e-23
-9.85973e-23
-9.86038e-23
-9.86082e-23
-9.86161e-23
-9.86211e-23
-9.8601e-23
-9.85911e-23
-9.85854e-23
-9.85628e-23
-9.85525e-23
-9.85459e-23
-9.85404e-23
-9.85461e-23
-9.85313e-23
-9.85368e-23
-9.8537e-23
-9.85281e-23
-9.85193e-23
-9.85136e-23
-9.85081e-23
-9.85159e-23
-9.85213e-23
-9.85117e-23
-9.85122e-23
-9.85191e-23
-9.85285e-23
-9.85338e-23
-9.85382e-23
-9.85324e-23
-9.85419e-23
-9.85166e-23
-9.85166e-23
-9.85196e-23
-9.8535e-23
-9.85403e-23
-9.85544e-23
-9.85552e-23
-9.8552e-23
-9.85578e-23
-9.85441e-23
-9.85489e-23
-9.85598e-23
-9.85485e-23
-9.85595e-23
-9.85615e-23
-9.8561e-23
-9.85775e-23
-9.85705e-23
-9.85722e-23
-9.85612e-23
-9.85819e-23
-9.85831e-23
-9.85699e-23
-9.86069e-23
-9.86098e-23
-9.86187e-23
-9.86236e-23
-9.86345e-23
-9.86428e-23
-9.865e-23
-9.86413e-23
-9.86211e-23
-9.8615e-23
-9.86231e-23
-9.86193e-23
-9.86122e-23
-9.85947e-23
-9.8592e-23
-9.8598e-23
-9.85781e-23
-9.85678e-23
-9.85643e-23
-9.85709e-23
-9.85595e-23
-9.85777e-23
-9.85912e-23
-9.85814e-23
-9.85961e-23
-9.86068e-23
-9.86095e-23
-9.86187e-23
-9.86356e-23
-9.86399e-23
-9.86433e-23
-9.8643e-23
-9.8637e-23
-9.86392e-23
-9.86353e-23
-9.86263e-23
-9.86256e-23
-9.86176e-23
-9.86273e-23
-9.86512e-23
-9.86573e-23
-9.86705e-23
-9.86588e-23
-9.86538e-23
-9.86549e-23
-9.86587e-23
-9.86489e-23
-9.86505e-23
-9.86282e-23
-9.8636e-23
-9.86294e-23
-9.86217e-23
-9.85977e-23
-9.86024e-23
-9.85858e-23
-9.85833e-23
-9.85827e-23
-9.85804e-23
-9.85697e-23
-9.8556e-23
-9.85669e-23
-9.85859e-23
-9.85815e-23
-9.85956e-23
-9.85821e-23
-9.85802e-23
-9.85684e-23
-9.85965e-23
-9.85991e-23
-9.86057e-23
-9.86087e-23
-9.86308e-23
-9.86192e-23
-9.86135e-23
-9.86273e-23
-9.8623e-23
-9.86198e-23
-9.86016e-23
-9.8603e-23
-9.85953e-23
-9.85974e-23
-9.86061e-23
-9.85991e-23
-9.86016e-23
-9.86041e-23
-9.86065e-23
-9.86027e-23
-9.86025e-23
-9.86127e-23
-9.86209e-23
-9.8634e-23
-9.86488e-23
-9.86682e-23
-9.86664e-23
-9.86647e-23
-9.86749e-23
-9.86742e-23
-9.86746e-23
-9.86823e-23
-9.86468e-23
-9.86253e-23
-9.86182e-23
-9.86165e-23
-9.86173e-23
-9.86115e-23
-9.86087e-23
-9.85966e-23
-9.85849e-23
-9.85965e-23
-9.85906e-23
-9.85712e-23
-9.85761e-23
-9.85764e-23
-9.85713e-23
-9.85853e-23
-9.8599e-23
-9.86156e-23
-9.86192e-23
-9.86256e-23
-9.86283e-23
-9.86205e-23
-9.86209e-23
-9.86325e-23
-9.86459e-23
-9.86327e-23
-9.86312e-23
-9.86293e-23
-9.86084e-23
-9.86069e-23
-9.86093e-23
-9.86158e-23
-9.8614e-23
-9.86134e-23
-9.86049e-23
-8.07779e-23
-8.07342e-23
-8.07287e-23
-8.07298e-23
-8.07245e-23
-8.07126e-23
-8.06975e-23
-8.07018e-23
-8.0707e-23
-8.07196e-23
-8.07357e-23
-8.07578e-23
-8.07877e-23
-8.08082e-23
-8.08338e-23
-8.08444e-23
-8.08575e-23
-8.08687e-23
-8.08611e-23
-8.08342e-23
-8.08166e-23
-8.08032e-23
-8.0783e-23
-8.07772e-23
-8.07692e-23
-8.07551e-23
-8.07404e-23
-8.07331e-23
-8.07294e-23
-8.07424e-23
-8.07615e-23
-8.07744e-23
-8.07809e-23
-8.0767e-23
-8.07574e-23
-8.07569e-23
-8.07597e-23
-8.07693e-23
-8.07824e-23
-8.07951e-23
-8.08053e-23
-8.08168e-23
-8.08113e-23
-8.08189e-23
-8.08138e-23
-8.08289e-23
-8.08154e-23
-8.07814e-23
-8.0747e-23
-8.07379e-23
-8.07163e-23
-8.07175e-23
-8.07488e-23
-8.07512e-23
-8.07385e-23
-8.07304e-23
-8.07389e-23
-8.07278e-23
-8.07174e-23
-8.07127e-23
-8.07289e-23
-8.07445e-23
-8.07602e-23
-8.07449e-23
-8.07399e-23
-8.07478e-23
-8.07649e-23
-8.07805e-23
-8.08064e-23
-8.07906e-23
-8.07795e-23
-8.07508e-23
-8.07299e-23
-8.07118e-23
-8.07019e-23
-8.06843e-23
-8.06717e-23
-8.06636e-23
-8.06775e-23
-8.06896e-23
-8.07018e-23
-8.07214e-23
-8.0708e-23
-8.07171e-23
-8.07321e-23
-8.07667e-23
-8.07714e-23
-8.07719e-23
-8.07698e-23
-8.07563e-23
-8.07439e-23
-8.07054e-23
-8.06979e-23
-8.07222e-23
-8.07185e-23
-8.07303e-23
-8.07365e-23
-8.07314e-23
-8.07489e-23
-8.0756e-23
-8.07571e-23
-8.07711e-23
-8.08029e-23
-8.08179e-23
-8.08313e-23
-8.08403e-23
-8.08094e-23
-8.08223e-23
-8.07865e-23
-8.07496e-23
-8.0712e-23
-8.06927e-23
-8.06841e-23
-8.06794e-23
-8.06698e-23
-8.06879e-23
-8.06911e-23
-8.07011e-23
-8.07206e-23
-8.07203e-23
-8.07308e-23
-8.07482e-23
-8.07241e-23
-8.07059e-23
-8.06941e-23
-8.06766e-23
-8.06829e-23
-8.06377e-23
-8.06184e-23
-8.06144e-23
-8.06134e-23
-8.06186e-23
-8.06359e-23
-8.06561e-23
-8.06848e-23
-8.06902e-23
-8.07056e-23
-8.06923e-23
-8.06927e-23
-8.06879e-23
-8.06708e-23
-8.06766e-23
-8.06748e-23
-8.06612e-23
-8.06349e-23
-8.06357e-23
-8.06291e-23
-8.06458e-23
-8.069e-23
-8.07118e-23
-8.07315e-23
-8.07542e-23
-8.076e-23
-8.07619e-23
-8.07416e-23
-8.07382e-23
-8.07215e-23
-8.07209e-23
-8.07151e-23
-8.07075e-23
-8.06762e-23
-8.06748e-23
-8.06752e-23
-8.0665e-23
-8.06671e-23
-8.06565e-23
-8.06682e-23
-8.07015e-23
-8.07049e-23
-8.07249e-23
-8.0742e-23
-8.07528e-23
-8.07667e-23
-8.07637e-23
-8.0774e-23
-8.07859e-23
-8.07757e-23
-8.07586e-23
-8.07511e-23
-8.07358e-23
-8.06958e-23
-8.06713e-23
-8.06586e-23
-8.06413e-23
-8.065e-23
-8.0682e-23
-8.06694e-23
-8.06763e-23
-8.06808e-23
-8.0681e-23
-8.06798e-23
-8.06937e-23
-8.07112e-23
-8.07326e-23
-8.07572e-23
-8.07867e-23
-8.07981e-23
-8.07977e-23
-8.08076e-23
-8.08024e-23
-8.0817e-23
-8.08325e-23
-8.08244e-23
-8.08226e-23
-8.08219e-23
-8.08134e-23
-8.08127e-23
-8.08088e-23
-8.07939e-23
-8.07764e-23
-8.07323e-23
-8.07249e-23
-8.07168e-23
-8.07299e-23
-8.07328e-23
-8.0751e-23
-8.07539e-23
-8.07611e-23
-8.07691e-23
-8.07736e-23
-8.07575e-23
-8.07301e-23
-8.07263e-23
-8.07008e-23
-8.06901e-23
-8.06762e-23
-8.06567e-23
-8.06381e-23
-8.06453e-23
-8.06395e-23
-8.06447e-23
-8.06186e-23
-8.06172e-23
-8.06271e-23
-8.06195e-23
-8.05943e-23
-8.05835e-23
-8.05625e-23
-8.05675e-23
-8.05653e-23
-8.05917e-23
-8.06154e-23
-8.0632e-23
-8.06393e-23
-8.06477e-23
-8.0678e-23
-8.06761e-23
-8.06714e-23
-8.06554e-23
-8.06451e-23
-8.06605e-23
-8.06581e-23
-8.06705e-23
-8.06872e-23
-8.06834e-23
-8.0685e-23
-8.06724e-23
-8.06793e-23
-8.06741e-23
-8.06695e-23
-8.06768e-23
-8.06707e-23
-8.06723e-23
-8.0667e-23
-8.06812e-23
-8.06941e-23
-8.07243e-23
-8.07151e-23
-8.07052e-23
-8.07069e-23
-8.07156e-23
-8.07356e-23
-8.07283e-23
-8.0748e-23
-8.07334e-23
-8.07312e-23
-8.0709e-23
-8.06908e-23
-8.06809e-23
-8.0667e-23
-8.06743e-23
-8.06766e-23
-8.07064e-23
-8.0694e-23
-8.06997e-23
-8.06998e-23
-8.06757e-23
-8.06737e-23
-8.06708e-23
-8.06759e-23
-8.0662e-23
-8.06805e-23
-8.06801e-23
-8.06812e-23
-8.06882e-23
-8.07059e-23
-8.0712e-23
-8.07163e-23
-8.07157e-23
-8.07129e-23
-8.07071e-23
-8.07045e-23
-8.06898e-23
-8.0686e-23
-8.06535e-23
-8.06223e-23
-8.06097e-23
-8.06074e-23
-8.06096e-23
-8.06448e-23
-8.06585e-23
-8.06684e-23
-8.06851e-23
-8.07033e-23
-8.07115e-23
-8.07183e-23
-8.06988e-23
-8.06896e-23
-8.06874e-23
-8.06984e-23
-8.07029e-23
-8.07366e-23
-8.0728e-23
-8.07426e-23
-8.07628e-23
-8.07523e-23
-8.07509e-23
-8.0744e-23
-8.07264e-23
-8.07064e-23
-8.07036e-23
-8.07062e-23
-8.07093e-23
-8.0686e-23
-8.06828e-23
-8.06709e-23
-8.06563e-23
-8.06639e-23
-8.0678e-23
-8.06742e-23
-8.06752e-23
-8.06927e-23
-8.06803e-23
-8.06971e-23
-8.06963e-23
-8.06875e-23
-8.06933e-23
-8.07054e-23
-8.07062e-23
-8.07161e-23
-8.07232e-23
-8.07402e-23
-8.07423e-23
-8.07356e-23
-8.07113e-23
-8.07106e-23
-8.07039e-23
-8.0711e-23
-8.0707e-23
-8.07165e-23
-8.07197e-23
-8.07438e-23
-8.07527e-23
-8.07645e-23
-8.07785e-23
-8.07721e-23
-8.07731e-23
-8.07843e-23
-8.07642e-23
-8.076e-23
-8.07431e-23
-8.07231e-23
-8.07131e-23
-8.07206e-23
-8.0716e-23
-8.07017e-23
-8.06926e-23
-8.06892e-23
-8.0693e-23
-8.06916e-23
-8.06919e-23
-8.06963e-23
-8.07216e-23
-8.07245e-23
-8.07214e-23
-8.07345e-23
-8.0732e-23
-8.07335e-23
-8.07274e-23
-8.07306e-23
-8.07399e-23
-8.07418e-23
-8.07374e-23
-8.07462e-23
-8.07502e-23
-8.07544e-23
-8.07592e-23
-8.07538e-23
-8.07475e-23
-8.07311e-23
-8.07011e-23
-8.07027e-23
-8.06996e-23
-8.07108e-23
-8.07208e-23
-8.07249e-23
-8.07227e-23
-8.07151e-23
-8.07e-23
-8.06945e-23
-8.069e-23
-8.06939e-23
-8.06684e-23
-8.06728e-23
-8.06802e-23
-8.06703e-23
-8.06904e-23
-8.07252e-23
-8.07147e-23
-8.07287e-23
-8.06939e-23
-8.06765e-23
-8.06731e-23
-8.0681e-23
-8.06793e-23
-8.06629e-23
-8.06745e-23
-8.06986e-23
-8.06943e-23
-8.06957e-23
-8.06699e-23
-8.06727e-23
-8.06681e-23
-8.06648e-23
-8.06622e-23
-8.06381e-23
-8.06371e-23
-8.06283e-23
-8.06315e-23
-8.06257e-23
-8.0637e-23
-8.06533e-23
-8.06589e-23
-8.06856e-23
-8.06984e-23
-8.06972e-23
-8.06919e-23
-8.07056e-23
-8.072e-23
-8.07395e-23
-8.07446e-23
-8.07703e-23
-8.07783e-23
-8.07703e-23
-8.07766e-23
-8.07661e-23
-8.0751e-23
-8.07592e-23
-8.07552e-23
-8.07393e-23
-8.07182e-23
-8.07145e-23
-8.06814e-23
-8.0651e-23
-8.06208e-23
-8.06267e-23
-8.06101e-23
-8.0608e-23
-8.05935e-23
-8.06084e-23
-8.0639e-23
-8.06317e-23
-8.06268e-23
-8.0643e-23
-8.0672e-23
-8.06661e-23
-8.06457e-23
-8.06479e-23
-8.06557e-23
-8.06582e-23
-8.06343e-23
-8.06448e-23
-8.06451e-23
-8.06471e-23
-8.06394e-23
-8.06427e-23
-8.06276e-23
-8.06165e-23
-8.06265e-23
-8.06214e-23
-8.06379e-23
-8.0652e-23
-8.06611e-23
-8.06874e-23
-8.07082e-23
-8.07275e-23
-8.07388e-23
-8.07259e-23
-8.07272e-23
-8.07269e-23
-8.07145e-23
-8.06998e-23
-8.06867e-23
-8.06787e-23
-8.06783e-23
-8.06922e-23
-8.07048e-23
-8.0714e-23
-8.07207e-23
-8.07458e-23
-8.07499e-23
-8.07332e-23
-8.07205e-23
-8.07159e-23
-8.07129e-23
-8.07013e-23
-8.06967e-23
-8.06992e-23
-8.07087e-23
-8.07159e-23
-8.0714e-23
-8.06965e-23
-8.07043e-23
-8.07155e-23
-8.07082e-23
-8.07048e-23
-8.06995e-23
-8.07206e-23
-8.0723e-23
-8.07114e-23
-8.07315e-23
-8.07134e-23
-8.07208e-23
-8.07229e-23
-8.07011e-23
-8.06845e-23
-8.06871e-23
-8.06766e-23
-8.06815e-23
-8.06965e-23
-8.07145e-23
-8.0704e-23
-8.07131e-23
-8.07031e-23
-8.06887e-23
-8.07046e-23
-8.06961e-23
-8.07041e-23
-8.07184e-23
-8.07313e-23
-8.06996e-23
-8.06893e-23
-8.07023e-23
-8.0717e-23
-8.07136e-23
-8.06941e-23
-8.06858e-23
-8.06827e-23
-8.0689e-23
-8.06969e-23
-8.07074e-23
-8.0698e-23
-8.06893e-23
-8.06698e-23
-8.06736e-23
-8.06665e-23
-8.06883e-23
-8.06802e-23
-8.06917e-23
-8.06796e-23
-8.06645e-23
-8.06571e-23
-8.06692e-23
-8.06679e-23
-8.066e-23
-8.06605e-23
-8.06581e-23
-8.06794e-23
-8.06758e-23
-8.06538e-23
-8.06427e-23
-8.06598e-23
-8.06527e-23
-8.06438e-23
-8.06583e-23
-8.06612e-23
-8.06527e-23
-8.06688e-23
-8.06912e-23
-8.06978e-23
-8.07247e-23
-8.07374e-23
-8.07587e-23
-8.07337e-23
-8.07365e-23
-8.07408e-23
-8.07532e-23
-8.07532e-23
-8.07468e-23
-8.07639e-23
-8.07894e-23
-8.07739e-23
-8.07612e-23
-8.07705e-23
-8.07734e-23
-8.07581e-23
-8.07449e-23
-8.07102e-23
-8.07098e-23
-8.06917e-23
-8.06793e-23
-8.06923e-23
-8.06701e-23
-8.06835e-23
-8.07008e-23
-8.0723e-23
-8.07393e-23
-8.07484e-23
-8.07358e-23
-8.07444e-23
-8.07298e-23
-8.0719e-23
-8.06767e-23
-8.06404e-23
-8.06028e-23
-8.05719e-23
-8.05679e-23
-8.05534e-23
-8.05478e-23
-8.05727e-23
-8.05672e-23
-8.06194e-23
-8.06345e-23
-8.06497e-23
-8.06848e-23
-8.0714e-23
-8.07439e-23
-8.07553e-23
-8.07589e-23
-8.07559e-23
-8.07472e-23
-8.07425e-23
-8.07297e-23
-8.07378e-23
-8.07449e-23
-8.07317e-23
-8.07327e-23
-8.07411e-23
-8.07383e-23
-8.07227e-23
-8.07091e-23
-8.07059e-23
-8.06791e-23
-8.06664e-23
-8.06823e-23
-8.07103e-23
-8.0709e-23
-8.07222e-23
-8.07394e-23
-8.07685e-23
-8.07837e-23
-8.07983e-23
-8.07813e-23
-8.07959e-23
-8.07996e-23
-8.07979e-23
-8.08029e-23
-8.08116e-23
-8.08084e-23
-8.08e-23
-8.08056e-23
-8.0813e-23
-8.07976e-23
-8.07765e-23
-8.07918e-23
-8.0803e-23
-8.08073e-23
-8.08268e-23
-8.08359e-23
-8.084e-23
-8.08443e-23
-8.08448e-23
-8.08343e-23
-8.08223e-23
-8.08377e-23
-8.0818e-23
-8.07985e-23
-8.08013e-23
-8.08036e-23
-8.07888e-23
-8.07977e-23
-8.07829e-23
-8.07489e-23
-8.07417e-23
-8.07155e-23
-8.0709e-23
-8.06798e-23
-8.06955e-23
-8.06946e-23
-8.06992e-23
-8.07043e-23
-8.07206e-23
-8.0748e-23
-8.07633e-23
-8.0755e-23
-8.07506e-23
-8.07465e-23
-8.07496e-23
-8.07547e-23
-8.07598e-23
-8.07243e-23
-8.07238e-23
-8.07163e-23
-8.07165e-23
-8.07039e-23
-8.07096e-23
-8.06834e-23
-8.06774e-23
-8.06909e-23
-8.06917e-23
-8.06819e-23
-8.06814e-23
-8.06706e-23
-8.06823e-23
-8.06888e-23
-8.06848e-23
-8.06818e-23
-8.06865e-23
-8.0691e-23
-8.07097e-23
-8.07407e-23
-8.07548e-23
-8.07648e-23
-8.07727e-23
-8.07815e-23
-8.07534e-23
-8.07393e-23
-8.0709e-23
-8.06916e-23
-8.06727e-23
-8.06518e-23
-8.0653e-23
-8.06368e-23
-8.06724e-23
-8.06717e-23
-8.0667e-23
-8.06777e-23
-8.06844e-23
-8.0704e-23
-8.06995e-23
-8.07061e-23
-8.07003e-23
-8.06887e-23
-8.06925e-23
-8.06798e-23
-8.06789e-23
-8.06826e-23
-8.0679e-23
-8.06967e-23
-8.07029e-23
-8.07087e-23
-8.07191e-23
-8.07321e-23
-8.07242e-23
-8.07321e-23
-8.07457e-23
-8.07615e-23
-8.07512e-23
-8.07533e-23
-8.07476e-23
-8.07331e-23
-8.07345e-23
-8.07281e-23
-8.07393e-23
-8.07472e-23
-8.07523e-23
-8.07519e-23
-8.07667e-23
-8.07868e-23
-8.07778e-23
-8.07729e-23
-8.07357e-23
-8.07341e-23
-8.07405e-23
-8.07178e-23
-8.07483e-23
-8.07587e-23
-8.07672e-23
-8.07884e-23
-8.07962e-23
-8.07873e-23
-8.07938e-23
-8.07972e-23
-8.07884e-23
-8.07679e-23
-8.07742e-23
-8.07537e-23
-8.07652e-23
-8.07591e-23
-8.07741e-23
-8.07684e-23
-8.07592e-23
-8.07563e-23
-8.07574e-23
-8.0746e-23
-8.07625e-23
-8.07648e-23
-8.07714e-23
-8.07679e-23
-8.07613e-23
-8.07719e-23
-8.07718e-23
-8.0767e-23
-8.07578e-23
-8.07441e-23
-8.07432e-23
-8.07052e-23
-8.06883e-23
-8.06773e-23
-8.06674e-23
-8.06731e-23
-8.06947e-23
-8.07195e-23
-8.07262e-23
-8.07352e-23
-8.07227e-23
-8.07219e-23
-8.07015e-23
-8.0694e-23
-8.07083e-23
-8.07142e-23
-8.0699e-23
-8.06809e-23
-8.06933e-23
-8.07024e-23
-8.07155e-23
-8.07279e-23
-8.0708e-23
-8.07142e-23
-8.0717e-23
-8.07282e-23
-8.07361e-23
-8.07056e-23
-8.07113e-23
-8.07195e-23
-8.0707e-23
-8.07211e-23
-8.07253e-23
-8.07181e-23
-8.07293e-23
-8.07301e-23
-8.0748e-23
-8.07591e-23
-8.07712e-23
-8.07801e-23
-8.0763e-23
-8.07427e-23
-8.07111e-23
-8.06958e-23
-8.0697e-23
-8.07083e-23
-8.0702e-23
-8.06866e-23
-8.06777e-23
-8.06611e-23
-8.06403e-23
-8.06283e-23
-8.06292e-23
-8.06105e-23
-8.06042e-23
-8.06097e-23
-8.06259e-23
-8.06427e-23
-8.06375e-23
-8.06296e-23
-8.06386e-23
-8.06493e-23
-8.06522e-23
-8.06783e-23
-8.06887e-23
-8.07012e-23
-8.07117e-23
-8.07229e-23
-8.07091e-23
-8.07088e-23
-8.07039e-23
-8.06832e-23
-8.06698e-23
-8.06806e-23
-8.06624e-23
-8.06597e-23
-8.06693e-23
-8.06648e-23
-8.06826e-23
-8.06987e-23
-8.07085e-23
-8.06923e-23
-8.06975e-23
-8.06993e-23
-8.06892e-23
-8.06935e-23
-8.06881e-23
-8.06769e-23
-8.06637e-23
-8.06681e-23
-8.06523e-23
-8.06733e-23
-8.06488e-23
-8.06395e-23
-8.06498e-23
-8.06748e-23
-8.06789e-23
-8.06932e-23
-8.06783e-23
-8.06757e-23
-8.06707e-23
-8.0676e-23
-8.06592e-23
-8.06593e-23
-8.067e-23
-8.06658e-23
-8.06691e-23
-8.0674e-23
-8.06647e-23
-8.06559e-23
-8.06364e-23
-8.06339e-23
-8.06551e-23
-8.06664e-23
-8.06564e-23
-8.06604e-23
-8.06778e-23
-8.06763e-23
-8.0671e-23
-8.06678e-23
-8.06883e-23
-8.06878e-23
-8.06881e-23
-8.06614e-23
-8.06661e-23
-8.06627e-23
-8.06496e-23
-8.06501e-23
-8.06545e-23
-8.06523e-23
-8.06673e-23
-8.06787e-23
-8.06791e-23
-8.06871e-23
-8.06901e-23
-8.06885e-23
-8.07052e-23
-8.07112e-23
-8.07095e-23
-8.07029e-23
-8.06856e-23
-8.06969e-23
-8.06906e-23
-8.06871e-23
-8.06645e-23
-8.06694e-23
-8.06838e-23
-8.0705e-23
-8.07116e-23
-8.07056e-23
-8.0682e-23
-8.06561e-23
-8.06447e-23
-8.06269e-23
-8.0647e-23
-8.06461e-23
-8.06464e-23
-8.06731e-23
-8.0682e-23
-8.0687e-23
-8.06926e-23
-8.07083e-23
-8.07047e-23
-8.07023e-23
-8.0711e-23
-8.07114e-23
-8.07342e-23
-8.07493e-23
-8.07559e-23
-8.07314e-23
-8.07393e-23
-8.07551e-23
-8.07638e-23
-8.0769e-23
-8.07677e-23
-8.07695e-23
-8.07716e-23
-8.0778e-23
-8.07676e-23
-8.076e-23
-8.07557e-23
-8.07704e-23
-8.07686e-23
-8.0765e-23
-8.07544e-23
-7.44603e-23
-7.44318e-23
-7.44009e-23
-7.43905e-23
-7.43951e-23
-7.43745e-23
-7.43493e-23
-7.43272e-23
-7.4325e-23
-7.43143e-23
-7.43389e-23
-7.43499e-23
-7.43618e-23
-7.43869e-23
-7.44015e-23
-7.44326e-23
-7.44765e-23
-7.44884e-23
-7.44983e-23
-7.44927e-23
-7.44937e-23
-7.44469e-23
-7.44106e-23
-7.44103e-23
-7.43998e-23
-7.43943e-23
-7.4367e-23
-7.43767e-23
-7.43633e-23
-7.4367e-23
-7.43756e-23
-7.43858e-23
-7.44077e-23
-7.44326e-23
-7.44404e-23
-7.44525e-23
-7.44501e-23
-7.44609e-23
-7.44532e-23
-7.445e-23
-7.44344e-23
-7.44132e-23
-7.44018e-23
-7.44186e-23
-7.44299e-23
-7.44094e-23
-7.4408e-23
-7.44038e-23
-7.44004e-23
-7.43939e-23
-7.43762e-23
-7.43733e-23
-7.43695e-23
-7.43646e-23
-7.44046e-23
-7.44014e-23
-7.44059e-23
-7.44099e-23
-7.44005e-23
-7.44011e-23
-7.4407e-23
-7.44161e-23
-7.44194e-23
-7.44457e-23
-7.44349e-23
-7.44499e-23
-7.44296e-23
-7.44266e-23
-7.44088e-23
-7.44053e-23
-7.44299e-23
-7.44464e-23
-7.44467e-23
-7.44564e-23
-7.44553e-23
-7.44622e-23
-7.44581e-23
-7.44348e-23
-7.4419e-23
-7.43944e-23
-7.43681e-23
-7.43558e-23
-7.43412e-23
-7.4379e-23
-7.44068e-23
-7.441e-23
-7.44219e-23
-7.44255e-23
-7.44138e-23
-7.44125e-23
-7.44247e-23
-7.44342e-23
-7.44385e-23
-7.44209e-23
-7.44201e-23
-7.4439e-23
-7.44543e-23
-7.44468e-23
-7.44441e-23
-7.44241e-23
-7.442e-23
-7.44048e-23
-7.44223e-23
-7.44075e-23
-7.43912e-23
-7.43787e-23
-7.43735e-23
-7.43712e-23
-7.43634e-23
-7.4395e-23
-7.43824e-23
-7.44144e-23
-7.43941e-23
-7.43959e-23
-7.43895e-23
-7.43882e-23
-7.43789e-23
-7.44081e-23
-7.4405e-23
-7.44065e-23
-7.43937e-23
-7.4383e-23
-7.43638e-23
-7.43545e-23
-7.43544e-23
-7.43715e-23
-7.43923e-23
-7.4426e-23
-7.4426e-23
-7.44407e-23
-7.44294e-23
-7.44152e-23
-7.44022e-23
-7.43729e-23
-7.4366e-23
-7.4364e-23
-7.43748e-23
-7.4369e-23
-7.43683e-23
-7.43526e-23
-7.43303e-23
-7.4336e-23
-7.43092e-23
-7.42955e-23
-7.43019e-23
-7.43158e-23
-7.43177e-23
-7.43226e-23
-7.43451e-23
-7.43543e-23
-7.43602e-23
-7.43508e-23
-7.43387e-23
-7.43225e-23
-7.4327e-23
-7.43324e-23
-7.43183e-23
-7.43373e-23
-7.43461e-23
-7.436e-23
-7.43777e-23
-7.44131e-23
-7.44301e-23
-7.4446e-23
-7.44779e-23
-7.44952e-23
-7.45257e-23
-7.45155e-23
-7.4513e-23
-7.45188e-23
-7.45053e-23
-7.44742e-23
-7.44599e-23
-7.44352e-23
-7.44311e-23
-7.44463e-23
-7.44491e-23
-7.44537e-23
-7.45173e-23
-7.45396e-23
-7.45509e-23
-7.45455e-23
-7.45444e-23
-7.4501e-23
-7.45037e-23
-7.45069e-23
-7.44947e-23
-7.44693e-23
-7.44507e-23
-7.44239e-23
-7.44135e-23
-7.44086e-23
-7.44085e-23
-7.43988e-23
-7.44006e-23
-7.44057e-23
-7.44121e-23
-7.43906e-23
-7.43756e-23
-7.43612e-23
-7.43646e-23
-7.43628e-23
-7.43487e-23
-7.43436e-23
-7.43357e-23
-7.43651e-23
-7.44102e-23
-7.44164e-23
-7.44058e-23
-7.44114e-23
-7.44235e-23
-7.44302e-23
-7.44176e-23
-7.44002e-23
-7.44016e-23
-7.4376e-23
-7.4375e-23
-7.43803e-23
-7.43791e-23
-7.43802e-23
-7.43758e-23
-7.43488e-23
-7.43649e-23
-7.43769e-23
-7.43889e-23
-7.43831e-23
-7.43824e-23
-7.43801e-23
-7.43912e-23
-7.43987e-23
-7.4396e-23
-7.4397e-23
-7.44e-23
-7.44124e-23
-7.4431e-23
-7.44583e-23
-7.44577e-23
-7.4484e-23
-7.44898e-23
-7.44854e-23
-7.44691e-23
-7.44286e-23
-7.441e-23
-7.43916e-23
-7.43741e-23
-7.43236e-23
-7.43068e-23
-7.4297e-23
-7.43123e-23
-7.43082e-23
-7.4334e-23
-7.4354e-23
-7.43885e-23
-7.43895e-23
-7.43952e-23
-7.43615e-23
-7.43614e-23
-7.4371e-23
-7.43552e-23
-7.434e-23
-7.43661e-23
-7.43769e-23
-7.4379e-23
-7.43614e-23
-7.43585e-23
-7.43634e-23
-7.4362e-23
-7.43563e-23
-7.43446e-23
-7.43691e-23
-7.43833e-23
-7.43813e-23
-7.4404e-23
-7.43967e-23
-7.44063e-23
-7.44268e-23
-7.44334e-23
-7.44381e-23
-7.44642e-23
-7.44709e-23
-7.44825e-23
-7.44934e-23
-7.44742e-23
-7.44587e-23
-7.44693e-23
-7.4496e-23
-7.44869e-23
-7.44734e-23
-7.44805e-23
-7.4486e-23
-7.44926e-23
-7.44752e-23
-7.44472e-23
-7.44325e-23
-7.44168e-23
-7.442e-23
-7.44006e-23
-7.43739e-23
-7.43964e-23
-7.44108e-23
-7.43927e-23
-7.43843e-23
-7.43889e-23
-7.44027e-23
-7.44177e-23
-7.44383e-23
-7.44602e-23
-7.44956e-23
-7.44775e-23
-7.4481e-23
-7.44807e-23
-7.44808e-23
-7.44959e-23
-7.44702e-23
-7.44667e-23
-7.44585e-23
-7.44346e-23
-7.44072e-23
-7.43746e-23
-7.43331e-23
-7.43174e-23
-7.43078e-23
-7.43017e-23
-7.43196e-23
-7.43364e-23
-7.43557e-23
-7.43527e-23
-7.43706e-23
-7.43715e-23
-7.43726e-23
-7.43796e-23
-7.43602e-23
-7.43482e-23
-7.43564e-23
-7.43585e-23
-7.43618e-23
-7.43793e-23
-7.43815e-23
-7.43867e-23
-7.44008e-23
-7.43907e-23
-7.44034e-23
-7.43922e-23
-7.43675e-23
-7.4349e-23
-7.43678e-23
-7.43746e-23
-7.43796e-23
-7.43823e-23
-7.43926e-23
-7.43822e-23
-7.43717e-23
-7.4365e-23
-7.43662e-23
-7.43707e-23
-7.43832e-23
-7.43723e-23
-7.43832e-23
-7.43959e-23
-7.44029e-23
-7.44115e-23
-7.44102e-23
-7.43985e-23
-7.43761e-23
-7.43826e-23
-7.43769e-23
-7.43648e-23
-7.43614e-23
-7.43857e-23
-7.44003e-23
-7.44091e-23
-7.44225e-23
-7.44097e-23
-7.44002e-23
-7.4389e-23
-7.44025e-23
-7.44095e-23
-7.43955e-23
-7.44454e-23
-7.44714e-23
-7.44865e-23
-7.4494e-23
-7.44924e-23
-7.44909e-23
-7.44556e-23
-7.44449e-23
-7.44562e-23
-7.44617e-23
-7.44798e-23
-7.45065e-23
-7.45284e-23
-7.45413e-23
-7.45136e-23
-7.44929e-23
-7.44908e-23
-7.44656e-23
-7.44342e-23
-7.44367e-23
-7.44243e-23
-7.44309e-23
-7.44078e-23
-7.43846e-23
-7.43756e-23
-7.43792e-23
-7.43875e-23
-7.44144e-23
-7.44464e-23
-7.44658e-23
-7.44757e-23
-7.44807e-23
-7.44767e-23
-7.44585e-23
-7.44617e-23
-7.44605e-23
-7.44508e-23
-7.44678e-23
-7.44823e-23
-7.44897e-23
-7.44626e-23
-7.44691e-23
-7.44768e-23
-7.44698e-23
-7.44839e-23
-7.44727e-23
-7.44653e-23
-7.44692e-23
-7.44505e-23
-7.4433e-23
-7.44339e-23
-7.44368e-23
-7.44647e-23
-7.44885e-23
-7.45047e-23
-7.45208e-23
-7.45151e-23
-7.44862e-23
-7.44809e-23
-7.44799e-23
-7.44725e-23
-7.44816e-23
-7.44778e-23
-7.44742e-23
-7.44683e-23
-7.44518e-23
-7.44597e-23
-7.44421e-23
-7.44444e-23
-7.44168e-23
-7.44139e-23
-7.43896e-23
-7.43901e-23
-7.43665e-23
-7.43543e-23
-7.43553e-23
-7.43629e-23
-7.43702e-23
-7.43792e-23
-7.4364e-23
-7.4373e-23
-7.43582e-23
-7.43667e-23
-7.43481e-23
-7.43688e-23
-7.43791e-23
-7.43974e-23
-7.43934e-23
-7.43693e-23
-7.43659e-23
-7.43442e-23
-7.43589e-23
-7.43653e-23
-7.43905e-23
-7.43826e-23
-7.43976e-23
-7.44035e-23
-7.44187e-23
-7.44328e-23
-7.44281e-23
-7.44152e-23
-7.44247e-23
-7.44254e-23
-7.44288e-23
-7.44217e-23
-7.44067e-23
-7.44239e-23
-7.44106e-23
-7.442e-23
-7.43935e-23
-7.43899e-23
-7.43826e-23
-7.43779e-23
-7.43734e-23
-7.43826e-23
-7.43871e-23
-7.4393e-23
-7.44061e-23
-7.44345e-23
-7.4444e-23
-7.44478e-23
-7.4426e-23
-7.44147e-23
-7.43951e-23
-7.43865e-23
-7.43506e-23
-7.43392e-23
-7.43303e-23
-7.43326e-23
-7.43491e-23
-7.43953e-23
-7.43856e-23
-7.43872e-23
-7.44026e-23
-7.44245e-23
-7.44345e-23
-7.44327e-23
-7.44336e-23
-7.44273e-23
-7.44299e-23
-7.44477e-23
-7.44552e-23
-7.44222e-23
-7.44245e-23
-7.4431e-23
-7.44465e-23
-7.44349e-23
-7.44319e-23
-7.44193e-23
-7.43972e-23
-7.43891e-23
-7.43927e-23
-7.43981e-23
-7.44033e-23
-7.44388e-23
-7.44749e-23
-7.44999e-23
-7.4487e-23
-7.44944e-23
-7.44995e-23
-7.44906e-23
-7.45068e-23
-7.44483e-23
-7.44283e-23
-7.44151e-23
-7.43934e-23
-7.43955e-23
-7.44047e-23
-7.44017e-23
-7.44331e-23
-7.44454e-23
-7.44775e-23
-7.44894e-23
-7.44856e-23
-7.44636e-23
-7.44436e-23
-7.4459e-23
-7.44618e-23
-7.44777e-23
-7.44893e-23
-7.44834e-23
-7.44669e-23
-7.44684e-23
-7.44659e-23
-7.44371e-23
-7.44081e-23
-7.44023e-23
-7.43924e-23
-7.44013e-23
-7.4419e-23
-7.44542e-23
-7.44766e-23
-7.44847e-23
-7.44802e-23
-7.44943e-23
-7.44835e-23
-7.44882e-23
-7.44823e-23
-7.44772e-23
-7.44796e-23
-7.44796e-23
-7.44778e-23
-7.44934e-23
-7.45042e-23
-7.44925e-23
-7.44775e-23
-7.44459e-23
-7.44172e-23
-7.43948e-23
-7.43995e-23
-7.4422e-23
-7.44067e-23
-7.44122e-23
-7.43989e-23
-7.43899e-23
-7.44098e-23
-7.442e-23
-7.44622e-23
-7.44436e-23
-7.44457e-23
-7.44416e-23
-7.44246e-23
-7.44016e-23
-7.43759e-23
-7.43435e-23
-7.43317e-23
-7.4326e-23
-7.43089e-23
-7.42878e-23
-7.42855e-23
-7.42931e-23
-7.43169e-23
-7.43376e-23
-7.43612e-23
-7.44026e-23
-7.44491e-23
-7.44722e-23
-7.44857e-23
-7.4484e-23
-7.44817e-23
-7.44804e-23
-7.4484e-23
-7.44734e-23
-7.44735e-23
-7.44669e-23
-7.44447e-23
-7.44412e-23
-7.44132e-23
-7.43956e-23
-7.43969e-23
-7.44183e-23
-7.44549e-23
-7.44924e-23
-7.45126e-23
-7.45421e-23
-7.45428e-23
-7.45498e-23
-7.45663e-23
-7.45359e-23
-7.4504e-23
-7.44751e-23
-7.44512e-23
-7.44346e-23
-7.44176e-23
-7.44076e-23
-7.43984e-23
-7.43797e-23
-7.43825e-23
-7.43848e-23
-7.43586e-23
-7.4365e-23
-7.43721e-23
-7.43915e-23
-7.43958e-23
-7.43899e-23
-7.43921e-23
-7.44285e-23
-7.44487e-23
-7.44651e-23
-7.44826e-23
-7.44747e-23
-7.44597e-23
-7.44634e-23
-7.44683e-23
-7.44634e-23
-7.44594e-23
-7.44531e-23
-7.44595e-23
-7.44527e-23
-7.44454e-23
-7.44218e-23
-7.44067e-23
-7.43866e-23
-7.43807e-23
-7.43779e-23
-7.4358e-23
-7.43578e-23
-7.43591e-23
-7.43649e-23
-7.43713e-23
-7.44022e-23
-7.44309e-23
-7.44363e-23
-7.44736e-23
-7.44842e-23
-7.44859e-23
-7.44725e-23
-7.44613e-23
-7.44423e-23
-7.44214e-23
-7.44133e-23
-7.44153e-23
-7.44292e-23
-7.44208e-23
-7.44138e-23
-7.43795e-23
-7.43734e-23
-7.43699e-23
-7.43587e-23
-7.43754e-23
-7.43838e-23
-7.43841e-23
-7.43826e-23
-7.43872e-23
-7.44009e-23
-7.43898e-23
-7.44121e-23
-7.44405e-23
-7.44312e-23
-7.44411e-23
-7.44479e-23
-7.44704e-23
-7.44641e-23
-7.44766e-23
-7.44574e-23
-7.44605e-23
-7.44542e-23
-7.44416e-23
-7.44475e-23
-7.44589e-23
-7.44537e-23
-7.44323e-23
-7.44351e-23
-7.44077e-23
-7.43855e-23
-7.43709e-23
-7.43669e-23
-7.43819e-23
-7.43805e-23
-7.43873e-23
-7.44125e-23
-7.44267e-23
-7.44132e-23
-7.44251e-23
-7.44118e-23
-7.43964e-23
-7.43919e-23
-7.43819e-23
-7.43933e-23
-7.44132e-23
-7.44511e-23
-7.44541e-23
-7.44607e-23
-7.44809e-23
-7.44735e-23
-7.44781e-23
-7.44519e-23
-7.44318e-23
-7.43989e-23
-7.43705e-23
-7.43769e-23
-7.43837e-23
-7.43966e-23
-7.44296e-23
-7.44658e-23
-7.44673e-23
-7.44846e-23
-7.44915e-23
-7.44442e-23
-7.44343e-23
-7.43997e-23
-7.43453e-23
-7.43344e-23
-7.4326e-23
-7.43442e-23
-7.435e-23
-7.43712e-23
-7.43726e-23
-7.43824e-23
-7.43757e-23
-7.43736e-23
-7.43911e-23
-7.44264e-23
-7.44266e-23
-7.44129e-23
-7.43836e-23
-7.43515e-23
-7.43248e-23
-7.43172e-23
-7.43101e-23
-7.43078e-23
-7.42989e-23
-7.42995e-23
-7.43022e-23
-7.431e-23
-7.43188e-23
-7.4328e-23
-7.4327e-23
-7.43106e-23
-7.43067e-23
-7.42923e-23
-7.42815e-23
-7.42815e-23
-7.42889e-23
-7.43028e-23
-7.42749e-23
-7.42622e-23
-7.42851e-23
-7.42665e-23
-7.42716e-23
-7.42788e-23
-7.42633e-23
-7.42813e-23
-7.43173e-23
-7.43374e-23
-7.43908e-23
-7.43875e-23
-7.43835e-23
-7.43757e-23
-7.43451e-23
-7.43283e-23
-7.4348e-23
-7.43438e-23
-7.43564e-23
-7.43477e-23
-7.43527e-23
-7.43406e-23
-7.435e-23
-7.43402e-23
-7.43454e-23
-7.43677e-23
-7.43834e-23
-7.43787e-23
-7.43685e-23
-7.43717e-23
-7.43284e-23
-7.43218e-23
-7.43303e-23
-7.43579e-23
-7.4367e-23
-7.43576e-23
-7.43583e-23
-7.4367e-23
-7.43732e-23
-7.43673e-23
-7.43952e-23
-7.44165e-23
-7.44433e-23
-7.44495e-23
-7.44444e-23
-7.44469e-23
-7.444e-23
-7.44291e-23
-7.43919e-23
-7.4357e-23
-7.43186e-23
-7.42838e-23
-7.42886e-23
-7.42919e-23
-7.4338e-23
-7.43687e-23
-7.43828e-23
-7.44013e-23
-7.44038e-23
-7.43992e-23
-7.4386e-23
-7.43921e-23
-7.43725e-23
-7.43834e-23
-7.43633e-23
-7.43483e-23
-7.43325e-23
-7.43407e-23
-7.43213e-23
-7.43372e-23
-7.43345e-23
-7.4339e-23
-7.43379e-23
-7.43306e-23
-7.43419e-23
-7.43425e-23
-7.43449e-23
-7.43303e-23
-7.43021e-23
-7.42891e-23
-7.43239e-23
-7.43292e-23
-7.4319e-23
-7.43122e-23
-7.43446e-23
-7.43667e-23
-7.43501e-23
-7.43563e-23
-7.43424e-23
-7.43534e-23
-7.43566e-23
-7.4363e-23
-7.43796e-23
-7.43957e-23
-7.43987e-23
-7.44123e-23
-7.44126e-23
-7.44125e-23
-7.44116e-23
-7.44068e-23
-7.44248e-23
-7.44352e-23
-7.44572e-23
-7.44646e-23
-7.44811e-23
-7.44962e-23
-7.44722e-23
-7.4455e-23
-7.44556e-23
-7.44369e-23
-7.44519e-23
-7.44546e-23
-7.44717e-23
-7.44705e-23
-7.44605e-23
-7.44388e-23
-7.44215e-23
-7.44068e-23
-7.44167e-23
-7.44017e-23
-7.44155e-23
-7.4424e-23
-7.44634e-23
-7.44627e-23
-7.44662e-23
-7.44717e-23
-7.44537e-23
-7.4434e-23
-7.43868e-23
-7.43622e-23
-7.43287e-23
-7.43092e-23
-7.43005e-23
-7.4304e-23
-7.43304e-23
-7.43564e-23
-7.43868e-23
-7.44059e-23
-7.44228e-23
-7.44488e-23
-7.44649e-23
-7.44586e-23
-7.44338e-23
-7.43835e-23
-7.43736e-23
-7.43639e-23
-7.43311e-23
-7.43255e-23
-7.43479e-23
-7.43606e-23
-7.43748e-23
-7.43561e-23
-7.43564e-23
-7.43826e-23
-7.44046e-23
-7.44359e-23
-7.44522e-23
-7.44743e-23
-7.44913e-23
-7.44892e-23
-7.4501e-23
-7.44817e-23
-7.44728e-23
-7.44423e-23
-7.443e-23
-7.44068e-23
-7.44036e-23
-7.43883e-23
-7.43961e-23
-7.44375e-23
-7.44703e-23
-7.45263e-23
-7.4542e-23
-7.45577e-23
-7.45406e-23
-7.45136e-23
-7.45074e-23
-7.44745e-23
-7.4469e-23
-7.44432e-23
-7.44404e-23
-7.44552e-23
-7.44618e-23
-7.44587e-23
-7.44506e-23
-7.44329e-23
-7.44337e-23
-7.44445e-23
-7.44478e-23
-7.44292e-23
-7.4436e-23
-7.44636e-23
-7.44905e-23
-7.44954e-23
-7.4493e-23
-7.44954e-23
-7.44905e-23
-7.44886e-23
-7.44726e-23
-7.44679e-23
-7.4447e-23
-7.44464e-23
-7.4467e-23
-7.44673e-23
-7.44544e-23
-7.4459e-23
-7.44742e-23
