-1.33406e-22
-1.33302e-22
-1.33123e-22
-1.32849e-22
-1.32457e-22
-1.31924e-22
-1.31262e-22
-1.30382e-22
-1.2933e-22
-1.2806e-22
-1.2659e-22
-1.24927e-22
-1.23112e-22
-1.21194e-22
-1.19336e-22
-1.17618e-22
-1.16144e-22
-1.14985e-22
-1.14205e-22
-1.138e-22
-1.13702e-22
-1.13896e-22
-1.14251e-22
-1.14746e-22
-1.15293e-22
-1.15861e-22
-1.16383e-22
-1.1689e-22
-1.17287e-22
-1.17635e-22
-1.17905e-22
-1.18086e-22
-1.182e-22
-1.18264e-22
-1.18281e-22
-1.18209e-22
-1.18053e-22
-1.17852e-22
-1.17607e-22
-1.17327e-22
-1.17052e-22
-1.16812e-22
-1.16605e-22
-1.16488e-22
-1.16447e-22
-1.16474e-22
-1.16628e-22
-1.16808e-22
-1.17026e-22
-1.17252e-22
-1.17459e-22
-1.17623e-22
-1.17733e-22
-1.17764e-22
-1.17742e-22
-1.17695e-22
-1.17623e-22
-1.17519e-22
-1.17434e-22
-1.17374e-22
-1.17354e-22
-1.17363e-22
-1.17412e-22
-1.17481e-22
-1.17557e-22
-1.17638e-22
-1.1771e-22
-1.17768e-22
-1.17816e-22
-1.17825e-22
-1.17795e-22
-1.17735e-22
-1.17646e-22
-1.17515e-22
-1.17345e-22
-1.17176e-22
-1.17005e-22
-1.16846e-22
-1.16743e-22
-1.16663e-22
-1.16622e-22
-1.16589e-22
-1.16563e-22
-1.16543e-22
-1.16517e-22
-1.16491e-22
-1.1642e-22
-1.16334e-22
-1.16251e-22
-1.16135e-22
-1.16021e-22
-1.15929e-22
-1.15886e-22
-1.15893e-22
-1.15963e-22
-1.1606e-22
-1.16172e-22
-1.16302e-22
-1.16448e-22
-1.16572e-22
-1.16655e-22
-1.16721e-22
-1.16733e-22
-1.16708e-22
-1.16624e-22
-1.16504e-22
-1.1634e-22
-1.16189e-22
-1.16041e-22
-1.15937e-22
-1.15839e-22
-1.15805e-22
-1.15814e-22
-1.15845e-22
-1.15872e-22
-1.15956e-22
-1.16052e-22
-1.16176e-22
-1.16286e-22
-1.16396e-22
-1.16489e-22
-1.16563e-22
-1.16593e-22
-1.16585e-22
-1.1655e-22
-1.16494e-22
-1.16482e-22
-1.16514e-22
-1.16635e-22
-1.16829e-22
-1.17088e-22
-1.17371e-22
-1.17619e-22
-1.17877e-22
-1.1803e-22
-1.18143e-22
-1.18194e-22
-1.18193e-22
-1.18174e-22
-1.18149e-22
-1.18127e-22
-1.18119e-22
-1.18109e-22
-1.18082e-22
-1.18047e-22
-1.17989e-22
-1.17901e-22
-1.17774e-22
-1.1762e-22
-1.17467e-22
-1.17322e-22
-1.17224e-22
-1.1713e-22
-1.17062e-22
-1.17036e-22
-1.17016e-22
-1.16989e-22
-1.16958e-22
-1.16929e-22
-1.16903e-22
-1.169e-22
-1.16928e-22
-1.1696e-22
-1.17047e-22
-1.17166e-22
-1.17313e-22
-1.17482e-22
-1.17637e-22
-1.17737e-22
-1.17792e-22
-1.17793e-22
-1.1771e-22
-1.17556e-22
-1.17366e-22
-1.17136e-22
-1.16946e-22
-1.16787e-22
-1.1668e-22
-1.16584e-22
-1.16507e-22
-1.16426e-22
-1.16368e-22
-1.1631e-22
-1.16277e-22
-1.16314e-22
-1.16404e-22
-1.1655e-22
-1.16737e-22
-1.16918e-22
-1.17079e-22
-1.17201e-22
-1.1725e-22
-1.1728e-22
-1.17248e-22
-1.17175e-22
-1.17089e-22
-1.16984e-22
-1.16873e-22
-1.16806e-22
-1.16688e-22
-1.16587e-22
-1.16481e-22
-1.16417e-22
-1.16385e-22
-1.16407e-22
-1.16506e-22
-1.16667e-22
-1.16882e-22
-1.1714e-22
-1.17447e-22
-1.17721e-22
-1.17947e-22
-1.18111e-22
-1.18217e-22
-1.1824e-22
-1.18194e-22
-1.18095e-22
-1.17928e-22
-1.17716e-22
-1.17498e-22
-1.17276e-22
-1.17041e-22
-1.1685e-22
-1.16717e-22
-1.16621e-22
-1.16546e-22
-1.16514e-22
-1.16508e-22
-1.16512e-22
-1.16513e-22
-1.16535e-22
-1.16549e-22
-1.16574e-22
-1.16604e-22
-1.16675e-22
-1.16732e-22
-1.16799e-22
-1.16853e-22
-1.16886e-22
-1.16888e-22
-1.16871e-22
-1.16833e-22
-1.16775e-22
-1.1671e-22
-1.16667e-22
-1.16649e-22
-1.16629e-22
-1.16645e-22
-1.16691e-22
-1.16744e-22
-1.16803e-22
-1.16866e-22
-1.169e-22
-1.1692e-22
-1.16899e-22
-1.16866e-22
-1.16825e-22
-1.16769e-22
-1.16713e-22
-1.1666e-22
-1.16604e-22
-1.16548e-22
-1.16503e-22
-1.16452e-22
-1.16372e-22
-1.16312e-22
-1.16263e-22
-1.16215e-22
-1.16174e-22
-1.16126e-22
-1.16104e-22
-1.16114e-22
-1.16132e-22
-1.16192e-22
-1.16268e-22
-1.16332e-22
-1.16443e-22
-1.16578e-22
-1.16716e-22
-1.16845e-22
-1.16931e-22
-1.17006e-22
-1.17051e-22
-1.17083e-22
-1.17118e-22
-1.1713e-22
-1.1713e-22
-1.17121e-22
-1.17126e-22
-1.17168e-22
-1.17243e-22
-1.17338e-22
-1.17452e-22
-1.1758e-22
-1.17683e-22
-1.17753e-22
-1.17776e-22
-1.1777e-22
-1.1769e-22
-1.17558e-22
-1.17353e-22
-1.17077e-22
-1.16755e-22
-1.16401e-22
-1.16067e-22
-1.15786e-22
-1.15607e-22
-1.15538e-22
-1.15599e-22
-1.15757e-22
-1.15933e-22
-1.16148e-22
-1.16302e-22
-1.16386e-22
-1.16405e-22
-1.16364e-22
-1.16218e-22
-1.16035e-22
-1.15827e-22
-1.15626e-22
-1.15455e-22
-1.15318e-22
-1.15239e-22
-1.15238e-22
-1.15289e-22
-1.15355e-22
-1.15451e-22
-1.15572e-22
-1.157e-22
-1.15802e-22
-1.15917e-22
-1.16013e-22
-1.16077e-22
-1.16111e-22
-1.16142e-22
-1.16167e-22
-1.16164e-22
-1.16181e-22
-1.16158e-22
-1.16095e-22
-1.15988e-22
-1.15836e-22
-1.1566e-22
-1.15462e-22
-1.15265e-22
-1.15074e-22
-1.14955e-22
-1.14897e-22
-1.14911e-22
-1.15001e-22
-1.15151e-22
-1.15321e-22
-1.15494e-22
-1.15691e-22
-1.15827e-22
-1.159e-22
-1.15925e-22
-1.15935e-22
-1.15914e-22
-1.15874e-22
-1.15818e-22
-1.15763e-22
-1.15761e-22
-1.15799e-22
-1.15876e-22
-1.15972e-22
-1.16135e-22
-1.16325e-22
-1.16546e-22
-1.16791e-22
-1.17052e-22
-1.17315e-22
-1.17563e-22
-1.17776e-22
-1.17954e-22
-1.18066e-22
-1.18103e-22
-1.18112e-22
-1.18061e-22
-1.17961e-22
-1.17826e-22
-1.17684e-22
-1.17518e-22
-1.17362e-22
-1.1721e-22
-1.17086e-22
-1.16962e-22
-1.16855e-22
-1.16725e-22
-1.16591e-22
-1.16443e-22
-1.16319e-22
-1.16205e-22
-1.16113e-22
-1.15996e-22
-1.15902e-22
-1.15793e-22
-1.15698e-22
-1.15574e-22
-1.15461e-22
-1.15389e-22
-1.15312e-22
-1.1529e-22
-1.15314e-22
-1.15394e-22
-1.15518e-22
-1.15662e-22
-1.1584e-22
-1.16017e-22
-1.16237e-22
-1.16473e-22
-1.16718e-22
-1.16988e-22
-1.1728e-22
-1.17564e-22
-1.17874e-22
-1.18143e-22
-1.18386e-22
-1.18555e-22
-1.18661e-22
-1.18702e-22
-1.18697e-22
-1.18625e-22
-1.18522e-22
-1.18407e-22
-1.18248e-22
-1.18037e-22
-1.17785e-22
-1.17495e-22
-1.17156e-22
-1.16781e-22
-1.16357e-22
-1.15937e-22
-1.1556e-22
-1.15266e-22
-1.15059e-22
-1.15e-22
-1.15062e-22
-1.1523e-22
-1.15478e-22
-1.15758e-22
-1.16055e-22
-1.16335e-22
-1.16554e-22
-1.16727e-22
-1.16867e-22
-1.1692e-22
-1.16964e-22
-1.1696e-22
-1.1693e-22
-1.16896e-22
-1.16835e-22
-1.16795e-22
-1.16781e-22
-1.1676e-22
-1.16734e-22
-1.16712e-22
-1.16673e-22
-1.16613e-22
-1.16541e-22
-1.1643e-22
-1.16313e-22
-1.16164e-22
-1.1604e-22
-1.1587e-22
-1.15701e-22
-1.15547e-22
-1.15383e-22
-1.15213e-22
-1.15063e-22
-1.14996e-22
-1.14947e-22
-1.14981e-22
-1.15052e-22
-1.15161e-22
-1.15289e-22
-1.15462e-22
-1.1563e-22
-1.15797e-22
-1.15931e-22
-1.16119e-22
-1.16293e-22
-1.16459e-22
-1.16613e-22
-1.16744e-22
-1.16851e-22
-1.16921e-22
-1.1695e-22
-1.16943e-22
-1.16877e-22
-1.1679e-22
-1.1665e-22
-1.16467e-22
-1.1625e-22
-1.15984e-22
-1.15698e-22
-1.1539e-22
-1.15104e-22
-1.14845e-22
-1.14617e-22
-1.14455e-22
-1.14333e-22
-1.14291e-22
-1.14291e-22
-1.14363e-22
-1.14488e-22
-1.14667e-22
-1.14877e-22
-1.15092e-22
-1.15306e-22
-1.15521e-22
-1.15692e-22
-1.15859e-22
-1.15981e-22
-1.16054e-22
-1.16065e-22
-1.16054e-22
-1.1601e-22
-1.15923e-22
-1.15814e-22
-1.15668e-22
-1.15506e-22
-1.15312e-22
-1.15151e-22
-1.1501e-22
-1.1492e-22
-1.14862e-22
-1.14871e-22
-1.14908e-22
-1.14986e-22
-1.15082e-22
-1.1521e-22
-1.15334e-22
-1.15448e-22
-1.15553e-22
-1.15616e-22
-1.15638e-22
-1.15613e-22
-1.1554e-22
-1.15438e-22
-1.15328e-22
-1.15216e-22
-1.15101e-22
-1.15034e-22
-1.14988e-22
-1.15014e-22
-1.15054e-22
-1.15132e-22
-1.15252e-22
-1.15377e-22
-1.15475e-22
-1.15565e-22
-1.15679e-22
-1.15785e-22
-1.15919e-22
-1.16031e-22
-1.16138e-22
-1.16248e-22
-1.16345e-22
-1.16406e-22
-1.16429e-22
-1.16431e-22
-1.16386e-22
-1.16336e-22
-1.1628e-22
-1.16203e-22
-1.16151e-22
-1.16083e-22
-1.16018e-22
-1.15919e-22
-1.15852e-22
-1.15761e-22
-1.15638e-22
-1.15496e-22
-1.15355e-22
-1.152e-22
-1.15024e-22
-1.14844e-22
-1.1466e-22
-1.14473e-22
-1.14317e-22
-1.14182e-22
-1.14035e-22
-1.13923e-22
-1.13821e-22
-1.13712e-22
-1.13618e-22
-1.13577e-22
-1.13537e-22
-1.13546e-22
-1.13557e-22
-1.13561e-22
-1.13611e-22
-1.13634e-22
-1.13675e-22
-1.13739e-22
-1.13827e-22
-1.13904e-22
-1.14002e-22
-1.14095e-22
-1.14171e-22
-1.14264e-22
-1.14369e-22
-1.14484e-22
-1.14635e-22
-1.14812e-22
-1.1503e-22
-1.1528e-22
-1.15521e-22
-1.1575e-22
-1.15919e-22
-1.16035e-22
-1.16102e-22
-1.16118e-22
-1.1607e-22
-1.15955e-22
-1.15798e-22
-1.15594e-22
-1.15382e-22
-1.15157e-22
-1.14942e-22
-1.14727e-22
-1.14561e-22
-1.14429e-22
-1.14345e-22
-1.14305e-22
-1.14308e-22
-1.14333e-22
-1.14364e-22
-1.14434e-22
-1.14516e-22
-1.14609e-22
-1.14701e-22
-1.14792e-22
-1.14906e-22
-1.15009e-22
-1.15137e-22
-1.15257e-22
-1.15386e-22
-1.15496e-22
-1.15585e-22
-1.15629e-22
-1.15627e-22
-1.1558e-22
-1.15497e-22
-1.15365e-22
-1.15234e-22
-1.15079e-22
-1.1492e-22
-1.14791e-22
-1.14671e-22
-1.14583e-22
-1.14542e-22
-1.14509e-22
-1.14478e-22
-1.14426e-22
-1.14379e-22
-1.14319e-22
-1.14243e-22
-1.14132e-22
-1.14041e-22
-1.13943e-22
-1.13848e-22
-1.13775e-22
-1.1373e-22
-1.13714e-22
-1.1373e-22
-1.13767e-22
-1.13836e-22
-1.13922e-22
-1.14027e-22
-1.14153e-22
-1.14304e-22
-1.14477e-22
-1.14639e-22
-1.14805e-22
-1.14963e-22
-1.15089e-22
-1.15204e-22
-1.15333e-22
-1.15419e-22
-1.15506e-22
-1.1562e-22
-1.15755e-22
-1.15901e-22
-1.16054e-22
-1.16207e-22
-1.16351e-22
-1.16452e-22
-1.16514e-22
-1.16527e-22
-1.16507e-22
-1.16445e-22
-1.16405e-22
-1.16362e-22
-1.16343e-22
-1.1634e-22
-1.16395e-22
-1.16468e-22
-1.1659e-22
-1.16731e-22
-1.16885e-22
-1.1705e-22
-1.1716e-22
-1.1728e-22
-1.17382e-22
-1.17457e-22
-1.17498e-22
-1.17491e-22
-1.17429e-22
-1.17282e-22
-1.171e-22
-1.16882e-22
-1.16631e-22
-1.16387e-22
-1.16168e-22
-1.16e-22
-1.15888e-22
-1.15835e-22
-1.15818e-22
-1.15846e-22
-1.15902e-22
-1.1596e-22
-1.16045e-22
-1.16104e-22
-1.16172e-22
-1.16241e-22
-1.16265e-22
-1.16282e-22
-1.16267e-22
-1.16236e-22
-1.1622e-22
-1.16238e-22
-1.16254e-22
-1.16321e-22
-1.16381e-22
-1.16457e-22
-1.16556e-22
-1.16634e-22
-1.16702e-22
-1.16753e-22
-1.1682e-22
-1.16887e-22
-1.16978e-22
-1.17061e-22
-1.1719e-22
-1.17309e-22
-1.17426e-22
-1.17537e-22
-1.17625e-22
-1.17668e-22
-1.17676e-22
-1.1764e-22
-1.17548e-22
-1.17377e-22
-1.17175e-22
-1.16941e-22
-1.16683e-22
-1.16425e-22
-1.16218e-22
-1.16064e-22
-1.15979e-22
-1.15941e-22
-1.1594e-22
-1.15953e-22
-1.15986e-22
-1.16018e-22
-1.16045e-22
-1.16091e-22
-1.16125e-22
-1.16174e-22
-1.16247e-22
-1.1633e-22
-1.1643e-22
-1.16545e-22
-1.16677e-22
-1.16806e-22
-1.16903e-22
-1.16955e-22
-1.16912e-22
-1.16789e-22
-1.16611e-22
-1.16375e-22
-1.16144e-22
-1.15931e-22
-1.15795e-22
-1.15726e-22
-1.15739e-22
-1.15805e-22
-1.15898e-22
-1.16025e-22
-1.16167e-22
-1.16361e-22
-1.16537e-22
-1.16776e-22
-1.16988e-22
-1.17164e-22
-1.17298e-22
-1.17383e-22
-1.17411e-22
-1.17369e-22
-1.17276e-22
-1.17157e-22
-1.17002e-22
-1.16824e-22
-1.16632e-22
-1.16396e-22
-1.16155e-22
-1.15901e-22
-1.15631e-22
-1.15393e-22
-1.15223e-22
-1.15143e-22
-1.1518e-22
-1.15303e-22
-1.15513e-22
-1.15789e-22
-1.16096e-22
-1.16383e-22
-1.16657e-22
-1.16891e-22
-1.17045e-22
-1.17141e-22
-1.17171e-22
-1.1714e-22
-1.17074e-22
-1.16957e-22
-1.16845e-22
-1.16724e-22
-1.16599e-22
-1.16481e-22
-1.16372e-22
-1.16271e-22
-1.16193e-22
-1.16131e-22
-1.16081e-22
-1.16075e-22
-1.16112e-22
-1.16187e-22
-1.16285e-22
-1.16398e-22
-1.1651e-22
-1.1664e-22
-1.16736e-22
-1.16856e-22
-1.16979e-22
-1.17111e-22
-1.17227e-22
-1.17338e-22
-1.17415e-22
-1.17461e-22
-1.17482e-22
-1.17444e-22
-1.17379e-22
-1.17273e-22
-1.17094e-22
-1.16889e-22
-1.16628e-22
-1.16324e-22
-1.16005e-22
-1.15646e-22
-1.15299e-22
-1.1497e-22
-1.14736e-22
-1.14576e-22
-1.14516e-22
-1.14628e-22
-1.14812e-22
-1.15079e-22
-1.15381e-22
-1.1569e-22
-1.15966e-22
-1.16191e-22
-1.16344e-22
-1.16435e-22
-1.16502e-22
-1.16563e-22
-1.16601e-22
-1.1663e-22
-1.16637e-22
-1.16638e-22
-1.16616e-22
-1.16531e-22
-1.16415e-22
-1.16267e-22
-1.16097e-22
-1.15885e-22
-1.15687e-22
-1.15485e-22
-1.15276e-22
-1.1513e-22
-1.15044e-22
-1.15032e-22
-1.1512e-22
-1.15301e-22
-1.1553e-22
-1.15783e-22
-1.16017e-22
-1.16197e-22
-1.16319e-22
-1.16362e-22
-1.16334e-22
-1.16265e-22
-1.1616e-22
-1.16064e-22
-1.15992e-22
-1.15925e-22
-1.15899e-22
-1.15887e-22
-1.15925e-22
-1.16014e-22
-1.16146e-22
-1.16299e-22
-1.16486e-22
-1.16658e-22
-1.16851e-22
-1.17005e-22
-1.17118e-22
-1.17166e-22
-1.17193e-22
-1.17155e-22
-1.17098e-22
-1.17025e-22
-1.16953e-22
-1.16886e-22
-1.16837e-22
-1.16832e-22
-1.16843e-22
-1.16824e-22
-1.16809e-22
-1.16751e-22
-1.16705e-22
-1.16674e-22
-1.16734e-22
-1.16829e-22
-1.16976e-22
-1.17139e-22
-1.17304e-22
-1.17392e-22
-1.1743e-22
-1.17432e-22
-1.17369e-22
-1.17268e-22
-1.17124e-22
-1.16979e-22
-1.16809e-22
-1.16637e-22
-1.16462e-22
-1.16264e-22
-1.16069e-22
-1.15867e-22
-1.15659e-22
-1.15437e-22
-1.15214e-22
-1.15003e-22
-1.14802e-22
-1.14632e-22
-1.14507e-22
-1.14447e-22
-1.14438e-22
-1.14507e-22
-1.14664e-22
-1.14874e-22
-1.15133e-22
-1.15425e-22
-1.15678e-22
-1.15929e-22
-1.16163e-22
-1.16358e-22
-1.16504e-22
-1.16586e-22
-1.16613e-22
-1.16571e-22
-1.16474e-22
-1.1635e-22
-1.16174e-22
-1.15966e-22
-1.15789e-22
-1.15634e-22
-1.15512e-22
-1.15454e-22
-1.1544e-22
-1.15469e-22
-1.15523e-22
-1.15615e-22
-1.15733e-22
-1.15863e-22
-1.16013e-22
-1.16172e-22
-1.16315e-22
-1.16401e-22
-1.16457e-22
-1.16464e-22
-1.16401e-22
-1.16309e-22
-1.16176e-22
-1.16012e-22
-1.15815e-22
-1.15607e-22
-1.15392e-22
-1.15036e-22
-1.14477e-22
-1.1382e-22
-1.13067e-22
-1.12238e-22
-1.11362e-22
-1.10472e-22
-1.09625e-22
-1.0884e-22
-1.08166e-22
-1.07638e-22
-1.07292e-22
-1.07149e-22
-1.07202e-22
-1.07462e-22
-1.07889e-22
-1.08471e-22
-1.09161e-22
-1.09886e-22
-1.1058e-22
-1.11205e-22
-1.11697e-22
-1.11999e-22
-1.12105e-22
-1.11994e-22
-1.11683e-22
-1.11223e-22
-1.10689e-22
-1.10149e-22
-1.09674e-22
-1.09274e-22
-1.08919e-22
-1.08576e-22
-1.08207e-22
-1.07832e-22
-1.07477e-22
-1.07167e-22
-1.06939e-22
-1.06827e-22
-1.0686e-22
-1.07053e-22
-1.07407e-22
-1.07873e-22
-1.0843e-22
-1.08989e-22
-1.09524e-22
-1.09943e-22
-1.1023e-22
-1.10396e-22
-1.10465e-22
-1.10399e-22
-1.10238e-22
-1.09998e-22
-1.09642e-22
-1.09217e-22
-1.08786e-22
-1.08404e-22
-1.08069e-22
-1.07819e-22
-1.07658e-22
-1.07592e-22
-1.0759e-22
-1.07648e-22
-1.0774e-22
-1.07914e-22
-1.08181e-22
-1.08535e-22
-1.08957e-22
-1.09441e-22
-1.09904e-22
-1.10352e-22
-1.10712e-22
-1.1096e-22
-1.11047e-22
-1.10953e-22
-1.10664e-22
-1.10223e-22
-1.09693e-22
-1.09179e-22
-1.08744e-22
-1.0845e-22
-1.0831e-22
-1.0825e-22
-1.08286e-22
-1.08382e-22
-1.08557e-22
-1.08759e-22
-1.08986e-22
-1.09189e-22
-1.09304e-22
-1.09304e-22
-1.09161e-22
-1.08974e-22
-1.08805e-22
-1.0865e-22
-1.08569e-22
-1.08527e-22
-1.08495e-22
-1.08497e-22
-1.08515e-22
-1.08581e-22
-1.08751e-22
-1.09058e-22
-1.09474e-22
-1.09989e-22
-1.10537e-22
-1.11002e-22
-1.1139e-22
-1.11552e-22
-1.11505e-22
-1.11255e-22
-1.10861e-22
-1.10381e-22
-1.09885e-22
-1.09424e-22
-1.09065e-22
-1.08783e-22
-1.08605e-22
-1.08537e-22
-1.08546e-22
-1.0865e-22
-1.08823e-22
-1.08986e-22
-1.09151e-22
-1.09285e-22
-1.09345e-22
-1.09342e-22
-1.09186e-22
-1.08955e-22
-1.0865e-22
-1.08302e-22
-1.07991e-22
-1.07819e-22
-1.07843e-22
-1.08062e-22
-1.08385e-22
-1.08775e-22
-1.09147e-22
-1.09515e-22
-1.09842e-22
-1.10096e-22
-1.10286e-22
-1.10361e-22
-1.10312e-22
-1.1016e-22
-1.09982e-22
-1.09798e-22
-1.09687e-22
-1.09687e-22
-1.09759e-22
-1.09913e-22
-1.10124e-22
-1.10337e-22
-1.10523e-22
-1.10626e-22
-1.10659e-22
-1.10579e-22
-1.10411e-22
-1.10142e-22
-1.09787e-22
-1.0934e-22
-1.0887e-22
-1.08363e-22
-1.07828e-22
-1.07309e-22
-1.06813e-22
-1.06407e-22
-1.06121e-22
-1.05924e-22
-1.05878e-22
-1.05966e-22
-1.06188e-22
-1.06553e-22
-1.07037e-22
-1.07653e-22
-1.08353e-22
-1.09059e-22
-1.0972e-22
-1.10284e-22
-1.1068e-22
-1.10854e-22
-1.10829e-22
-1.10611e-22
-1.10218e-22
-1.09741e-22
-1.09249e-22
-1.08746e-22
-1.08346e-22
-1.08049e-22
-1.07852e-22
-1.07744e-22
-1.0773e-22
-1.07796e-22
-1.0795e-22
-1.08196e-22
-1.08528e-22
-1.08906e-22
-1.09311e-22
-1.09744e-22
-1.10155e-22
-1.10554e-22
-1.10899e-22
-1.11147e-22
-1.11318e-22
-1.11413e-22
-1.11438e-22
-1.11425e-22
-1.11371e-22
-1.11261e-22
-1.11083e-22
-1.1079e-22
-1.10447e-22
-1.10052e-22
-1.09698e-22
-1.09442e-22
-1.09387e-22
-1.09538e-22
-1.09893e-22
-1.10378e-22
-1.10894e-22
-1.11332e-22
-1.11637e-22
-1.11808e-22
-1.11792e-22
-1.11641e-22
-1.11361e-22
-1.10986e-22
-1.10562e-22
-1.10153e-22
-1.09753e-22
-1.09409e-22
-1.09089e-22
-1.08848e-22
-1.0866e-22
-1.08484e-22
-1.08301e-22
-1.08127e-22
-1.07927e-22
-1.07734e-22
-1.07529e-22
-1.07377e-22
-1.07282e-22
-1.0727e-22
-1.07355e-22
-1.07537e-22
-1.0781e-22
-1.08083e-22
-1.08353e-22
-1.08586e-22
-1.08789e-22
-1.08979e-22
-1.09119e-22
-1.09261e-22
-1.09411e-22
-1.09544e-22
-1.0966e-22
-1.09691e-22
-1.09633e-22
-1.09442e-22
-1.09152e-22
-1.0882e-22
-1.08478e-22
-1.082e-22
-1.08008e-22
-1.07945e-22
-1.07987e-22
-1.08134e-22
-1.08316e-22
-1.08561e-22
-1.08872e-22
-1.09229e-22
-1.09602e-22
-1.09902e-22
-1.10134e-22
-1.10198e-22
-1.10124e-22
-1.09891e-22
-1.09552e-22
-1.09156e-22
-1.08746e-22
-1.08401e-22
-1.08146e-22
-1.08049e-22
-1.08047e-22
-1.08177e-22
-1.08365e-22
-1.08536e-22
-1.08694e-22
-1.08793e-22
-1.08845e-22
-1.08847e-22
-1.08887e-22
-1.08952e-22
-1.09086e-22
-1.09299e-22
-1.09584e-22
-1.09899e-22
-1.10233e-22
-1.10566e-22
-1.10881e-22
-1.11151e-22
-1.11353e-22
-1.11441e-22
-1.11415e-22
-1.11225e-22
-1.10907e-22
-1.10496e-22
-1.10019e-22
-1.09512e-22
-1.09048e-22
-1.08617e-22
-1.08269e-22
-1.0803e-22
-1.07891e-22
-1.07813e-22
-1.07764e-22
-1.07672e-22
-1.07543e-22
-1.0736e-22
-1.07151e-22
-1.06945e-22
-1.06846e-22
-1.06845e-22
-1.07044e-22
-1.07413e-22
-1.07853e-22
-1.08311e-22
-1.08675e-22
-1.08873e-22
-1.08891e-22
-1.08778e-22
-1.08571e-22
-1.08316e-22
-1.08011e-22
-1.07721e-22
-1.07425e-22
-1.07138e-22
-1.06884e-22
-1.06651e-22
-1.06418e-22
-1.06224e-22
-1.06091e-22
-1.05973e-22
-1.05907e-22
-1.05822e-22
-1.05726e-22
-1.05671e-22
-1.0571e-22
-1.05882e-22
-1.06233e-22
-1.0672e-22
-1.0728e-22
-1.07796e-22
-1.08199e-22
-1.08444e-22
-1.08568e-22
-1.08568e-22
-1.08502e-22
-1.08391e-22
-1.08304e-22
-1.08258e-22
-1.08306e-22
-1.08425e-22
-1.08636e-22
-1.08931e-22
-1.09277e-22
-1.09683e-22
-1.1013e-22
-1.1055e-22
-1.10961e-22
-1.11304e-22
-1.11554e-22
-1.11697e-22
-1.11718e-22
-1.1158e-22
-1.11303e-22
-1.10942e-22
-1.10554e-22
-1.10191e-22
-1.09869e-22
-1.09593e-22
-1.09345e-22
-1.09124e-22
-1.08877e-22
-1.08624e-22
-1.08389e-22
-1.08143e-22
-1.07911e-22
-1.07695e-22
-1.07534e-22
-1.07457e-22
-1.07476e-22
-1.07605e-22
-1.07852e-22
-1.08162e-22
-1.08484e-22
-1.08758e-22
-1.08923e-22
-1.08964e-22
-1.08876e-22
-1.08698e-22
-1.08535e-22
-1.08406e-22
-1.08365e-22
-1.08401e-22
-1.08487e-22
-1.08593e-22
-1.08692e-22
-1.08765e-22
-1.08823e-22
-1.08862e-22
-1.08905e-22
-1.08937e-22
-1.09037e-22
-1.09184e-22
-1.0935e-22
-1.09565e-22
-1.09801e-22
-1.09986e-22
-1.10183e-22
-1.10307e-22
-1.10409e-22
-1.1047e-22
-1.10469e-22
-1.10377e-22
-1.10195e-22
-1.09984e-22
-1.09756e-22
-1.09502e-22
-1.09287e-22
-1.09096e-22
-1.08996e-22
-1.08943e-22
-1.08933e-22
-1.08942e-22
-1.08925e-22
-1.08901e-22
-1.0882e-22
-1.08691e-22
-1.08491e-22
-1.08256e-22
-1.07988e-22
-1.07691e-22
-1.07418e-22
-1.07153e-22
-1.06915e-22
-1.06733e-22
-1.06659e-22
-1.06708e-22
-1.06917e-22
-1.07271e-22
-1.07771e-22
-1.08328e-22
-1.089e-22
-1.09494e-22
-1.10067e-22
-1.1062e-22
-1.11162e-22
-1.11636e-22
-1.12014e-22
-1.12282e-22
-1.12444e-22
-1.12439e-22
-1.12294e-22
-1.12004e-22
-1.11611e-22
-1.11076e-22
-1.10473e-22
-1.09835e-22
-1.09272e-22
-1.08841e-22
-1.08537e-22
-1.08416e-22
-1.08471e-22
-1.08643e-22
-1.08818e-22
-1.08958e-22
-1.09061e-22
-1.09091e-22
-1.09039e-22
-1.089e-22
-1.08759e-22
-1.08598e-22
-1.0845e-22
-1.08313e-22
-1.08199e-22
-1.08057e-22
-1.07882e-22
-1.07675e-22
-1.07396e-22
-1.07099e-22
-1.06791e-22
-1.06512e-22
-1.0633e-22
-1.06267e-22
-1.06357e-22
-1.06597e-22
-1.06936e-22
-1.07347e-22
-1.07732e-22
-1.0801e-22
-1.08147e-22
-1.08144e-22
-1.08036e-22
-1.07888e-22
-1.07788e-22
-1.07789e-22
-1.07916e-22
-1.08142e-22
-1.08421e-22
-1.08651e-22
-1.08795e-22
-1.08874e-22
-1.08905e-22
-1.08899e-22
-1.0886e-22
-1.0881e-22
-1.08755e-22
-1.08704e-22
-1.08654e-22
-1.08606e-22
-1.08557e-22
-1.08547e-22
-1.08557e-22
-1.08567e-22
-1.08606e-22
-1.08677e-22
-1.08823e-22
-1.09005e-22
-1.09224e-22
-1.09504e-22
-1.09741e-22
-1.09967e-22
-1.10124e-22
-1.10175e-22
-1.10135e-22
-1.1001e-22
-1.09782e-22
-1.0952e-22
-1.09286e-22
-1.09129e-22
-1.09019e-22
-1.08955e-22
-1.0885e-22
-1.08708e-22
-1.08601e-22
-1.08522e-22
-1.0854e-22
-1.08631e-22
-1.08749e-22
-1.08806e-22
-1.08848e-22
-1.08877e-22
-1.08888e-22
-1.08875e-22
-1.08842e-22
-1.0881e-22
-1.08758e-22
-1.08682e-22
-1.08581e-22
-1.08479e-22
-1.08378e-22
-1.08315e-22
-1.08276e-22
-1.08279e-22
-1.08269e-22
-1.0828e-22
-1.08266e-22
-1.0829e-22
-1.08305e-22
-1.0831e-22
-1.08289e-22
-1.08245e-22
-1.0816e-22
-1.0807e-22
-1.08014e-22
-1.07994e-22
-1.08032e-22
-1.08056e-22
-1.08045e-22
-1.08006e-22
-1.07945e-22
-1.07814e-22
-1.07647e-22
-1.07484e-22
-1.07301e-22
-1.07109e-22
-1.06962e-22
-1.06869e-22
-1.06841e-22
-1.0694e-22
-1.0713e-22
-1.07407e-22
-1.07669e-22
-1.07943e-22
-1.08173e-22
-1.08365e-22
-1.08525e-22
-1.08694e-22
-1.08926e-22
-1.09207e-22
-1.09468e-22
-1.09719e-22
-1.09944e-22
-1.10082e-22
-1.10093e-22
-1.09978e-22
-1.09711e-22
-1.09364e-22
-1.0892e-22
-1.08452e-22
-1.0804e-22
-1.07689e-22
-1.0752e-22
-1.07526e-22
-1.07704e-22
-1.08024e-22
-1.08452e-22
-1.08924e-22
-1.09416e-22
-1.0981e-22
-1.10065e-22
-1.10102e-22
-1.0994e-22
-1.09579e-22
-1.09053e-22
-1.08424e-22
-1.07706e-22
-1.06973e-22
-1.06302e-22
-1.05679e-22
-1.05236e-22
-1.04916e-22
-1.04794e-22
-1.04915e-22
-1.05245e-22
-1.05748e-22
-1.06346e-22
-1.06996e-22
-1.07659e-22
-1.08307e-22
-1.08924e-22
-1.09478e-22
-1.09982e-22
-1.10402e-22
-1.1071e-22
-1.10924e-22
-1.1102e-22
-1.10958e-22
-1.10727e-22
-1.10349e-22
-1.09862e-22
-1.09279e-22
-1.08685e-22
-1.08134e-22
-1.07641e-22
-1.07187e-22
-1.06839e-22
-1.06601e-22
-1.0648e-22
-1.06441e-22
-1.06485e-22
-1.06582e-22
-1.06793e-22
-1.07072e-22
-1.07404e-22
-1.07776e-22
-1.08158e-22
-1.08509e-22
-1.08813e-22
-1.09071e-22
-1.09253e-22
-1.09324e-22
-1.09301e-22
-1.09237e-22
-1.09109e-22
-1.08939e-22
-1.08776e-22
-1.08618e-22
-1.0849e-22
-1.08405e-22
-1.08358e-22
-1.0833e-22
-1.08315e-22
-1.08328e-22
-1.083e-22
-1.08266e-22
-1.0825e-22
-1.08229e-22
-1.08176e-22
-1.08119e-22
-1.07993e-22
-1.07792e-22
-1.07568e-22
-1.07298e-22
-1.07057e-22
-1.06836e-22
-1.06722e-22
-1.06649e-22
-1.06632e-22
-1.06663e-22
-1.06763e-22
-1.06951e-22
-1.07214e-22
-1.07537e-22
-1.0793e-22
-1.08361e-22
-1.08811e-22
-1.09255e-22
-1.09686e-22
-1.10067e-22
-1.10477e-22
-1.10873e-22
-1.11258e-22
-1.11586e-22
-1.11853e-22
-1.1197e-22
-1.11961e-22
-1.11817e-22
-1.11522e-22
-1.1112e-22
-1.10689e-22
-1.10269e-22
-1.09939e-22
-1.09698e-22
-1.09539e-22
-1.09458e-22
-1.09442e-22
-1.09469e-22
-1.09561e-22
-1.09738e-22
-1.09997e-22
-1.10361e-22
-1.10803e-22
-1.11254e-22
-1.11591e-22
-1.11792e-22
-1.11799e-22
-1.11657e-22
-1.11391e-22
-1.11051e-22
-1.10697e-22
-1.10314e-22
-1.09985e-22
-1.09634e-22
-1.09315e-22
-1.09071e-22
-1.0891e-22
-1.08863e-22
-1.08886e-22
-1.08983e-22
-1.09075e-22
-1.09107e-22
-1.09051e-22
-1.08852e-22
-1.08546e-22
-1.08161e-22
-1.07734e-22
-1.0735e-22
-1.07026e-22
-1.06808e-22
-1.06725e-22
-1.06779e-22
-1.06934e-22
-1.07202e-22
-1.07538e-22
-1.07899e-22
-1.08215e-22
-1.08487e-22
-1.08669e-22
-1.08754e-22
-1.08786e-22
-1.08783e-22
-1.0882e-22
-1.08918e-22
-1.09097e-22
-1.09344e-22
-1.09649e-22
-1.09961e-22
-1.10205e-22
-1.10383e-22
-1.10444e-22
-1.10456e-22
-1.10404e-22
-1.10272e-22
-1.10167e-22
-1.1004e-22
-1.09927e-22
-1.0985e-22
-1.09777e-22
-1.09699e-22
-1.0964e-22
-1.0958e-22
-1.09511e-22
-1.09442e-22
-1.09422e-22
-1.09416e-22
-1.09492e-22
-1.09597e-22
-1.09738e-22
-1.09829e-22
-1.09841e-22
-1.09763e-22
-1.09612e-22
-1.09425e-22
-1.09307e-22
-1.09256e-22
-1.09289e-22
-1.0936e-22
-1.09442e-22
-1.0953e-22
-1.0958e-22
-1.09586e-22
-1.09534e-22
-1.0941e-22
-1.09224e-22
-1.08933e-22
-1.08608e-22
-1.08258e-22
-1.07912e-22
-1.07636e-22
-1.07494e-22
-1.07527e-22
-1.07721e-22
-1.08049e-22
-1.08406e-22
-1.0874e-22
-1.08963e-22
-1.09088e-22
-1.09139e-22
-1.09123e-22
-1.0907e-22
-1.09037e-22
-1.09085e-22
-1.09192e-22
-1.09354e-22
-1.09533e-22
-1.0966e-22
-1.0976e-22
-1.09788e-22
-1.09766e-22
-1.09708e-22
-1.0961e-22
-1.09566e-22
-1.09549e-22
-1.09523e-22
-1.09515e-22
-1.09477e-22
-1.0941e-22
-1.09365e-22
-1.09337e-22
-1.09373e-22
-1.09454e-22
-1.09575e-22
-1.09705e-22
-1.09785e-22
-1.09802e-22
-1.09722e-22
-1.09563e-22
-1.09346e-22
-1.09118e-22
-1.08926e-22
-1.08842e-22
-1.08887e-22
-1.08992e-22
-1.09082e-22
-1.0911e-22
-1.0906e-22
-1.08916e-22
-1.08737e-22
-1.08549e-22
-1.08371e-22
-1.082e-22
-1.08017e-22
-1.07845e-22
-1.0771e-22
-1.07611e-22
-1.07556e-22
-1.0759e-22
-1.07681e-22
-1.07842e-22
-1.08054e-22
-1.08298e-22
-1.08521e-22
-1.08735e-22
-1.08902e-22
-1.09004e-22
-1.09068e-22
-1.09126e-22
-1.09148e-22
-1.09206e-22
-1.09326e-22
-1.09505e-22
-1.0979e-22
-1.1015e-22
-1.10557e-22
-1.10956e-22
-1.11354e-22
-1.11689e-22
-1.11924e-22
-1.12065e-22
-1.12079e-22
-1.11971e-22
-1.11754e-22
-1.11462e-22
-1.11076e-22
-1.10673e-22
-1.10191e-22
-1.09711e-22
-1.09268e-22
-1.08903e-22
-1.0863e-22
-1.08511e-22
-1.08492e-22
-1.08559e-22
-1.08633e-22
-1.08687e-22
-1.08675e-22
-1.08643e-22
-1.08596e-22
-1.0852e-22
-1.08445e-22
-1.0838e-22
-1.08326e-22
-1.0831e-22
-1.08317e-22
-1.0836e-22
-1.08424e-22
-1.08466e-22
-1.08476e-22
-1.08502e-22
-1.08553e-22
-1.08603e-22
-1.08662e-22
-1.0873e-22
-1.08814e-22
-1.08852e-22
-1.08843e-22
-1.08738e-22
-1.08585e-22
-1.08349e-22
-1.0805e-22
-1.07747e-22
-1.07472e-22
-1.07248e-22
-1.07123e-22
-1.07079e-22
-1.07101e-22
-1.07189e-22
-1.07311e-22
-1.07452e-22
-1.07623e-22
-1.07788e-22
-1.07935e-22
-1.08052e-22
-1.08119e-22
-1.08166e-22
-1.08157e-22
-1.0813e-22
-1.08096e-22
-1.08128e-22
-1.0822e-22
-1.08358e-22
-1.08481e-22
-1.08535e-22
-1.08455e-22
-1.08218e-22
-1.07837e-22
-1.07329e-22
-1.06816e-22
-1.06342e-22
-1.06027e-22
-1.05941e-22
-1.06022e-22
-1.06219e-22
-1.0647e-22
-1.06741e-22
-1.06988e-22
-1.07237e-22
-1.07513e-22
-1.0781e-22
-1.08167e-22
-1.08549e-22
-1.08938e-22
-1.09286e-22
-1.09632e-22
-1.0993e-22
-1.10154e-22
-1.103e-22
-1.10365e-22
-1.10355e-22
-1.1027e-22
-1.10119e-22
-1.09898e-22
-1.09652e-22
-1.09411e-22
-1.09224e-22
-1.09084e-22
-1.09028e-22
-1.09053e-22
-1.09152e-22
-1.09181e-22
-1.09132e-22
-1.09009e-22
-1.08792e-22
-1.08437e-22
-1.07973e-22
-1.07432e-22
-1.06865e-22
-1.06288e-22
-1.05783e-22
-1.05332e-22
-1.04964e-22
-1.04699e-22
-1.04524e-22
-1.04497e-22
-1.04653e-22
-1.04965e-22
-1.05437e-22
-1.05984e-22
-1.06534e-22
-1.0695e-22
-1.07242e-22
-1.07433e-22
-1.07495e-22
-1.07466e-22
-1.07332e-22
-1.07148e-22
-1.06843e-22
-1.06455e-22
-1.06002e-22
-1.05545e-22
-1.05178e-22
-1.04968e-22
-1.04939e-22
-1.05114e-22
-1.05437e-22
-1.05881e-22
-1.06356e-22
-1.0683e-22
-1.07245e-22
-1.07592e-22
-1.07911e-22
-1.08254e-22
-1.08596e-22
-1.08865e-22
-1.09044e-22
-1.09063e-22
-1.08915e-22
-1.08617e-22
-1.08199e-22
-1.07739e-22
-1.07273e-22
-1.06856e-22
-1.0658e-22
-1.06383e-22
-1.06315e-22
-1.06339e-22
-1.06403e-22
-1.06495e-22
-1.06594e-22
-1.0669e-22
-1.0678e-22
-1.06897e-22
-1.06991e-22
-1.07132e-22
-1.07259e-22
-1.07415e-22
-1.07549e-22
-1.0767e-22
-1.07781e-22
-1.0785e-22
-1.0789e-22
-1.07956e-22
-1.08055e-22
-1.08211e-22
-1.08374e-22
-1.08479e-22
-1.08492e-22
-1.08355e-22
-1.0807e-22
-1.0768e-22
-1.07228e-22
-1.06846e-22
-1.06545e-22
-1.06348e-22
-1.06271e-22
-1.06249e-22
-1.06232e-22
-1.06237e-22
-1.06291e-22
-1.06419e-22
-1.06644e-22
-1.06945e-22
-1.07316e-22
-1.07703e-22
-1.08036e-22
-1.08272e-22
-1.08444e-22
-1.08548e-22
-1.08629e-22
-1.08651e-22
-1.08639e-22
-1.08511e-22
-1.08302e-22
-1.08046e-22
-1.07787e-22
-1.07556e-22
-1.07367e-22
-1.07258e-22
-1.07123e-22
-1.07019e-22
-1.06825e-22
-1.06607e-22
-1.06341e-22
-1.06056e-22
-1.05758e-22
-1.05503e-22
-1.05222e-22
-1.04937e-22
-1.04615e-22
-1.04256e-22
-1.03847e-22
-1.03429e-22
-1.03047e-22
-1.0278e-22
-1.02688e-22
-1.02837e-22
-1.0319e-22
-1.03749e-22
-1.04383e-22
-1.05015e-22
-1.05574e-22
-1.06012e-22
-1.06383e-22
-1.06713e-22
-1.07053e-22
-1.0739e-22
-1.07719e-22
-1.07969e-22
-1.081e-22
-1.08126e-22
-1.07996e-22
-1.07785e-22
-1.0754e-22
-1.07292e-22
-1.07061e-22
-1.06898e-22
-1.06844e-22
-1.06874e-22
-1.0698e-22
-1.07104e-22
-1.07199e-22
-1.07212e-22
-1.07138e-22
-1.06954e-22
-1.06656e-22
-1.06333e-22
-1.05995e-22
-1.0571e-22
-1.05523e-22
-1.05477e-22
-1.0555e-22
-1.05756e-22
-1.06093e-22
-1.06492e-22
-1.06924e-22
-1.07276e-22
-1.07543e-22
-1.07677e-22
-1.07611e-22
-1.07319e-22
-1.0683e-22
-1.06145e-22
-1.05373e-22
-1.04651e-22
-1.04113e-22
-1.03906e-22
-1.0411e-22
-1.04538e-22
-1.05079e-22
-1.05601e-22
-1.06047e-22
-1.06335e-22
-1.06559e-22
-1.067e-22
-1.06779e-22
-1.06831e-22
-1.06894e-22
-1.06946e-22
-1.06987e-22
-1.06987e-22
-1.06949e-22
-1.06882e-22
-1.06836e-22
-1.06812e-22
-1.06803e-22
-1.06755e-22
-1.06675e-22
-1.06528e-22
-1.0631e-22
-1.05998e-22
-1.05606e-22
-1.05203e-22
-1.0484e-22
-1.0462e-22
-1.04569e-22
-1.04644e-22
-1.04843e-22
-1.05147e-22
-1.05485e-22
-1.05786e-22
-1.0599e-22
-1.06087e-22
-1.06089e-22
-1.05958e-22
-1.05764e-22
-1.05516e-22
-1.05235e-22
-1.04955e-22
-1.04686e-22
-1.04412e-22
-1.04191e-22
-1.03963e-22
-1.03728e-22
-1.03473e-22
-1.03237e-22
-1.03032e-22
-1.02885e-22
-1.0278e-22
-1.02705e-22
-1.02672e-22
-1.02689e-22
-1.02792e-22
-1.03007e-22
-1.03366e-22
-1.03848e-22
-1.04504e-22
-1.05257e-22
-1.06059e-22
-1.06829e-22
-1.07468e-22
-1.07945e-22
-1.08188e-22
-1.08184e-22
-1.07929e-22
-1.07556e-22
-1.07131e-22
-1.06771e-22
-1.06513e-22
-1.06444e-22
-1.06523e-22
-1.06733e-22
-1.06978e-22
-1.07247e-22
-1.07451e-22
-1.07615e-22
-1.07678e-22
-1.07586e-22
-1.07383e-22
-1.0716e-22
-1.06931e-22
-1.06758e-22
-1.06652e-22
-1.06619e-22
-1.06604e-22
-1.06554e-22
-1.06446e-22
-1.06277e-22
-1.06095e-22
-1.05874e-22
-1.05632e-22
-1.05439e-22
-1.05261e-22
-1.05158e-22
-1.05137e-22
-1.05189e-22
-1.05344e-22
-1.05629e-22
-1.05982e-22
-1.06387e-22
-1.06792e-22
-1.07141e-22
-1.07461e-22
-1.07783e-22
-1.08102e-22
-1.08364e-22
-1.08589e-22
-1.08786e-22
-1.08919e-22
-1.08973e-22
-1.08902e-22
-1.08703e-22
-1.08398e-22
-1.07985e-22
-1.07511e-22
-1.06964e-22
-1.06385e-22
-1.05849e-22
-1.05316e-22
-1.04777e-22
-1.04302e-22
-1.03932e-22
-1.03694e-22
-1.03602e-22
-1.03664e-22
-1.03862e-22
-1.04186e-22
-1.04546e-22
-1.04983e-22
-1.05434e-22
-1.05868e-22
-1.06282e-22
-1.06616e-22
-1.0694e-22
-1.07218e-22
-1.07417e-22
-1.07516e-22
-1.07482e-22
-1.07304e-22
-1.07036e-22
-1.06706e-22
-1.06378e-22
-1.06133e-22
-1.05982e-22
-1.05938e-22
-1.05956e-22
-1.06041e-22
-1.06109e-22
-1.06139e-22
-1.06118e-22
-1.06022e-22
-1.05916e-22
-1.05857e-22
-1.05859e-22
-1.05955e-22
-1.06155e-22
-1.06409e-22
-1.06705e-22
-1.07013e-22
-1.07257e-22
-1.07429e-22
-1.07427e-22
-1.07226e-22
-1.0687e-22
-1.06482e-22
-1.06132e-22
-1.05893e-22
-1.05743e-22
-1.05635e-22
-1.05503e-22
-1.05361e-22
-1.05216e-22
-1.05081e-22
-1.04974e-22
-1.04941e-22
-1.05003e-22
-1.05247e-22
-1.05662e-22
-1.06208e-22
-1.0682e-22
-1.07413e-22
-1.0793e-22
-1.08343e-22
-1.08689e-22
-1.08931e-22
-1.09079e-22
-1.09143e-22
-1.09133e-22
-1.09007e-22
-1.08769e-22
-1.0844e-22
-1.08007e-22
-1.07526e-22
-1.07032e-22
-1.06603e-22
-1.06267e-22
-1.06065e-22
-1.06111e-22
-1.06296e-22
-1.06569e-22
-1.06856e-22
-1.07084e-22
-1.07216e-22
-1.07206e-22
-1.07142e-22
-1.07097e-22
-1.07143e-22
-1.07385e-22
-1.07851e-22
-1.08485e-22
-1.09179e-22
-1.09778e-22
-1.10222e-22
-1.10456e-22
-1.1043e-22
-1.10204e-22
-1.09896e-22
-1.09538e-22
-1.09219e-22
-1.08904e-22
-1.08595e-22
-1.08281e-22
-1.07962e-22
-1.07685e-22
-1.07552e-22
-1.07627e-22
-1.07907e-22
-1.08333e-22
-1.088e-22
-1.09201e-22
-1.0946e-22
-1.09583e-22
-1.0955e-22
-1.09388e-22
-1.09177e-22
-1.08929e-22
-1.08674e-22
-1.08399e-22
-1.08167e-22
-1.07928e-22
-1.07647e-22
-1.07343e-22
-1.06964e-22
-1.06543e-22
-1.06098e-22
-1.05617e-22
-1.05159e-22
-1.04792e-22
-1.04557e-22
-1.04517e-22
-1.04657e-22
-1.04946e-22
-1.05336e-22
-1.05742e-22
-1.0611e-22
-1.06455e-22
-1.06755e-22
-1.0702e-22
-1.07309e-22
-1.07627e-22
-1.08006e-22
-1.08433e-22
-1.08866e-22
-1.09299e-22
-1.09642e-22
-1.09913e-22
-1.10043e-22
-1.10076e-22
-1.09966e-22
-1.09775e-22
-1.09489e-22
-1.09191e-22
-1.0893e-22
-1.08722e-22
-1.08544e-22
-1.08356e-22
-1.08094e-22
-1.07806e-22
-1.07477e-22
-1.07203e-22
-1.06966e-22
-1.06828e-22
-1.06711e-22
-1.06588e-22
-1.06388e-22
-1.06089e-22
-1.05733e-22
-1.0531e-22
-1.04918e-22
-1.04558e-22
-1.04296e-22
-1.04104e-22
-1.04049e-22
-1.04107e-22
-1.04295e-22
-1.04599e-22
-1.04981e-22
-1.05413e-22
-1.0587e-22
-1.06259e-22
-1.06544e-22
-1.06687e-22
-1.06694e-22
-1.0663e-22
-1.06474e-22
-1.06321e-22
-1.06142e-22
-1.0601e-22
-1.05899e-22
-1.0581e-22
-1.05738e-22
-1.05702e-22
-1.05697e-22
-1.05745e-22
-1.05865e-22
-1.06066e-22
-1.06299e-22
-1.06534e-22
-1.06687e-22
-1.06732e-22
-1.06613e-22
-1.06345e-22
-1.05918e-22
-1.05435e-22
-1.04929e-22
-1.04464e-22
-1.04089e-22
-1.03865e-22
-1.03751e-22
-1.03848e-22
-1.04158e-22
-1.04636e-22
-1.05187e-22
-1.05723e-22
-1.06178e-22
-1.06487e-22
-1.06642e-22
-1.06657e-22
-1.06546e-22
-1.06342e-22
-1.06194e-22
-1.06126e-22
-1.06166e-22
-1.06251e-22
-1.06355e-22
-1.06387e-22
-1.06299e-22
-1.06101e-22
-1.05823e-22
-1.05523e-22
-1.05288e-22
-1.05238e-22
-1.05407e-22
-1.05796e-22
-1.0634e-22
-1.07024e-22
-1.0774e-22
-1.08393e-22
-1.08951e-22
-1.09256e-22
-1.0938e-22
-1.09278e-22
-1.08957e-22
-1.08508e-22
-1.08006e-22
-1.07537e-22
-1.07229e-22
-1.07063e-22
-1.07048e-22
-1.07079e-22
-1.07088e-22
-1.07026e-22
-1.0691e-22
-1.06804e-22
-1.06698e-22
-1.06637e-22
-1.066e-22
-1.06558e-22
-1.06504e-22
-1.06458e-22
-1.06387e-22
-1.06261e-22
-1.06098e-22
-1.05925e-22
-1.05731e-22
-1.05565e-22
-1.05446e-22
-1.05402e-22
-1.05414e-22
-1.05471e-22
-1.05553e-22
-1.05653e-22
-1.05698e-22
-1.0571e-22
-1.05671e-22
-1.05622e-22
-1.05613e-22
-1.05677e-22
-1.05842e-22
-1.06129e-22
-1.06484e-22
-1.06832e-22
-1.07123e-22
-1.0729e-22
-1.0733e-22
-1.0726e-22
-1.07142e-22
-1.07016e-22
-1.06874e-22
-1.06799e-22
-1.06762e-22
-1.06789e-22
-1.06928e-22
-1.07187e-22
-1.07665e-22
-1.08272e-22
-1.09016e-22
-1.09748e-22
-1.10348e-22
-1.10741e-22
-1.10887e-22
-1.10766e-22
-1.1041e-22
-1.09829e-22
-1.0904e-22
-1.081e-22
-1.0709e-22
-1.06065e-22
-1.051e-22
-1.04242e-22
-1.03557e-22
-1.0312e-22
-1.02956e-22
-1.03028e-22
-1.03281e-22
-1.0361e-22
-1.03963e-22
-1.04327e-22
-1.04725e-22
-1.05141e-22
-1.05567e-22
-1.05926e-22
-1.06142e-22
-1.06199e-22
-1.06038e-22
-1.0573e-22
-1.05382e-22
-1.05132e-22
-1.05094e-22
-1.05307e-22
-1.05733e-22
-1.0634e-22
-1.07025e-22
-1.07758e-22
-1.08478e-22
-1.09067e-22
-1.0952e-22
-1.09798e-22
-1.09879e-22
-1.09762e-22
-1.09459e-22
-1.0901e-22
-1.08448e-22
-1.078e-22
-1.07125e-22
-1.06426e-22
-1.05703e-22
-1.05054e-22
-1.04487e-22
-1.0405e-22
-1.03733e-22
-1.03541e-22
-1.03482e-22
-1.03571e-22
-1.03752e-22
-1.04035e-22
-1.04411e-22
-1.04828e-22
-1.05268e-22
-1.05718e-22
-1.06132e-22
-1.06488e-22
-1.068e-22
-1.07073e-22
-1.07329e-22
-1.07538e-22
-1.07709e-22
-1.0782e-22
-1.07889e-22
-1.07889e-22
-1.07821e-22
-1.07663e-22
-1.07404e-22
-1.07109e-22
-1.06803e-22
-1.06536e-22
-1.06345e-22
-1.06286e-22
-1.0635e-22
-1.06516e-22
-1.06819e-22
-1.07163e-22
-1.07516e-22
-1.07812e-22
-1.0802e-22
-1.08099e-22
-1.08053e-22
-1.07919e-22
-1.07732e-22
-1.07527e-22
-1.07282e-22
-1.0701e-22
-1.06662e-22
-1.06282e-22
-1.05852e-22
-1.05401e-22
-1.05019e-22
-1.04724e-22
-1.04544e-22
-1.04487e-22
-1.04532e-22
-1.04647e-22
-1.04767e-22
-1.04928e-22
-1.05095e-22
-1.05225e-22
-1.05376e-22
-1.05528e-22
-1.057e-22
-1.05846e-22
-1.06009e-22
-1.06139e-22
-1.0629e-22
-1.06432e-22
-1.06568e-22
-1.06722e-22
-1.06873e-22
-1.06991e-22
-1.0707e-22
-1.07146e-22
-1.07148e-22
-1.07097e-22
-1.06994e-22
-1.06867e-22
-1.06779e-22
-1.06758e-22
-1.0687e-22
-1.0712e-22
-1.07418e-22
-1.07664e-22
-1.07832e-22
-1.07823e-22
-1.07649e-22
-1.0735e-22
-1.06968e-22
-1.06611e-22
-1.06353e-22
-1.06276e-22
-1.06358e-22
-1.06609e-22
-1.06965e-22
-1.07297e-22
-1.07565e-22
-1.07664e-22
-1.07584e-22
-1.07287e-22
-1.06808e-22
-1.06245e-22
-1.05678e-22
-1.05245e-22
-1.05063e-22
-1.05158e-22
-1.0546e-22
-1.05941e-22
-1.06475e-22
-1.06913e-22
-1.07261e-22
-1.07406e-22
-1.07351e-22
-1.07199e-22
-1.06967e-22
-1.06731e-22
-1.06491e-22
-1.06305e-22
-1.06164e-22
-1.06118e-22
-1.06164e-22
-1.06347e-22
-1.06679e-22
-1.07111e-22
-1.07499e-22
-1.07773e-22
-1.07879e-22
-1.07814e-22
-1.07602e-22
-1.07283e-22
-1.06873e-22
-1.06418e-22
-1.05959e-22
-1.05577e-22
-1.05324e-22
-1.05241e-22
-1.05327e-22
-1.05539e-22
-1.05801e-22
-1.0604e-22
-1.06238e-22
-1.06348e-22
-1.06381e-22
-1.06355e-22
-1.06279e-22
-1.06157e-22
-1.05941e-22
-1.05679e-22
-1.0539e-22
-1.05015e-22
-1.04657e-22
-1.04344e-22
-1.04106e-22
-1.04056e-22
-1.04217e-22
-1.04555e-22
-1.05061e-22
-1.0556e-22
-1.06021e-22
-1.06387e-22
-1.06616e-22
-1.06748e-22
-1.06818e-22
-1.06784e-22
-1.06697e-22
-1.0653e-22
-1.06324e-22
-1.06065e-22
-1.05812e-22
-1.05553e-22
-1.05348e-22
-1.05218e-22
-1.05148e-22
-1.05113e-22
-1.0511e-22
-1.05134e-22
-1.05102e-22
-1.05078e-22
-1.05032e-22
-1.04963e-22
-1.04837e-22
-1.04658e-22
-1.04461e-22
-1.04254e-22
-1.04051e-22
-1.03896e-22
-1.03913e-22
-1.04139e-22
-1.04618e-22
-1.05281e-22
-1.0604e-22
-1.06798e-22
-1.07431e-22
-1.07862e-22
-1.08009e-22
-1.07874e-22
-1.07461e-22
-1.06821e-22
-1.06078e-22
-1.05319e-22
-1.04734e-22
-1.04393e-22
-1.04359e-22
-1.04642e-22
-1.05148e-22
-1.05783e-22
-1.06449e-22
-1.07099e-22
-1.0764e-22
-1.08103e-22
-1.08424e-22
-1.08652e-22
-1.08804e-22
-1.08926e-22
-1.08981e-22
-1.09038e-22
-1.09047e-22
-1.0904e-22
-1.09012e-22
-1.08968e-22
-1.08933e-22
-1.08868e-22
-1.08773e-22
-1.08616e-22
-1.0839e-22
-1.08115e-22
-1.07821e-22
-1.07443e-22
-1.07021e-22
-1.06613e-22
-1.06279e-22
-1.05971e-22
-1.05652e-22
-1.05381e-22
-1.05128e-22
-1.04964e-22
-1.0488e-22
-1.04895e-22
-1.05007e-22
-1.05174e-22
-1.05344e-22
-1.05514e-22
-1.05643e-22
-1.05742e-22
-1.05804e-22
-1.05818e-22
-1.05808e-22
-1.05756e-22
-1.05703e-22
-1.05641e-22
-1.05598e-22
-1.05555e-22
-1.05459e-22
-1.05352e-22
-1.05257e-22
-1.05162e-22
-1.05146e-22
-1.05176e-22
-1.05273e-22
-1.05386e-22
-1.05498e-22
-1.05583e-22
-1.05637e-22
-1.05642e-22
-1.05628e-22
-1.05588e-22
-1.05662e-22
-1.05906e-22
-1.06398e-22
-1.0702e-22
-1.07713e-22
-1.0836e-22
-1.08844e-22
-1.09121e-22
-1.0913e-22
-1.08911e-22
-1.08451e-22
-1.07829e-22
-1.07133e-22
-1.06481e-22
-1.06001e-22
-1.05751e-22
-1.05775e-22
-1.06054e-22
-1.06564e-22
-1.07243e-22
-1.07955e-22
-1.08555e-22
-1.08932e-22
-1.09017e-22
-1.08867e-22
-1.08487e-22
-1.07931e-22
-1.07334e-22
-1.0677e-22
-1.06245e-22
-1.05792e-22
-1.05392e-22
-1.05124e-22
-1.05028e-22
-1.05106e-22
-1.05383e-22
-1.05823e-22
-1.06416e-22
-1.07107e-22
-1.07827e-22
-1.08534e-22
-1.09098e-22
-1.09471e-22
-1.09545e-22
-1.09323e-22
-1.08795e-22
-1.08067e-22
-1.07228e-22
-1.06448e-22
-1.05866e-22
-1.05537e-22
-1.05539e-22
-1.05786e-22
-1.06243e-22
-1.06777e-22
-1.07306e-22
-1.07769e-22
-1.08057e-22
-1.08193e-22
-1.08134e-22
-1.07952e-22
-1.07688e-22
-1.07362e-22
-1.07013e-22
-1.06666e-22
-1.06325e-22
-1.06013e-22
-1.0572e-22
-1.0544e-22
-1.05186e-22
-1.05039e-22
-1.05024e-22
-1.05123e-22
-1.053e-22
-1.05532e-22
-1.05787e-22
-1.06006e-22
-1.06164e-22
-1.06216e-22
-1.06188e-22
-1.0609e-22
-1.06028e-22
-1.06074e-22
-1.0621e-22
-1.06402e-22
-1.06605e-22
-1.06742e-22
