3.45657e-23
3.44695e-23
3.42976e-23
3.40396e-23
3.36814e-23
3.32047e-23
3.25875e-23
3.18046e-23
3.08326e-23
2.96509e-23
2.82502e-23
2.6641e-23
2.48622e-23
2.2986e-23
2.1115e-23
1.93687e-23
1.78595e-23
1.66716e-23
1.58482e-23
1.53887e-23
1.52579e-23
1.53974e-23
1.57386e-23
1.62119e-23
1.67542e-23
1.73135e-23
1.78494e-23
1.8334e-23
1.87509e-23
1.90936e-23
1.93617e-23
1.95589e-23
1.96889e-23
1.97533e-23
1.97517e-23
1.96834e-23
1.95497e-23
1.93565e-23
1.9116e-23
1.88468e-23
1.85716e-23
1.83156e-23
1.81051e-23
1.79641e-23
1.79106e-23
1.79508e-23
1.80753e-23
1.82608e-23
1.84771e-23
1.86947e-23
1.8889e-23
1.90427e-23
1.91449e-23
1.91914e-23
1.9184e-23
1.91315e-23
1.90485e-23
1.89538e-23
1.8867e-23
1.88046e-23
1.87775e-23
1.87888e-23
1.88345e-23
1.89054e-23
1.89903e-23
1.90775e-23
1.9157e-23
1.92204e-23
1.92611e-23
1.92735e-23
1.92531e-23
1.91966e-23
1.91021e-23
1.89711e-23
1.88103e-23
1.86326e-23
1.84565e-23
1.83016e-23
1.81818e-23
1.81008e-23
1.80513e-23
1.80206e-23
1.79974e-23
1.7974e-23
1.79459e-23
1.79083e-23
1.78552e-23
1.77813e-23
1.7687e-23
1.75807e-23
1.74779e-23
1.73964e-23
1.73519e-23
1.73536e-23
1.74031e-23
1.74943e-23
1.7616e-23
1.77547e-23
1.78954e-23
1.80237e-23
1.81263e-23
1.81906e-23
1.82074e-23
1.81719e-23
1.80862e-23
1.79595e-23
1.78075e-23
1.76488e-23
1.75022e-23
1.7382e-23
1.7297e-23
1.72493e-23
1.72364e-23
1.72544e-23
1.72983e-23
1.73645e-23
1.74495e-23
1.75502e-23
1.76618e-23
1.77761e-23
1.78799e-23
1.79576e-23
1.79952e-23
1.79881e-23
1.79465e-23
1.78954e-23
1.787e-23
1.79036e-23
1.80165e-23
1.82091e-23
1.84614e-23
1.87405e-23
1.90096e-23
1.92383e-23
1.94079e-23
1.95137e-23
1.95632e-23
1.95717e-23
1.95571e-23
1.95353e-23
1.95162e-23
1.95021e-23
1.94888e-23
1.94689e-23
1.94335e-23
1.93743e-23
1.92869e-23
1.91718e-23
1.9035e-23
1.88882e-23
1.87455e-23
1.86222e-23
1.85283e-23
1.8467e-23
1.84328e-23
1.84146e-23
1.84005e-23
1.83827e-23
1.83605e-23
1.83395e-23
1.83293e-23
1.83415e-23
1.83854e-23
1.84659e-23
1.85817e-23
1.87238e-23
1.8877e-23
1.90214e-23
1.91352e-23
1.91988e-23
1.91976e-23
1.91249e-23
1.89862e-23
1.87995e-23
1.85923e-23
1.83935e-23
1.82243e-23
1.80921e-23
1.79903e-23
1.79057e-23
1.78278e-23
1.77556e-23
1.76989e-23
1.76746e-23
1.76995e-23
1.77832e-23
1.79216e-23
1.80969e-23
1.82819e-23
1.84488e-23
1.85754e-23
1.86492e-23
1.86687e-23
1.86404e-23
1.85765e-23
1.84897e-23
1.83912e-23
1.82875e-23
1.81817e-23
1.8077e-23
1.79775e-23
1.78915e-23
1.78313e-23
1.78105e-23
1.7842e-23
1.79347e-23
1.80899e-23
1.82999e-23
1.85487e-23
1.88141e-23
1.90718e-23
1.92984e-23
1.94748e-23
1.95881e-23
1.96308e-23
1.96009e-23
1.95024e-23
1.93438e-23
1.9139e-23
1.89068e-23
1.8668e-23
1.84436e-23
1.82512e-23
1.81016e-23
1.79978e-23
1.79351e-23
1.79037e-23
1.78927e-23
1.78929e-23
1.78993e-23
1.79112e-23
1.79306e-23
1.79611e-23
1.80052e-23
1.80625e-23
1.81286e-23
1.8196e-23
1.82549e-23
1.82962e-23
1.83138e-23
1.83051e-23
1.82723e-23
1.82218e-23
1.81639e-23
1.81102e-23
1.80713e-23
1.80551e-23
1.8065e-23
1.80992e-23
1.8151e-23
1.82103e-23
1.82648e-23
1.83039e-23
1.83203e-23
1.83116e-23
1.82799e-23
1.82313e-23
1.81727e-23
1.81103e-23
1.80473e-23
1.79851e-23
1.79232e-23
1.78617e-23
1.78012e-23
1.77432e-23
1.76889e-23
1.76393e-23
1.75946e-23
1.75553e-23
1.75227e-23
1.75e-23
1.74919e-23
1.75044e-23
1.7543e-23
1.76098e-23
1.77029e-23
1.78158e-23
1.79377e-23
1.80574e-23
1.81656e-23
1.82567e-23
1.83298e-23
1.83866e-23
1.84295e-23
1.84615e-23
1.84838e-23
1.84979e-23
1.85078e-23
1.85215e-23
1.8551e-23
1.86077e-23
1.86965e-23
1.88114e-23
1.89368e-23
1.90535e-23
1.9143e-23
1.91906e-23
1.91865e-23
1.91228e-23
1.89942e-23
1.87983e-23
1.85383e-23
1.82268e-23
1.78888e-23
1.75614e-23
1.72879e-23
1.71077e-23
1.70432e-23
1.7093e-23
1.72316e-23
1.74185e-23
1.76094e-23
1.7766e-23
1.78602e-23
1.78773e-23
1.78155e-23
1.76851e-23
1.75053e-23
1.7302e-23
1.71023e-23
1.69303e-23
1.68039e-23
1.67322e-23
1.67162e-23
1.67504e-23
1.68253e-23
1.6929e-23
1.70483e-23
1.71705e-23
1.7284e-23
1.73812e-23
1.74579e-23
1.75141e-23
1.75529e-23
1.75784e-23
1.7595e-23
1.76046e-23
1.7604e-23
1.7584e-23
1.75316e-23
1.74353e-23
1.72912e-23
1.71059e-23
1.68967e-23
1.6688e-23
1.65064e-23
1.63749e-23
1.63094e-23
1.6316e-23
1.63906e-23
1.65199e-23
1.66849e-23
1.68637e-23
1.70346e-23
1.71799e-23
1.72863e-23
1.73469e-23
1.73616e-23
1.73376e-23
1.7289e-23
1.72334e-23
1.71888e-23
1.71704e-23
1.71886e-23
1.72486e-23
1.73532e-23
1.75022e-23
1.76921e-23
1.79165e-23
1.81656e-23
1.84263e-23
1.86837e-23
1.89224e-23
1.91289e-23
1.92929e-23
1.94072e-23
1.94687e-23
1.94767e-23
1.94334e-23
1.93442e-23
1.92186e-23
1.90687e-23
1.89086e-23
1.87518e-23
1.86077e-23
1.84796e-23
1.83643e-23
1.8254e-23
1.81399e-23
1.80168e-23
1.78854e-23
1.77512e-23
1.76214e-23
1.75019e-23
1.73938e-23
1.72932e-23
1.71937e-23
1.709e-23
1.69819e-23
1.6875e-23
1.67814e-23
1.67162e-23
1.66929e-23
1.67184e-23
1.67909e-23
1.69026e-23
1.70439e-23
1.72071e-23
1.73888e-23
1.75902e-23
1.78145e-23
1.80639e-23
1.83379e-23
1.86313e-23
1.89345e-23
1.92325e-23
1.95081e-23
1.97438e-23
1.99252e-23
2.00432e-23
2.00967e-23
2.00912e-23
2.00366e-23
1.99434e-23
1.98185e-23
1.96628e-23
1.94717e-23
1.92372e-23
1.89518e-23
1.86117e-23
1.82224e-23
1.78007e-23
1.73756e-23
1.69859e-23
1.66731e-23
1.64723e-23
1.64029e-23
1.6463e-23
1.66312e-23
1.6874e-23
1.71552e-23
1.74427e-23
1.77127e-23
1.79489e-23
1.81399e-23
1.82786e-23
1.83626e-23
1.83952e-23
1.83853e-23
1.83474e-23
1.8298e-23
1.82518e-23
1.8217e-23
1.81951e-23
1.8181e-23
1.81652e-23
1.81384e-23
1.80943e-23
1.80301e-23
1.79476e-23
1.78502e-23
1.77411e-23
1.76215e-23
1.74896e-23
1.73431e-23
1.71817e-23
1.70096e-23
1.68353e-23
1.66727e-23
1.65379e-23
1.64465e-23
1.64087e-23
1.6427e-23
1.64964e-23
1.66061e-23
1.67439e-23
1.68997e-23
1.70667e-23
1.72402e-23
1.74177e-23
1.75962e-23
1.77717e-23
1.79386e-23
1.80909e-23
1.82216e-23
1.83248e-23
1.8395e-23
1.84281e-23
1.84219e-23
1.83735e-23
1.82808e-23
1.81423e-23
1.79582e-23
1.77316e-23
1.74692e-23
1.71822e-23
1.6886e-23
1.65983e-23
1.6336e-23
1.61133e-23
1.59398e-23
1.58216e-23
1.57608e-23
1.57578e-23
1.58117e-23
1.59196e-23
1.60753e-23
1.62687e-23
1.64855e-23
1.67092e-23
1.69231e-23
1.71134e-23
1.72707e-23
1.73903e-23
1.74703e-23
1.75113e-23
1.75135e-23
1.74761e-23
1.73992e-23
1.72849e-23
1.71387e-23
1.6971e-23
1.67959e-23
1.66301e-23
1.64895e-23
1.63859e-23
1.63261e-23
1.6312e-23
1.63416e-23
1.64095e-23
1.65093e-23
1.66322e-23
1.67657e-23
1.68937e-23
1.69989e-23
1.70664e-23
1.70869e-23
1.70593e-23
1.69899e-23
1.68901e-23
1.67746e-23
1.66588e-23
1.65574e-23
1.64838e-23
1.64473e-23
1.64526e-23
1.64986e-23
1.65773e-23
1.66763e-23
1.67826e-23
1.6887e-23
1.69876e-23
1.70883e-23
1.71963e-23
1.73164e-23
1.74467e-23
1.75794e-23
1.77032e-23
1.78063e-23
1.78798e-23
1.79189e-23
1.79241e-23
1.79006e-23
1.78558e-23
1.77974e-23
1.7731e-23
1.766e-23
1.75857e-23
1.75082e-23
1.74258e-23
1.73352e-23
1.72326e-23
1.71148e-23
1.69806e-23
1.68309e-23
1.66679e-23
1.64958e-23
1.63195e-23
1.61445e-23
1.59755e-23
1.58157e-23
1.56661e-23
1.55277e-23
1.54021e-23
1.52918e-23
1.52001e-23
1.51292e-23
1.50798e-23
1.50506e-23
1.50383e-23
1.50387e-23
1.5049e-23
1.50686e-23
1.50998e-23
1.51458e-23
1.52081e-23
1.52856e-23
1.53744e-23
1.54685e-23
1.55627e-23
1.56538e-23
1.57444e-23
1.58414e-23
1.59565e-23
1.61016e-23
1.62839e-23
1.6502e-23
1.67447e-23
1.69921e-23
1.72215e-23
1.74113e-23
1.75458e-23
1.76161e-23
1.76201e-23
1.75619e-23
1.74484e-23
1.7289e-23
1.70947e-23
1.6878e-23
1.66528e-23
1.64333e-23
1.62343e-23
1.60681e-23
1.5944e-23
1.58653e-23
1.58303e-23
1.58329e-23
1.58653e-23
1.59196e-23
1.59885e-23
1.60668e-23
1.615e-23
1.62353e-23
1.63225e-23
1.6414e-23
1.6513e-23
1.66212e-23
1.67371e-23
1.68545e-23
1.69627e-23
1.70486e-23
1.70995e-23
1.71059e-23
1.70635e-23
1.69749e-23
1.68495e-23
1.67003e-23
1.65423e-23
1.63889e-23
1.62512e-23
1.61357e-23
1.60448e-23
1.59768e-23
1.59268e-23
1.58881e-23
1.58526e-23
1.58121e-23
1.576e-23
1.56922e-23
1.56082e-23
1.55118e-23
1.54105e-23
1.53142e-23
1.5233e-23
1.51758e-23
1.51473e-23
1.51482e-23
1.51763e-23
1.52297e-23
1.53074e-23
1.54094e-23
1.55361e-23
1.56851e-23
1.58509e-23
1.60252e-23
1.61979e-23
1.63605e-23
1.6507e-23
1.66363e-23
1.67512e-23
1.68589e-23
1.69681e-23
1.70869e-23
1.72203e-23
1.73681e-23
1.75241e-23
1.76777e-23
1.78151e-23
1.7923e-23
1.79921e-23
1.80187e-23
1.80055e-23
1.79621e-23
1.79031e-23
1.78461e-23
1.78086e-23
1.78048e-23
1.78433e-23
1.79249e-23
1.80431e-23
1.81858e-23
1.83399e-23
1.84929e-23
1.86354e-23
1.87608e-23
1.88628e-23
1.89343e-23
1.89672e-23
1.89527e-23
1.88841e-23
1.87581e-23
1.85779e-23
1.83538e-23
1.81041e-23
1.78524e-23
1.7624e-23
1.74412e-23
1.73169e-23
1.72516e-23
1.72364e-23
1.72583e-23
1.73062e-23
1.73719e-23
1.745e-23
1.75339e-23
1.76126e-23
1.76744e-23
1.77109e-23
1.77209e-23
1.77101e-23
1.76892e-23
1.76719e-23
1.76694e-23
1.76894e-23
1.77346e-23
1.78018e-23
1.78832e-23
1.79698e-23
1.80544e-23
1.81333e-23
1.82062e-23
1.82766e-23
1.83495e-23
1.84296e-23
1.85208e-23
1.86236e-23
1.87356e-23
1.88497e-23
1.89562e-23
1.90435e-23
1.90996e-23
1.91127e-23
1.90726e-23
1.89741e-23
1.88178e-23
1.86111e-23
1.83694e-23
1.81146e-23
1.78706e-23
1.76595e-23
1.74964e-23
1.73874e-23
1.73294e-23
1.73122e-23
1.7323e-23
1.73489e-23
1.73802e-23
1.74111e-23
1.74411e-23
1.74738e-23
1.75154e-23
1.75734e-23
1.76542e-23
1.77608e-23
1.78903e-23
1.80315e-23
1.81658e-23
1.82702e-23
1.83221e-23
1.83051e-23
1.8212e-23
1.80495e-23
1.78389e-23
1.76136e-23
1.74125e-23
1.72693e-23
1.72015e-23
1.72055e-23
1.72638e-23
1.73575e-23
1.7476e-23
1.76183e-23
1.77869e-23
1.79807e-23
1.81899e-23
1.83967e-23
1.85795e-23
1.87192e-23
1.88035e-23
1.88277e-23
1.87945e-23
1.87121e-23
1.85904e-23
1.84383e-23
1.82619e-23
1.80634e-23
1.78416e-23
1.75965e-23
1.73346e-23
1.70723e-23
1.68363e-23
1.66588e-23
1.65686e-23
1.65824e-23
1.66995e-23
1.69046e-23
1.71726e-23
1.7475e-23
1.77821e-23
1.80664e-23
1.83051e-23
1.84817e-23
1.85881e-23
1.86247e-23
1.86e-23
1.85279e-23
1.84253e-23
1.83077e-23
1.81873e-23
1.8071e-23
1.79614e-23
1.78584e-23
1.77627e-23
1.76775e-23
1.761e-23
1.7569e-23
1.75623e-23
1.75932e-23
1.76588e-23
1.77511e-23
1.78602e-23
1.79779e-23
1.80984e-23
1.82191e-23
1.83396e-23
1.84593e-23
1.85764e-23
1.86865e-23
1.87834e-23
1.88599e-23
1.8909e-23
1.89243e-23
1.88998e-23
1.88304e-23
1.87129e-23
1.85459e-23
1.83295e-23
1.80668e-23
1.77632e-23
1.7428e-23
1.70757e-23
1.6727e-23
1.64093e-23
1.61542e-23
1.59926e-23
1.59465e-23
1.60209e-23
1.62022e-23
1.64608e-23
1.67579e-23
1.70555e-23
1.73229e-23
1.75406e-23
1.77023e-23
1.78134e-23
1.78874e-23
1.79396e-23
1.79816e-23
1.80175e-23
1.80423e-23
1.80459e-23
1.80184e-23
1.79527e-23
1.78469e-23
1.77031e-23
1.75266e-23
1.73253e-23
1.71097e-23
1.68934e-23
1.66942e-23
1.65342e-23
1.6437e-23
1.64227e-23
1.6501e-23
1.6665e-23
1.68899e-23
1.71393e-23
1.73737e-23
1.75605e-23
1.76801e-23
1.77268e-23
1.77079e-23
1.76395e-23
1.75423e-23
1.74368e-23
1.73408e-23
1.7268e-23
1.72282e-23
1.72282e-23
1.72714e-23
1.73586e-23
1.74871e-23
1.76499e-23
1.78356e-23
1.80296e-23
1.8215e-23
1.83751e-23
1.84958e-23
1.85683e-23
1.85909e-23
1.8569e-23
1.85143e-23
1.84428e-23
1.83722e-23
1.83161e-23
1.82815e-23
1.82655e-23
1.82573e-23
1.8243e-23
1.82131e-23
1.81687e-23
1.81245e-23
1.8106e-23
1.81378e-23
1.82299e-23
1.83706e-23
1.85298e-23
1.86729e-23
1.8773e-23
1.88169e-23
1.8805e-23
1.87456e-23
1.86483e-23
1.85228e-23
1.83764e-23
1.8214e-23
1.80396e-23
1.78557e-23
1.76648e-23
1.74673e-23
1.72632e-23
1.7052e-23
1.68341e-23
1.66114e-23
1.63902e-23
1.61809e-23
1.5998e-23
1.58584e-23
1.57789e-23
1.57716e-23
1.58425e-23
1.5989e-23
1.62003e-23
1.64585e-23
1.67427e-23
1.70311e-23
1.73038e-23
1.75445e-23
1.77415e-23
1.78866e-23
1.79749e-23
1.80043e-23
1.79746e-23
1.78887e-23
1.77538e-23
1.75829e-23
1.73953e-23
1.72134e-23
1.70574e-23
1.69408e-23
1.68689e-23
1.68407e-23
1.68532e-23
1.69037e-23
1.69889e-23
1.71046e-23
1.72427e-23
1.73922e-23
1.75392e-23
1.76692e-23
1.77683e-23
1.78258e-23
1.78348e-23
1.77929e-23
1.77017e-23
1.75669e-23
1.73965e-23
1.72011e-23
1.69932e-23
1.67869e-23
3.42581e-23
3.37431e-23
3.30913e-23
3.23371e-23
3.1513e-23
3.0649e-23
2.97745e-23
2.89232e-23
2.81334e-23
2.74468e-23
2.69027e-23
2.65337e-23
2.63613e-23
2.63943e-23
2.66278e-23
2.70445e-23
2.7614e-23
2.82928e-23
2.90249e-23
2.97459e-23
3.03889e-23
3.08942e-23
3.12159e-23
3.13274e-23
3.12244e-23
3.09278e-23
3.0483e-23
2.99559e-23
2.94199e-23
2.8932e-23
2.85127e-23
2.81451e-23
2.77956e-23
2.74395e-23
2.70748e-23
2.67204e-23
2.6407e-23
2.61695e-23
2.60448e-23
2.60647e-23
2.6248e-23
2.65904e-23
2.7062e-23
2.76113e-23
2.8175e-23
2.86947e-23
2.91273e-23
2.94484e-23
2.96487e-23
2.97266e-23
2.96827e-23
2.95203e-23
2.9249e-23
2.88906e-23
2.84785e-23
2.80553e-23
2.76647e-23
2.73411e-23
2.71012e-23
2.69452e-23
2.68633e-23
2.68452e-23
2.68876e-23
2.69948e-23
2.71746e-23
2.7433e-23
2.777e-23
2.81768e-23
2.86348e-23
2.91139e-23
2.95725e-23
2.99612e-23
3.02299e-23
3.03349e-23
3.0251e-23
2.99792e-23
2.95512e-23
2.90297e-23
2.85013e-23
2.80542e-23
2.77478e-23
2.75887e-23
2.75423e-23
2.75685e-23
2.76503e-23
2.77907e-23
2.79873e-23
2.82137e-23
2.8419e-23
2.85472e-23
2.85599e-23
2.8456e-23
2.82756e-23
2.8083e-23
2.79316e-23
2.78392e-23
2.77909e-23
2.77633e-23
2.77482e-23
2.77588e-23
2.78241e-23
2.79799e-23
2.8255e-23
2.86565e-23
2.91575e-23
2.96966e-23
3.01925e-23
3.05678e-23
3.07652e-23
3.07552e-23
3.05429e-23
3.01679e-23
2.96973e-23
2.9206e-23
2.87542e-23
2.83775e-23
2.80916e-23
2.79037e-23
2.78163e-23
2.78256e-23
2.79191e-23
2.80746e-23
2.82619e-23
2.84454e-23
2.85905e-23
2.86685e-23
2.86587e-23
2.85487e-23
2.83364e-23
2.80359e-23
2.76885e-23
2.73723e-23
2.7183e-23
2.71864e-23
2.73775e-23
2.7695e-23
2.80695e-23
2.84543e-23
2.88225e-23
2.91542e-23
2.94254e-23
2.96094e-23
2.96858e-23
2.96512e-23
2.95248e-23
2.93465e-23
2.91686e-23
2.90408e-23
2.8997e-23
2.90475e-23
2.91811e-23
2.93702e-23
2.95769e-23
2.97606e-23
2.98843e-23
2.99212e-23
2.98571e-23
2.96897e-23
2.94264e-23
2.90794e-23
2.86637e-23
2.81947e-23
2.76882e-23
2.71625e-23
2.66422e-23
2.61568e-23
2.5739e-23
2.54191e-23
2.52195e-23
2.51528e-23
2.52243e-23
2.54357e-23
2.57867e-23
2.62732e-23
2.68785e-23
2.75671e-23
2.82837e-23
2.89612e-23
2.95331e-23
2.99445e-23
3.01578e-23
3.01574e-23
2.99521e-23
2.95766e-23
2.90907e-23
2.85675e-23
2.80769e-23
2.76695e-23
2.73681e-23
2.7171e-23
2.70644e-23
2.70363e-23
2.70852e-23
2.72177e-23
2.74386e-23
2.77414e-23
2.81075e-23
2.85136e-23
2.89364e-23
2.93524e-23
2.97372e-23
3.00668e-23
3.03223e-23
3.04955e-23
3.05914e-23
3.06245e-23
3.06119e-23
3.0562e-23
3.04675e-23
3.03063e-23
3.00577e-23
2.97222e-23
2.93353e-23
2.8968e-23
2.87091e-23
2.86358e-23
2.87837e-23
2.91315e-23
2.96084e-23
3.01201e-23
3.05747e-23
3.09068e-23
3.10814e-23
3.10917e-23
3.09508e-23
3.0685e-23
3.03294e-23
2.99236e-23
2.95073e-23
2.91134e-23
2.87646e-23
2.84707e-23
2.82304e-23
2.80333e-23
2.78646e-23
2.7707e-23
2.7544e-23
2.73642e-23
2.71663e-23
2.69641e-23
2.67855e-23
2.66664e-23
2.66382e-23
2.67154e-23
2.68892e-23
2.7132e-23
2.74073e-23
2.76816e-23
2.79311e-23
2.81443e-23
2.83184e-23
2.84612e-23
2.85903e-23
2.87234e-23
2.88609e-23
2.89746e-23
2.90187e-23
2.89539e-23
2.8768e-23
2.84822e-23
2.81428e-23
2.7807e-23
2.75275e-23
2.73413e-23
2.72642e-23
2.72924e-23
2.74101e-23
2.76012e-23
2.78555e-23
2.81651e-23
2.85134e-23
2.88661e-23
2.91739e-23
2.9386e-23
2.94642e-23
2.93931e-23
2.91819e-23
2.88607e-23
2.84752e-23
2.80787e-23
2.77265e-23
2.74695e-23
2.73427e-23
2.73535e-23
2.74775e-23
2.76652e-23
2.78607e-23
2.80202e-23
2.81219e-23
2.81689e-23
2.81849e-23
2.82067e-23
2.82714e-23
2.84045e-23
2.86107e-23
2.88785e-23
2.91868e-23
2.95163e-23
2.985e-23
3.0168e-23
3.04443e-23
3.06487e-23
3.07513e-23
3.0729e-23
3.05718e-23
3.02843e-23
2.98866e-23
2.94118e-23
2.8902e-23
2.84034e-23
2.79584e-23
2.76002e-23
2.73451e-23
2.71878e-23
2.71019e-23
2.70454e-23
2.69737e-23
2.68529e-23
2.66725e-23
2.64524e-23
2.62421e-23
2.6109e-23
2.61172e-23
2.63017e-23
2.66504e-23
2.71011e-23
2.756e-23
2.79312e-23
2.81462e-23
2.81849e-23
2.8074e-23
2.78652e-23
2.76062e-23
2.73254e-23
2.7038e-23
2.67543e-23
2.64813e-23
2.62206e-23
2.59729e-23
2.57442e-23
2.55484e-23
2.53986e-23
2.52926e-23
2.52097e-23
2.51259e-23
2.50382e-23
2.49781e-23
2.50046e-23
2.51761e-23
2.5517e-23
2.59972e-23
2.65398e-23
2.70533e-23
2.74638e-23
2.77327e-23
2.78578e-23
2.7864e-23
2.77908e-23
2.76838e-23
2.75873e-23
2.75381e-23
2.75618e-23
2.7672e-23
2.78711e-23
2.81527e-23
2.85046e-23
2.89095e-23
2.93453e-23
2.97858e-23
3.02014e-23
3.05605e-23
3.08312e-23
3.0984e-23
3.09972e-23
3.08643e-23
3.06013e-23
3.02495e-23
2.98646e-23
2.9498e-23
2.91774e-23
2.89011e-23
2.86489e-23
2.84021e-23
2.8153e-23
2.79025e-23
2.76543e-23
2.74112e-23
2.7178e-23
2.69677e-23
2.68039e-23
2.67171e-23
2.67345e-23
2.68681e-23
2.71062e-23
2.74117e-23
2.77296e-23
2.79988e-23
2.81697e-23
2.82161e-23
2.81453e-23
2.79973e-23
2.7832e-23
2.77063e-23
2.76545e-23
2.768e-23
2.77618e-23
2.787e-23
2.79771e-23
2.80654e-23
2.81288e-23
2.8172e-23
2.82111e-23
2.82686e-23
2.83639e-23
2.85036e-23
2.86793e-23
2.8875e-23
2.90759e-23
2.92717e-23
2.94542e-23
2.96129e-23
2.97329e-23
2.97965e-23
2.97877e-23
2.96979e-23
2.95323e-23
2.93092e-23
2.90569e-23
2.88075e-23
2.85909e-23
2.84266e-23
2.83229e-23
2.82751e-23
2.82682e-23
2.828e-23
2.82865e-23
2.82635e-23
2.81916e-23
2.80593e-23
2.78655e-23
2.76186e-23
2.73346e-23
2.70324e-23
2.67324e-23
2.64544e-23
2.62174e-23
2.60415e-23
2.5953e-23
2.59877e-23
2.61775e-23
2.65263e-23
2.70006e-23
2.75495e-23
2.813e-23
2.87178e-23
2.93011e-23
2.98686e-23
3.04028e-23
3.08804e-23
3.12749e-23
3.15637e-23
3.17291e-23
3.17578e-23
3.16433e-23
3.13834e-23
3.09843e-23
3.04656e-23
2.98653e-23
2.92412e-23
2.86638e-23
2.8202e-23
2.79055e-23
2.77888e-23
2.78284e-23
2.79708e-23
2.81514e-23
2.83119e-23
2.84126e-23
2.84351e-23
2.83811e-23
2.82661e-23
2.81142e-23
2.79527e-23
2.7803e-23
2.76737e-23
2.75564e-23
2.74291e-23
2.72658e-23
2.70486e-23
2.6775e-23
2.64609e-23
2.61386e-23
2.58505e-23
2.56427e-23
2.55592e-23
2.56299e-23
2.58579e-23
2.62101e-23
2.66197e-23
2.70051e-23
2.72951e-23
2.74474e-23
2.74573e-23
2.73571e-23
2.72099e-23
2.70955e-23
2.70839e-23
2.72022e-23
2.74214e-23
2.76757e-23
2.79011e-23
2.80619e-23
2.81532e-23
2.8189e-23
2.81865e-23
2.81586e-23
2.81131e-23
2.80563e-23
2.79954e-23
2.79385e-23
2.78923e-23
2.786e-23
2.78428e-23
2.78412e-23
2.78584e-23
2.79007e-23
2.7978e-23
2.81023e-23
2.82821e-23
2.85128e-23
2.87725e-23
2.90279e-23
2.92462e-23
2.94016e-23
2.94744e-23
2.94507e-23
2.93234e-23
2.9105e-23
2.8838e-23
2.85898e-23
2.84149e-23
2.83149e-23
2.82421e-23
2.81466e-23
2.80194e-23
2.7896e-23
2.78257e-23
2.78356e-23
2.7913e-23
2.80173e-23
2.81065e-23
2.81586e-23
2.81751e-23
2.81711e-23
2.81609e-23
2.81484e-23
2.81244e-23
2.8075e-23
2.79927e-23
2.78844e-23
2.77717e-23
2.76802e-23
2.76259e-23
2.76066e-23
2.76053e-23
2.76023e-23
2.75918e-23
2.75858e-23
2.75981e-23
2.76258e-23
2.76456e-23
2.76314e-23
2.75754e-23
2.74922e-23
2.74096e-23
2.73535e-23
2.73364e-23
2.73526e-23
2.73802e-23
2.73916e-23
2.73638e-23
2.72856e-23
2.7161e-23
2.70033e-23
2.68261e-23
2.66403e-23
2.64566e-23
2.62929e-23
2.61776e-23
2.61436e-23
2.62151e-23
2.63923e-23
2.66484e-23
2.69356e-23
2.72067e-23
2.74324e-23
2.76122e-23
2.77722e-23
2.79475e-23
2.81624e-23
2.84181e-23
2.86939e-23
2.89573e-23
2.91733e-23
2.93085e-23
2.93347e-23
2.92331e-23
2.90008e-23
2.86542e-23
2.8228e-23
2.77723e-23
2.7348e-23
2.70189e-23
2.68363e-23
2.68247e-23
2.69814e-23
2.72851e-23
2.77035e-23
2.81878e-23
2.86719e-23
2.90802e-23
2.93462e-23
2.94253e-23
2.92997e-23
2.89761e-23
2.84814e-23
2.78563e-23
2.71525e-23
2.64253e-23
2.57292e-23
2.51123e-23
2.46166e-23
2.42813e-23
2.41447e-23
2.42305e-23
2.45308e-23
2.50038e-23
2.55903e-23
2.62368e-23
2.69031e-23
2.75594e-23
2.81813e-23
2.87481e-23
2.92438e-23
2.96572e-23
2.99783e-23
3.01917e-23
3.02788e-23
3.02198e-23
3.00039e-23
2.96395e-23
2.91562e-23
2.85995e-23
2.80182e-23
2.74519e-23
2.69304e-23
2.64779e-23
2.61166e-23
2.58611e-23
2.57116e-23
2.56569e-23
2.56872e-23
2.58005e-23
2.59975e-23
2.6272e-23
2.6606e-23
2.69733e-23
2.73465e-23
2.77003e-23
2.80133e-23
2.82654e-23
2.84401e-23
2.85268e-23
2.85249e-23
2.84451e-23
2.8306e-23
2.81321e-23
2.79495e-23
2.77826e-23
2.76502e-23
2.75609e-23
2.7513e-23
2.74955e-23
2.74923e-23
2.74902e-23
2.74818e-23
2.74674e-23
2.7449e-23
2.74252e-23
2.73877e-23
2.73213e-23
2.72096e-23
2.70429e-23
2.6826e-23
2.65824e-23
2.63478e-23
2.61566e-23
2.60263e-23
2.59548e-23
2.59332e-23
2.59587e-23
2.60427e-23
2.62026e-23
2.64504e-23
2.67824e-23
2.71797e-23
2.76149e-23
2.80609e-23
2.84999e-23
2.89262e-23
2.93423e-23
2.97528e-23
3.01565e-23
3.05417e-23
3.08825e-23
3.11431e-23
3.12865e-23
3.12839e-23
3.11263e-23
3.08306e-23
3.04385e-23
3.00078e-23
2.95982e-23
2.92571e-23
2.90087e-23
2.8854e-23
2.87766e-23
2.87551e-23
2.87781e-23
2.88516e-23
2.89975e-23
2.92426e-23
2.95963e-23
3.00299e-23
3.04728e-23
3.08372e-23
3.10527e-23
3.10904e-23
3.0965e-23
3.07185e-23
3.03989e-23
3.0044e-23
2.96772e-23
2.93123e-23
2.89627e-23
2.86477e-23
2.83931e-23
2.82252e-23
2.81587e-23
2.8187e-23
2.82772e-23
2.83744e-23
2.84178e-23
2.83582e-23
2.8172e-23
2.78672e-23
2.7478e-23
2.70551e-23
2.66536e-23
2.63227e-23
2.60996e-23
2.60058e-23
2.60465e-23
2.62099e-23
2.64702e-23
2.67927e-23
2.71378e-23
2.7464e-23
2.77337e-23
2.7921e-23
2.80207e-23
2.80519e-23
2.80553e-23
2.80811e-23
2.81713e-23
2.83446e-23
2.85921e-23
2.88823e-23
2.91741e-23
2.94269e-23
2.96104e-23
2.97087e-23
2.97222e-23
2.96637e-23
2.95541e-23
2.94185e-23
2.92812e-23
2.91599e-23
2.90612e-23
2.89813e-23
2.89116e-23
2.8846e-23
2.87824e-23
2.87228e-23
2.8674e-23
2.86483e-23
2.8662e-23
2.87269e-23
2.88376e-23
2.89644e-23
2.90605e-23
2.90815e-23
2.9007e-23
2.8855e-23
2.86792e-23
2.85446e-23
2.84911e-23
2.85173e-23
2.85924e-23
2.86809e-23
2.87579e-23
2.88081e-23
2.88187e-23
2.87757e-23
2.86654e-23
2.84811e-23
2.82275e-23
2.79196e-23
2.75805e-23
2.72445e-23
2.69626e-23
2.67993e-23
2.68073e-23
2.69946e-23
2.73142e-23
2.76832e-23
2.80181e-23
2.82615e-23
2.8394e-23
2.84312e-23
2.84092e-23
2.8371e-23
2.83557e-23
2.83917e-23
2.84897e-23
2.86381e-23
2.88055e-23
2.89523e-23
2.90456e-23
2.90714e-23
2.90382e-23
2.89724e-23
2.89039e-23
2.88548e-23
2.88295e-23
2.88156e-23
2.87936e-23
2.87513e-23
2.86919e-23
2.86353e-23
2.86067e-23
2.8625e-23
2.86951e-23
2.88042e-23
2.89252e-23
2.90223e-23
2.90596e-23
2.90108e-23
2.88676e-23
2.86493e-23
2.84094e-23
2.8224e-23
2.8155e-23
2.82093e-23
2.83312e-23
2.84416e-23
2.84813e-23
2.8431e-23
2.83052e-23
2.81323e-23
2.79395e-23
2.77451e-23
2.75573e-23
2.73797e-23
2.72151e-23
2.70713e-23
2.69621e-23
2.69042e-23
2.69121e-23
2.69925e-23
2.71409e-23
2.73424e-23
2.75747e-23
2.78115e-23
2.8026e-23
2.81985e-23
2.83211e-23
2.83983e-23
2.84454e-23
2.84853e-23
2.85463e-23
2.86567e-23
2.88403e-23
2.91076e-23
2.94516e-23
2.98485e-23
3.02632e-23
3.06562e-23
3.09902e-23
3.12349e-23
3.13712e-23
3.13905e-23
3.12941e-23
3.10904e-23
3.07942e-23
3.04242e-23
3.00001e-23
2.9542e-23
2.90711e-23
2.86182e-23
2.82281e-23
2.79512e-23
2.78177e-23
2.78134e-23
2.78829e-23
2.79625e-23
2.80108e-23
2.80154e-23
2.79833e-23
2.79263e-23
2.78541e-23
2.77761e-23
2.77062e-23
2.76616e-23
2.7654e-23
2.76811e-23
2.77259e-23
2.77688e-23
2.77994e-23
2.782e-23
2.78415e-23
2.78754e-23
2.79262e-23
2.79911e-23
2.8062e-23
2.81258e-23
2.81642e-23
2.81545e-23
2.80764e-23
2.79188e-23
2.76861e-23
2.74005e-23
2.70974e-23
2.68176e-23
2.65961e-23
2.64555e-23
2.64004e-23
2.64217e-23
2.65015e-23
2.66208e-23
2.67632e-23
2.6918e-23
2.70763e-23
2.72255e-23
2.73494e-23
2.7433e-23
2.74695e-23
2.74659e-23
2.74433e-23
2.74318e-23
2.74586e-23
2.75363e-23
2.76528e-23
2.77695e-23
2.7829e-23
2.77729e-23
2.75621e-23
2.71923e-23
2.67019e-23
2.61688e-23
2.56962e-23
2.53802e-23
2.52683e-23
2.53403e-23
2.55321e-23
2.57771e-23
2.60324e-23
2.62834e-23
2.6535e-23
2.68018e-23
2.70983e-23
2.74325e-23
2.77994e-23
2.81818e-23
2.85548e-23
2.88926e-23
2.9175e-23
2.93898e-23
2.95314e-23
2.95971e-23
2.95856e-23
2.9498e-23
2.93409e-23
2.91306e-23
2.88916e-23
2.86549e-23
2.84533e-23
2.83158e-23
2.82628e-23
2.82989e-23
3.46915e-23
3.47491e-23
3.47313e-23
3.46183e-23
3.43968e-23
3.40628e-23
3.3624e-23
3.31045e-23
3.25404e-23
3.19736e-23
3.14442e-23
3.0982e-23
3.06027e-23
3.03125e-23
3.0123e-23
3.00648e-23
3.01764e-23
3.04762e-23
3.09386e-23
3.14916e-23
3.20406e-23
3.25026e-23
3.28318e-23
3.30227e-23
3.30949e-23
3.30715e-23
3.29647e-23
3.27713e-23
3.24795e-23
3.20882e-23
3.16267e-23
3.11592e-23
3.07699e-23
3.05353e-23
3.0499e-23
3.06615e-23
3.09869e-23
3.14204e-23
3.19031e-23
3.23803e-23
3.28101e-23
3.31791e-23
3.35089e-23
3.38358e-23
3.4166e-23
3.44551e-23
3.46356e-23
3.46593e-23
3.4515e-23
3.42231e-23
3.38232e-23
3.33652e-23
3.29032e-23
3.24911e-23
3.21754e-23
3.19821e-23
3.19093e-23
3.19293e-23
3.20024e-23
3.20942e-23
3.21866e-23
3.22743e-23
3.23603e-23
3.24511e-23
3.25556e-23
3.26816e-23
3.28295e-23
3.29888e-23
3.31404e-23
3.3265e-23
3.33514e-23
3.34039e-23
3.34431e-23
3.34996e-23
3.36001e-23
3.3749e-23
3.39163e-23
3.40446e-23
3.4073e-23
3.39609e-23
3.37016e-23
3.33241e-23
3.28866e-23
3.24669e-23
3.21384e-23
3.19377e-23
3.1849e-23
3.18235e-23
3.18185e-23
3.18245e-23
3.18661e-23
3.19843e-23
3.22059e-23
3.25237e-23
3.28954e-23
3.3264e-23
3.35814e-23
3.3825e-23
3.39996e-23
3.4124e-23
3.42088e-23
3.42463e-23
3.42165e-23
3.41034e-23
3.39113e-23
3.36678e-23
3.34133e-23
3.31849e-23
3.30032e-23
3.28634e-23
3.27407e-23
3.26045e-23
3.24312e-23
3.22116e-23
3.19515e-23
3.16679e-23
3.13788e-23
3.10951e-23
3.08166e-23
3.0531e-23
3.02213e-23
2.98728e-23
2.94836e-23
2.90742e-23
2.86927e-23
2.84081e-23
2.82955e-23
2.84105e-23
2.87636e-23
2.9308e-23
2.99533e-23
3.05997e-23
3.1172e-23
3.16396e-23
3.20173e-23
3.2349e-23
3.26786e-23
3.30207e-23
3.33503e-23
3.36159e-23
3.37697e-23
3.37901e-23
3.36866e-23
3.34894e-23
3.32384e-23
3.29759e-23
3.27431e-23
3.25758e-23
3.2499e-23
3.25198e-23
3.26197e-23
3.27531e-23
3.28604e-23
3.28893e-23
3.28109e-23
3.26213e-23
3.23376e-23
3.1996e-23
3.16485e-23
3.13497e-23
3.11452e-23
3.10642e-23
3.11194e-23
3.13098e-23
3.16156e-23
3.19966e-23
3.23981e-23
3.27607e-23
3.30297e-23
3.31579e-23
3.31055e-23
3.28451e-23
3.23705e-23
3.17096e-23
3.09421e-23
3.02044e-23
2.96642e-23
2.94522e-23
2.95928e-23
2.99981e-23
3.0528e-23
3.10559e-23
3.15023e-23
3.18343e-23
3.20555e-23
3.21931e-23
3.22842e-23
3.23621e-23
3.24437e-23
3.25219e-23
3.25733e-23
3.25785e-23
3.25403e-23
3.24832e-23
3.24349e-23
3.24067e-23
3.23908e-23
3.23646e-23
3.22995e-23
3.21665e-23
3.19456e-23
3.1635e-23
3.12573e-23
3.08592e-23
3.05039e-23
3.02553e-23
3.0159e-23
3.02275e-23
3.04368e-23
3.07354e-23
3.10613e-23
3.13554e-23
3.15727e-23
3.16864e-23
3.16874e-23
3.15818e-23
3.13887e-23
3.11362e-23
3.08559e-23
3.05749e-23
3.03098e-23
3.00629e-23
2.98256e-23
2.95864e-23
2.93395e-23
2.90904e-23
2.88547e-23
2.86515e-23
2.84934e-23
2.83814e-23
2.8309e-23
2.82745e-23
2.82894e-23
2.83795e-23
2.85765e-23
2.89079e-23
2.939e-23
3.00196e-23
3.07667e-23
3.15734e-23
3.23597e-23
3.30391e-23
3.35347e-23
3.3796e-23
3.38102e-23
3.36059e-23
3.32495e-23
3.28337e-23
3.24591e-23
3.22048e-23
3.21102e-23
3.21691e-23
3.23447e-23
3.25885e-23
3.28522e-23
3.30894e-23
3.3254e-23
3.33068e-23
3.32308e-23
3.30427e-23
3.27938e-23
3.25536e-23
3.23795e-23
3.22902e-23
3.226e-23
3.22411e-23
3.21917e-23
3.209e-23
3.19321e-23
3.17263e-23
3.14903e-23
3.12506e-23
3.10347e-23
3.0864e-23
3.07519e-23
3.071e-23
3.07553e-23
3.09054e-23
3.11643e-23
3.15113e-23
3.19043e-23
3.2299e-23
3.26672e-23
3.30028e-23
3.33136e-23
3.36064e-23
3.38773e-23
3.41152e-23
3.43054e-23
3.44334e-23
3.44807e-23
3.4427e-23
3.42562e-23
3.39653e-23
3.35682e-23
3.30909e-23
3.25632e-23
3.20107e-23
3.1453e-23
3.09047e-23
3.03839e-23
2.99181e-23
2.95426e-23
2.92909e-23
2.91845e-23
2.92259e-23
2.94015e-23
2.96908e-23
3.00683e-23
3.05018e-23
3.0953e-23
3.13872e-23
3.17856e-23
3.21462e-23
3.2473e-23
3.27596e-23
3.29827e-23
3.31085e-23
3.31078e-23
3.29713e-23
3.27184e-23
3.23982e-23
3.20763e-23
3.18131e-23
3.16459e-23
3.15825e-23
3.16034e-23
3.16701e-23
3.17371e-23
3.17661e-23
3.17384e-23
3.16617e-23
3.15677e-23
3.15004e-23
3.15009e-23
3.15933e-23
3.17761e-23
3.20279e-23
3.23185e-23
3.26125e-23
3.28666e-23
3.3026e-23
3.30346e-23
3.28586e-23
3.25212e-23
3.21145e-23
3.17572e-23
3.15137e-23
3.13612e-23
3.12421e-23
3.11208e-23
3.09894e-23
3.08508e-23
3.07145e-23
3.06033e-23
3.05581e-23
3.0631e-23
3.08639e-23
3.12665e-23
3.18047e-23
3.24088e-23
3.30032e-23
3.35313e-23
3.39669e-23
3.43063e-23
3.45545e-23
3.47143e-23
3.47815e-23
3.47474e-23
3.46065e-23
3.43602e-23
3.40179e-23
3.35972e-23
3.31257e-23
3.26429e-23
3.22002e-23
3.18572e-23
3.16696e-23
3.16654e-23
3.18246e-23
3.20829e-23
3.23618e-23
3.25914e-23
3.27252e-23
3.27502e-23
3.26972e-23
3.26411e-23
3.26814e-23
3.29053e-23
3.33444e-23
3.39562e-23
3.4638e-23
3.52649e-23
3.5729e-23
3.59653e-23
3.59647e-23
3.57702e-23
3.54588e-23
3.51132e-23
3.47886e-23
3.44958e-23
3.42107e-23
3.39051e-23
3.35826e-23
3.3297e-23
3.31376e-23
3.31808e-23
3.34415e-23
3.38569e-23
3.43195e-23
3.47247e-23
3.50013e-23
3.51211e-23
3.50896e-23
3.49375e-23
3.47088e-23
3.44469e-23
3.41847e-23
3.39364e-23
3.36974e-23
3.34512e-23
3.31769e-23
3.28589e-23
3.24913e-23
3.20772e-23
3.16286e-23
3.11664e-23
3.07259e-23
3.03585e-23
3.01198e-23
3.00527e-23
3.01686e-23
3.04409e-23
3.08148e-23
3.12266e-23
3.16235e-23
3.19744e-23
3.22754e-23
3.25477e-23
3.28269e-23
3.3149e-23
3.35314e-23
3.39642e-23
3.44144e-23
3.48392e-23
3.51999e-23
3.54684e-23
3.5626e-23
3.5662e-23
3.55767e-23
3.53853e-23
3.51222e-23
3.48364e-23
3.45746e-23
3.4359e-23
3.41742e-23
3.39768e-23
3.37304e-23
3.34328e-23
3.31189e-23
3.28367e-23
3.26175e-23
3.24592e-23
3.23319e-23
3.2191e-23
3.19949e-23
3.17195e-23
3.13674e-23
3.09659e-23
3.05589e-23
3.0193e-23
2.99059e-23
2.97213e-23
2.96519e-23
2.9703e-23
2.9876e-23
3.01658e-23
3.05529e-23
3.09982e-23
3.14451e-23
3.18334e-23
3.21151e-23
3.22656e-23
3.22871e-23
3.22063e-23
3.20638e-23
3.1901e-23
3.1748e-23
3.16197e-23
3.15164e-23
3.14322e-23
3.13646e-23
3.13196e-23
3.13102e-23
3.13524e-23
3.14586e-23
3.16314e-23
3.18549e-23
3.20857e-23
3.22606e-23
3.23176e-23
3.22183e-23
3.19587e-23
3.15679e-23
3.10956e-23
3.0599e-23
3.01312e-23
2.97397e-23
2.94697e-23
2.93657e-23
2.94605e-23
2.97558e-23
3.02117e-23
3.07528e-23
3.12903e-23
3.17447e-23
3.20602e-23
3.22119e-23
3.22089e-23
3.20909e-23
3.19203e-23
3.17691e-23
3.1695e-23
3.17193e-23
3.1816e-23
3.19226e-23
3.19679e-23
3.19013e-23
3.17114e-23
3.14302e-23
3.11251e-23
3.0885e-23
3.07997e-23
3.09324e-23
3.12965e-23
3.18535e-23
3.25296e-23
3.32401e-23
3.39024e-23
3.44444e-23
3.48076e-23
3.49515e-23
3.48632e-23
3.4564e-23
3.41129e-23
3.36018e-23
3.31348e-23
3.27959e-23
3.26172e-23
3.25708e-23
3.25899e-23
3.26022e-23
3.25619e-23
3.24662e-23
3.23449e-23
3.22358e-23
3.21589e-23
3.21103e-23
3.20744e-23
3.20374e-23
3.19894e-23
3.19215e-23
3.18237e-23
3.16898e-23
3.15229e-23
3.13389e-23
3.11642e-23
3.10266e-23
3.0948e-23
3.09373e-23
3.09867e-23
3.10723e-23
3.11592e-23
3.12146e-23
3.12221e-23
3.11887e-23
3.11449e-23
3.11336e-23
3.11971e-23
3.13641e-23
3.16357e-23
3.19801e-23
3.23393e-23
3.26452e-23
3.2844e-23
3.2913e-23
3.28655e-23
3.27421e-23
3.25944e-23
3.24674e-23
3.23873e-23
3.2363e-23
3.23994e-23
3.25178e-23
3.27675e-23
3.32029e-23
3.38284e-23
3.45699e-23
3.53066e-23
3.59234e-23
3.63397e-23
3.65116e-23
3.64225e-23
3.60787e-23
3.55026e-23
3.4731e-23
3.38121e-23
3.28043e-23
3.17722e-23
3.07834e-23
2.99039e-23
2.91959e-23
2.8717e-23
2.85065e-23
2.85562e-23
2.87954e-23
2.91262e-23
2.94811e-23
2.98468e-23
3.02407e-23
3.06676e-23
3.1094e-23
3.1459e-23
3.16973e-23
3.17581e-23
3.16247e-23
3.13343e-23
3.09851e-23
3.07136e-23
3.06395e-23
3.08149e-23
3.12204e-23
3.17984e-23
3.24823e-23
3.32079e-23
3.39113e-23
3.45315e-23
3.50157e-23
3.53226e-23
3.54277e-23
3.53276e-23
3.50413e-23
3.46022e-23
3.405e-23
3.34207e-23
3.27427e-23
3.20409e-23
3.13441e-23
3.06887e-23
3.01152e-23
2.96583e-23
2.93368e-23
2.9151e-23
2.90899e-23
2.91425e-23
2.93037e-23
2.95696e-23
2.9928e-23
3.03531e-23
3.08079e-23
3.12543e-23
3.16636e-23
3.20246e-23
3.23401e-23
3.26198e-23
3.2869e-23
3.30854e-23
3.32633e-23
3.33978e-23
3.34822e-23
3.35024e-23
3.34404e-23
3.32856e-23
3.30461e-23
3.27514e-23
3.24443e-23
3.21712e-23
3.1974e-23
3.18841e-23
3.19191e-23
3.20793e-23
3.23452e-23
3.26791e-23
3.30298e-23
3.33398e-23
3.3559e-23
3.36568e-23
3.36312e-23
3.35056e-23
3.3317e-23
3.30978e-23
3.28608e-23
3.25959e-23
3.22828e-23
3.19083e-23
3.14824e-23
3.10426e-23
3.0644e-23
3.03397e-23
3.01603e-23
3.01043e-23
3.0145e-23
3.02465e-23
3.03771e-23
3.05161e-23
3.06549e-23
3.07934e-23
3.09346e-23
3.10803e-23
3.12301e-23
3.13818e-23
3.15327e-23
3.1682e-23
3.18298e-23
3.19776e-23
3.21266e-23
3.22744e-23
3.24139e-23
3.25369e-23
3.26381e-23
3.27109e-23
3.27404e-23
3.27117e-23
3.26231e-23
3.24999e-23
3.23968e-23
3.23773e-23
3.24831e-23
3.27072e-23
3.29915e-23
3.32508e-23
3.34068e-23
3.3411e-23
3.32527e-23
3.29583e-23
3.25866e-23
3.22176e-23
3.19395e-23
3.1825e-23
3.1904e-23
3.21482e-23
3.24841e-23
3.28232e-23
3.30868e-23
3.32119e-23
3.31525e-23
3.28882e-23
3.24373e-23
3.18682e-23
3.12943e-23
3.08481e-23
3.06337e-23
3.06919e-23
3.09925e-23
3.14566e-23
3.19833e-23
3.2469e-23
3.28269e-23
3.30063e-23
3.30056e-23
3.28647e-23
3.26413e-23
3.2387e-23
3.21409e-23
3.19338e-23
3.17913e-23
3.17354e-23
3.17887e-23
3.19733e-23
3.22883e-23
3.26847e-23
3.3072e-23
3.33603e-23
3.3495e-23
3.34626e-23
3.32772e-23
3.2966e-23
3.2563e-23
3.21099e-23
3.16605e-23
3.12776e-23
3.10216e-23
3.09313e-23
3.10078e-23
3.1211e-23
3.14741e-23
3.17299e-23
3.19312e-23
3.20552e-23
3.20998e-23
3.20739e-23
3.19897e-23
3.18546e-23
3.16659e-23
3.14164e-23
3.11048e-23
3.07484e-23
3.03852e-23
3.00649e-23
2.98427e-23
2.97744e-23
2.99001e-23
3.02174e-23
3.06707e-23
3.11723e-23
3.16376e-23
3.20115e-23
3.22712e-23
3.24193e-23
3.24703e-23
3.24401e-23
3.2341e-23
3.21818e-23
3.19716e-23
3.17245e-23
3.14623e-23
3.12126e-23
3.10023e-23
3.08507e-23
3.07641e-23
3.07343e-23
3.0742e-23
3.07628e-23
3.07735e-23
3.07566e-23
3.07013e-23
3.06048e-23
3.04695e-23
3.03005e-23
3.01028e-23
2.98868e-23
2.96778e-23
2.95285e-23
2.95176e-23
2.97228e-23
3.01749e-23
3.0832e-23
3.15958e-23
3.23508e-23
3.29912e-23
3.34325e-23
3.3617e-23
3.35175e-23
3.3142e-23
3.25367e-23
3.17895e-23
3.10273e-23
3.03965e-23
3.00239e-23
2.9976e-23
3.02412e-23
3.07446e-23
3.1384e-23
3.20631e-23
3.27072e-23
3.32675e-23
3.37199e-23
3.4061e-23
3.43042e-23
3.44717e-23
3.45855e-23
3.46599e-23
3.47009e-23
3.47124e-23
3.47006e-23
3.4674e-23
3.46378e-23
3.45912e-23
3.45256e-23
3.44281e-23
3.42858e-23
3.40877e-23
3.38256e-23
3.34971e-23
3.31134e-23
3.27024e-23
3.23012e-23
3.19345e-23
3.16042e-23
3.13015e-23
3.10243e-23
3.07858e-23
3.06107e-23
3.0523e-23
3.05325e-23
3.06278e-23
3.07781e-23
3.09456e-23
3.11014e-23
3.12307e-23
3.13296e-23
3.13927e-23
3.14113e-23
3.13831e-23
3.13209e-23
3.1246e-23
3.11766e-23
3.11173e-23
3.10585e-23
3.09866e-23
3.08969e-23
3.08013e-23
3.0725e-23
3.06939e-23
3.0721e-23
3.08012e-23
3.0915e-23
3.10375e-23
3.11445e-23
3.12154e-23
3.12357e-23
3.12114e-23
3.11867e-23
3.12463e-23
3.14824e-23
3.19345e-23
3.25568e-23
3.32465e-23
3.38886e-23
3.43899e-23
3.46871e-23
3.47436e-23
3.45489e-23
3.41226e-23
3.35198e-23
3.28323e-23
3.21774e-23
3.16704e-23
3.1395e-23
3.13882e-23
3.16484e-23
3.21415e-23
3.27937e-23
3.34899e-23
3.40962e-23
3.44986e-23
3.46332e-23
3.44936e-23
3.41233e-23
3.35995e-23
3.30085e-23
3.24219e-23
3.18845e-23
3.14174e-23
3.10364e-23
3.07673e-23
3.06453e-23
3.07017e-23
3.09474e-23
3.13706e-23
3.19414e-23
3.26161e-23
3.33375e-23
3.40331e-23
3.46167e-23
3.49983e-23
3.51029e-23
3.48934e-23
3.43881e-23
3.36637e-23
3.28398e-23
3.20522e-23
3.14287e-23
3.10671e-23
3.10125e-23
3.12436e-23
3.16856e-23
3.22365e-23
3.27919e-23
3.32614e-23
3.35823e-23
3.37244e-23
3.36908e-23
3.35118e-23
3.32324e-23
3.29004e-23
3.25538e-23
3.22157e-23
3.18922e-23
3.15793e-23
3.12754e-23
3.09919e-23
3.07564e-23
3.06033e-23
3.05599e-23
3.0633e-23
3.08048e-23
3.10392e-23
3.12912e-23
3.1516e-23
3.16751e-23
3.17434e-23
3.17203e-23
3.1643e-23
3.15816e-23
3.16067e-23
3.17424e-23
3.19477e-23
3.21457e-23
3.22678e-23
