 -3 0 0 0
 -2.94 0 0 0
 -2.88 0 0 0
 -2.82 0 0 0
 -2.76 0 0 0
 -2.7 0 0 0
 -2.64 0 6.53568e-05 4.81965e-05
 -2.58 0 7.6989e-05 5.02315e-05
 -2.52 0 0 0
 -2.46 0 0.000182152 7.18428e-05
 -2.4 0 0.000626687 0.000212911
 -2.34 0 0.0013704 0.000411718
 -2.28 0 0.00136999 0.000335446
 -2.22 0 0.0014479 0.000347058
 -2.16 0 0.00235686 0.000377985
 -2.1 0 0.00456576 0.000594717
 -2.04 0.00709462 0.00614921 0.00059519
 -1.98 0.00472786 0.00871204 0.000778447
 -1.92 0.00985135 0.0136642 0.000938261
 -1.86 0.0201886 0.0184026 0.00110465
 -1.8 0.0174046 0.0250475 0.00136953
 -1.74 0.039727 0.0344095 0.00133391
 -1.68 0.0494814 0.0503721 0.00158599
 -1.62 0.0511629 0.0652091 0.00211876
 -1.56 0.0482278 0.078578 0.0021523
 -1.5 0.122598 0.104852 0.00241036
 -1.44 0.0966167 0.130812 0.00237578
 -1.38 0.12684 0.159012 0.00315299
 -1.32 0.190912 0.194381 0.00299096
 -1.26 0.232502 0.219171 0.00307776
 -1.2 0.1939 0.259907 0.00361608
 -1.14 0.299768 0.287472 0.00414227
 -1.08 0.354925 0.311898 0.00416898
 -1.02 0.341483 0.34513 0.00420905
 -0.96 0.350808 0.36989 0.0048097
 -0.9 0.5228 0.387154 0.00478518
 -0.84 0.44663 0.413643 0.00467785
 -0.78 0.410396 0.422492 0.00519434
 -0.72 0.410418 0.422314 0.00517269
 -0.66 0.472331 0.426156 0.00449208
 -0.6 0.387814 0.407838 0.00520683
 -0.54 0.401028 0.397768 0.00486032
 -0.48 0.413154 0.384417 0.00455961
 -0.42 0.329815 0.381628 0.00488553
 -0.36 0.398092 0.361157 0.00484408
 -0.3 0.339936 0.34331 0.00407722
 -0.24 0.348622 0.337684 0.00397146
 -0.18 0.309349 0.324236 0.00377726
 -0.12 0.335263 0.321301 0.00439661
 -0.06 0.302459 0.306657 0.00366285
 0 0.331038 0.320464 0.00367214
 0.06 0.282226 0.31593 0.00371849
 0.12 0.33113 0.329165 0.00363348
 0.18 0.362732 0.33755 0.00430369
 0.24 0.370789 0.34442 0.00417319
 0.3 0.35799 0.360075 0.00441397
 0.36 0.397209 0.367577 0.0043894
 0.42 0.337595 0.390568 0.00437797
 0.48 0.378043 0.397633 0.00500749
 0.54 0.419309 0.419584 0.00440825
 0.6 0.445054 0.41972 0.00468703
 0.66 0.369361 0.420989 0.00466435
 0.72 0.51859 0.41403 0.0043434
 0.78 0.394369 0.409928 0.00422308
 0.84 0.424681 0.3907 0.00506816
 0.9 0.337195 0.371677 0.00438532
 0.96 0.34066 0.357314 0.00448135
 1.02 0.313704 0.315146 0.00392344
 1.08 0.281087 0.288885 0.00389619
 1.14 0.283463 0.251069 0.00377565
 1.2 0.215286 0.219983 0.00343536
 1.26 0.13606 0.188395 0.00328868
 1.32 0.151249 0.158772 0.00311593
 1.38 0.0967647 0.126122 0.00241333
 1.44 0.122735 0.104754 0.00251983
 1.5 0.112152 0.0835746 0.00219737
 1.56 0.0526367 0.0627959 0.00211178
 1.62 0.0467333 0.0445265 0.0015226
 1.68 0.0340806 0.0350018 0.00135435
 1.74 0.00704796 0.0272946 0.00140094
 1.8 0.0143399 0.0187996 0.00110797
 1.86 0.00455354 0.0137527 0.000942776
 1.92 0.000410959 0.00978962 0.000817291
 1.98 0.000485951 0.0067761 0.00075795
 2.04 0 0.00414355 0.000479207
 2.1 0.00806253 0.00272708 0.000387327
 2.16 0.000669933 0.00168247 0.000264372
 2.22 0 0.00090478 0.000214483
 2.28 0.000845915 0.000714722 0.000191198
 2.34 0 0.000587621 0.000179253
 2.4 0 2.75206e-05 2.73826e-05
 2.46 0 0.000137213 9.975e-05
 2.52 0 2.3671e-05 1.66443e-05
 2.58 0 0 0
 2.64 0 6.50402e-05 6.47141e-05
 2.7 0 0 0
 2.76 0 6.12939e-06 6.09866e-06
 2.82 0 0 0
 2.88 0 0 0
 2.94 0 0 0
