 1 -0.439934 -0.439934 0
 2 -0.442248 -0.441091 0.000818195
 3 -0.437272 -0.439818 0.00117386
 4 -0.440443 -0.439974 0.000890722
 5 -0.442976 -0.440574 0.000892225
 6 -0.446542 -0.441569 0.00117356
 7 -0.4465 -0.442274 0.00119881
 8 -0.441431 -0.442168 0.00105358
 9 -0.439436 -0.441865 0.000979275
 10 -0.433954 -0.441074 0.00115757
 11 -0.436356 -0.440645 0.001129
 12 -0.443382 -0.440873 0.00105772
 13 -0.447607 -0.441391 0.00109587
 14 -0.441075 -0.441368 0.00101783
 15 -0.444607 -0.441584 0.000972604
 16 -0.438665 -0.441402 0.000928766
 17 -0.433168 -0.440917 0.000992424
 18 -0.437594 -0.440733 0.000954312
 19 -0.436726 -0.440522 0.000927095
 20 -0.433771 -0.440184 0.000940188
 21 -0.436712 -0.440019 0.000909836
 22 -0.449484 -0.440449 0.000964855
 23 -0.445963 -0.440689 0.000952223
 24 -0.434357 -0.440425 0.00094839
 25 -0.432966 -0.440127 0.000956233
 26 -0.440747 -0.440151 0.000919753
 27 -0.431333 -0.439824 0.000941885
 28 -0.437508 -0.439741 0.000911871
 29 -0.44556 -0.439942 0.000902231
 30 -0.450818 -0.440304 0.000942182
 31 -0.441322 -0.440337 0.000912361
 32 -0.443744 -0.440444 0.000890041
 33 -0.452234 -0.440801 0.000932022
 34 -0.451915 -0.441128 0.000960228
 35 -0.444521 -0.441225 0.000937674
 36 -0.43617 -0.441084 0.000922083
 37 -0.445006 -0.44119 0.000903231
 38 -0.440887 -0.441182 0.000879498
 39 -0.440354 -0.441161 0.000857203
 40 -0.436223 -0.441038 0.000844617
 41 -0.4274 -0.440705 0.000887098
 42 -0.426276 -0.440362 0.000930127
 43 -0.443007 -0.440423 0.000910529
 44 -0.438709 -0.440384 0.000890667
 45 -0.435486 -0.440275 0.0008775
 46 -0.44773 -0.440437 0.00087326
 47 -0.446841 -0.440574 0.000865244
 48 -0.447305 -0.440714 0.000858509
 49 -0.448593 -0.440875 0.000855914
 50 -0.442977 -0.440917 0.000839828
 51 -0.443094 -0.440959 0.000824445
 52 -0.440831 -0.440957 0.000808594
 53 -0.442627 -0.440988 0.000793951
 54 -0.448379 -0.441125 0.000790956
 55 -0.441298 -0.441128 0.000776581
 56 -0.440217 -0.441112 0.000762884
 57 -0.439659 -0.441087 0.000749926
 58 -0.431885 -0.440928 0.000753589
 59 -0.440788 -0.440926 0.00074082
 60 -0.450985 -0.441093 0.000747205
 61 -0.442206 -0.441112 0.000735178
 62 -0.449271 -0.441243 0.000735005
 63 -0.434365 -0.441134 0.000731402
 64 -0.432867 -0.441005 0.000731291
 65 -0.441715 -0.441016 0.000720122
 66 -0.436013 -0.44094 0.00071319
 67 -0.449462 -0.441067 0.000713798
 68 -0.433174 -0.440951 0.000712675
 69 -0.434785 -0.440862 0.000707927
 70 -0.447165 -0.440952 0.000703519
 71 -0.439424 -0.44093 0.000693939
 72 -0.443125 -0.440961 0.00068497
 73 -0.445721 -0.441026 0.000678684
 74 -0.436437 -0.440964 0.00067234
 75 -0.44222 -0.440981 0.000663584
 76 -0.441733 -0.440991 0.000654926
 77 -0.435435 -0.440918 0.000650382
 78 -0.434344 -0.440834 0.000647483
 79 -0.43734 -0.44079 0.000640796
 80 -0.439919 -0.440779 0.000632878
 81 -0.450689 -0.440901 0.00063678
 82 -0.443975 -0.440939 0.000630117
 83 -0.448384 -0.441029 0.000628877
 84 -0.441782 -0.441037 0.000621454
 85 -0.440278 -0.441029 0.000614207
 86 -0.43905 -0.441006 0.000607496
 87 -0.438188 -0.440973 0.000601376
 88 -0.43719 -0.44093 0.000596076
 89 -0.436057 -0.440875 0.000591888
 90 -0.440629 -0.440873 0.000585318
 91 -0.441495 -0.44088 0.000578926
 92 -0.460277 -0.44109 0.00060982
 93 -0.450584 -0.441192 0.000611748
 94 -0.449644 -0.441282 0.000611811
 95 -0.43173 -0.441182 0.000613578
 96 -0.449593 -0.441269 0.00061341
 97 -0.442733 -0.441285 0.000607272
 98 -0.44501 -0.441323 0.000602264
 99 -0.443983 -0.441349 0.000596779
 100 -0.438355 -0.441319 0.000591563
