 0 nan nan
 0.064633 0 0
 0.129266 0 0
 0.193899 0 0
 0.258532 0 0
 0.323165 0 0
 0.387798 0 0
 0.452431 0 0
 0.517064 0 0
 0.581697 0 0
 0.64633 0 0
 0.710963 0 0
 0.775596 0 0
 0.84023 0.00417361 0.00395943
 0.904863 0.742159 0.131363
 0.969496 2.70962 0.37203
 1.03413 4.02505 0.521408
 1.09876 3.69468 0.466275
 1.16339 3.34592 0.458962
 1.22803 2.95099 0.386106
 1.29266 2.46619 0.294535
 1.35729 2.15302 0.246692
 1.42193 1.99584 0.235534
 1.48656 1.72147 0.193532
 1.55119 1.65417 0.188184
 1.61583 1.61605 0.182566
 1.68046 1.4822 0.154638
 1.74509 1.47505 0.141152
 1.80973 1.37872 0.134031
 1.87436 1.23503 0.113716
 1.93899 1.29643 0.113205
 2.00362 1.23373 0.106182
 2.06826 1.20461 0.0978863
 2.13289 1.14454 0.0785525
 2.19752 1.06075 0.0602862
 2.26216 1.01007 0.0541929
 2.32679 1.09994 0.0700836
 2.39142 1.04058 0.0583827
 2.45606 0.968878 0.042502
 2.52069 0.947895 0.0250462
 2.58532 0.92298 0.0170886
 2.64995 0.925919 0.0240945
 2.71459 0.945321 0.021551
 2.77922 0.9245 0.0455384
 2.84385 0.913911 0.0582142
 2.90849 0.963601 0.0865322
 2.97312 1.04911 0.207181
 3.03775 1.10678 0.280892
 3.10239 0.909199 0.130639
 3.16702 0.847644 0.0780429
 3.23165 0.809134 0.0435062
 3.29629 0.791458 0.0261814
 3.36092 0.739173 0.027659
 3.42555 0.717134 0.0213911
 3.49018 0.700158 0.0201949
 3.55482 0.683241 0.0282959
 3.61945 0.654076 0.0272781
 3.68408 0.646557 0.0346897
 3.74872 0.642925 0.0375049
 3.81335 0.632328 0.0405995
 3.87798 0.62231 0.036304
 3.94262 0.645445 0.0386016
 4.00725 0.619099 0.0338984
 4.07188 0.608007 0.0286542
 4.13651 0.589216 0.0252086
 4.20115 0.595567 0.0193931
 4.26578 0.622841 0.0304335
 4.33041 0.60406 0.0127025
 4.39505 0.570105 0.0188743
 4.45968 0.567961 0.0215838
 4.52431 0.538125 0.0242792
 4.58895 0.535002 0.0249124
 4.65358 0.532021 0.024154
 4.71821 0.535546 0.0246412
 4.78285 0.51569 0.0180824
 4.84748 0.507534 0.0170674
 4.91211 0.509662 0.0119401
 4.97674 0.505958 0.00675817
 5.04138 0.508454 0.00828699
 5.10601 0.538138 0.0197117
 5.17064 0.551044 0.0442642
 5.23528 0.58645 0.0919282
 5.29991 0.539419 0.0483167
 5.36454 0.510361 0.0217284
 5.42918 0.49157 0.0122197
 5.49381 0.478136 0.00658307
 5.55844 0.466034 0.00757881
 5.62307 0.458665 0.00640784
 5.68771 0.448558 0.00833702
 5.75234 0.435888 0.00979163
 5.81697 0.425205 0.00854664
 5.88161 0.429428 0.00898266
 5.94624 0.43314 0.00644982
 6.01087 0.441927 0.00653132
 6.07551 0.454939 0.0184195
 6.14014 0.421606 0.00647242
 6.20477 0.407583 0.00854102
 6.2694 0.399732 0.0111152
 6.33404 0.393491 0.0118538
 6.39867 0.390368 0.0127752
