 1 0.0562672 0.0562672 0
 2 0.0557226 0.0559949 0.000192539
 3 0.055203 0.0557309 0.000250863
 4 0.0547249 0.0554794 0.000287812
 5 0.0540418 0.0551919 0.000345178
 6 0.0538165 0.0549627 0.000355715
 7 0.0531489 0.0547035 0.000387959
 8 0.0529407 0.0544832 0.000397142
 9 0.0525327 0.0542665 0.000407884
 10 0.0512057 0.0539604 0.000468054
 11 0.0493928 0.0535452 0.000581202
 12 0.0494977 0.0532079 0.000622996
 13 0.0486461 0.052857 0.000666612
 14 0.0472723 0.0524581 0.000728642
 15 0.0482704 0.0521789 0.000731597
 16 0.0484905 0.0519484 0.000721278
 17 0.0494913 0.0518038 0.00069318
 18 0.0501114 0.0517098 0.000661016
 19 0.052279 0.0517398 0.000626905
 20 0.0501821 0.0516619 0.000600378
 21 0.0501286 0.0515889 0.000576211
 22 0.0518647 0.0516014 0.000550156
 23 0.0511587 0.0515821 0.000526573
 24 0.0520016 0.0515996 0.000504922
 25 0.0537892 0.0516872 0.000492263
 26 0.0477963 0.0515376 0.000495555
 27 0.0554091 0.0516809 0.000497514
 28 0.0498024 0.0516139 0.000484248
 29 0.0511337 0.0515973 0.000467833
 30 0.049236 0.0515186 0.000458812
 31 0.0486188 0.051425 0.000453447
 32 0.047572 0.0513046 0.000454982
 33 0.053306 0.0513653 0.000445218
 34 0.0543944 0.0514544 0.000440947
 35 0.0465094 0.0513131 0.000450415
 36 0.0470771 0.0511954 0.000453012
 37 0.0453302 0.0510369 0.000467681
 38 0.051814 0.0510574 0.000455821
 39 0.0480856 0.0509812 0.000450457
 40 0.0520041 0.0510067 0.000439921
 41 0.0531668 0.0510594 0.000432335
 42 0.0527471 0.0510996 0.000423904
 43 0.0467785 0.0509991 0.00042579
 44 0.0453835 0.0508715 0.00043482
 45 0.0456973 0.0507565 0.000440098
 46 0.0518441 0.0507801 0.000431165
 47 0.0529532 0.0508264 0.000424463
 48 0.0539765 0.050892 0.000420663
 49 0.0515067 0.0509046 0.000412265
 50 0.0525635 0.0509377 0.000405353
 51 0.0532073 0.0509822 0.00039984
 52 0.0512106 0.0509866 0.000392175
 53 0.0446678 0.0508674 0.00040249
 54 0.04244 0.0507113 0.000424215
 55 0.0414714 0.0505433 0.000448535
 56 0.052354 0.0505757 0.000441689
 57 0.0512252 0.0505871 0.000434087
 58 0.0463709 0.0505144 0.000432647
 59 0.0499423 0.0505047 0.000425422
 60 0.0473598 0.0504523 0.000421549
 61 0.0513502 0.050467 0.000414895
 62 0.0454719 0.0503864 0.000415952
 63 0.0491605 0.050367 0.000409804
 64 0.0541715 0.0504264 0.00040769
 65 0.0592587 0.0505623 0.000423457
 66 0.0489101 0.0505373 0.00041778
 67 0.0552391 0.0506074 0.000417397
 68 0.0528523 0.0506404 0.000412562
 69 0.0413261 0.0505055 0.000428098
 70 0.0436586 0.0504076 0.000433013
 71 0.054477 0.050465 0.00043069
 72 0.054709 0.0505239 0.000428723
 73 0.051151 0.0505325 0.000422936
 74 0.0559405 0.0506056 0.000423488
 75 0.0609939 0.0507441 0.00043991
 76 0.0494877 0.0507276 0.000434432
 77 0.0568467 0.050807 0.000435998
 78 0.0506179 0.0508046 0.000430415
 79 0.0464779 0.0507498 0.000428437
 80 0.0460778 0.0506914 0.000427044
 81 0.0543479 0.0507366 0.000424151
 82 0.0499658 0.0507272 0.000419082
 83 0.0437627 0.0506433 0.00042235
 84 0.049025 0.050624 0.000417761
 85 0.0456582 0.0505656 0.000416911
 86 0.0478868 0.0505344 0.000413225
 87 0.0543698 0.0505785 0.00041082
 88 0.0453725 0.0505194 0.000410389
 89 0.046075 0.0504694 0.000408805
 90 0.0486528 0.0504492 0.000404761
 91 0.0506213 0.0504511 0.000400317
 92 0.0457683 0.0504002 0.000399189
 93 0.0444397 0.0503361 0.000400008
 94 0.0449444 0.0502788 0.000399844
 95 0.0457957 0.0502316 0.000398411
 96 0.0483697 0.0502122 0.000394732
 97 0.0530889 0.0502418 0.000391775
 98 0.0561904 0.0503025 0.000392452
 99 0.0573904 0.0503741 0.000394964
 100 0.0568179 0.0504386 0.000396236
 101 0.0404364 0.0503395 0.000404499
 102 0.0507217 0.0503433 0.000400551
 103 0.0495338 0.0503354 0.000396739
 104 0.0574136 0.0504035 0.000398719
 105 0.0582999 0.0504787 0.000401951
 106 0.0506477 0.0504803 0.000398163
 107 0.0397664 0.0503802 0.000406837
 108 0.044436 0.0503251 0.000406776
 109 0.0525504 0.0503455 0.000403556
 110 0.0540093 0.0503788 0.000401259
 111 0.0408742 0.0502932 0.000406678
 112 0.0510746 0.0503002 0.000403107
 113 0.0470169 0.0502711 0.000400585
 114 0.0423516 0.0502017 0.00040305
 115 0.0493744 0.0501945 0.00039961
 116 0.055182 0.0502375 0.000398471
 117 0.0473312 0.0502126 0.000395839
 118 0.0420962 0.0501438 0.000398415
 119 0.0488967 0.0501334 0.000395205
 120 0.0472533 0.0501094 0.00039264
 121 0.0486488 0.0500973 0.00038958
 122 0.0460645 0.0500642 0.000387787
 123 0.0468198 0.0500379 0.00038553
 124 0.0428239 0.0499797 0.000386786
 125 0.0451055 0.0499407 0.000385652
 126 0.0467123 0.0499151 0.000383442
 127 0.0453823 0.0498794 0.00038208
 128 0.044969 0.049841 0.000381016
 129 0.0453842 0.0498065 0.000379625
 130 0.0414312 0.049742 0.000382133
 131 0.0443374 0.0497008 0.000381436
 132 0.0477583 0.0496861 0.00037883
 133 0.0493878 0.0496838 0.000375989
 134 0.0466395 0.0496611 0.000373869
 135 0.0439275 0.0496186 0.000373504
 136 0.0432018 0.0495715 0.000373726
 137 0.0404754 0.0495051 0.000376849
 138 0.0383283 0.0494241 0.000382723
 139 0.0469304 0.0494061 0.00038039
 140 0.0458525 0.0493807 0.000378518
 141 0.0462693 0.0493587 0.000376477
 142 0.0494401 0.0493593 0.000373826
 143 0.0501134 0.0493645 0.000371249
 144 0.0432732 0.0493222 0.000371073
 145 0.0426513 0.0492762 0.000371355
 146 0.06233 0.0493656 0.000379422
 147 0.0607656 0.0494432 0.000384685
 148 0.0458086 0.0494186 0.000382868
 149 0.0474667 0.0494055 0.000380523
 150 0.0453694 0.0493786 0.000378936
 151 0.0496747 0.0493806 0.000376432
 152 0.0455157 0.0493551 0.000374813
 153 0.0507197 0.0493641 0.000372469
 154 0.0520643 0.0493816 0.000370463
 155 0.0585633 0.0494408 0.000372779
 156 0.0497394 0.0494427 0.000370394
 157 0.0520307 0.0494592 0.000368402
 158 0.0542787 0.0494897 0.000367331
 159 0.0547872 0.0495231 0.000366528
 160 0.044943 0.0494944 0.000365354
 161 0.0466623 0.0494768 0.000363508
 162 0.0549403 0.0495106 0.000362825
 163 0.0488279 0.0495064 0.000360623
 164 0.0418141 0.0494595 0.000361462
 165 0.0437069 0.0494246 0.000360948
 166 0.0506126 0.0494318 0.000358845
 167 0.0524838 0.04945 0.000357161
 168 0.0532941 0.0494729 0.000355767
 169 0.0490121 0.0494702 0.000353673
 170 0.0479871 0.0494615 0.0003517
 171 0.0549206 0.0494934 0.000351089
 172 0.0483497 0.0494867 0.000349111
 173 0.0443418 0.049457 0.000348357
 174 0.0470994 0.0494435 0.000346619
 175 0.0545802 0.0494728 0.000345879
 176 0.0578559 0.0495204 0.000347178
 177 0.0422369 0.0494793 0.000347646
 178 0.038799 0.0494193 0.000350833
 179 0.0463352 0.0494021 0.000349296
 180 0.0435621 0.0493696 0.000348859
 181 0.0426204 0.0493323 0.000348918
 182 0.0437252 0.0493015 0.000348359
 183 0.0476505 0.0492925 0.000346572
 184 0.043463 0.0492608 0.000346134
 185 0.0480503 0.0492543 0.000344324
 186 0.0575347 0.0492988 0.000345339
 187 0.0488239 0.0492962 0.000343502
 188 0.0470743 0.0492844 0.000341878
 189 0.0478478 0.0492768 0.000340154
 190 0.0492741 0.0492768 0.000338363
 191 0.0470694 0.0492653 0.000336789
 192 0.0451908 0.049244 0.000335703
 193 0.045769 0.049226 0.000334446
 194 0.0551875 0.0492568 0.000334131
 195 0.0575544 0.0492993 0.000335116
 196 0.0458258 0.0492816 0.000333874
 197 0.0390929 0.0492299 0.000336162
 198 0.0420572 0.0491936 0.00033641
 199 0.052941 0.0492125 0.000335246
 200 0.0446821 0.0491898 0.000334334
 201 0.0492613 0.0491902 0.000332671
 202 0.0498509 0.0491934 0.00033104
 203 0.0577888 0.0492358 0.000332106
 204 0.0542279 0.0492603 0.000331379
 205 0.0569819 0.0492979 0.000331896
 206 0.0448011 0.0492761 0.000331002
 207 0.0462902 0.0492617 0.000329717
 208 0.0523682 0.0492766 0.00032847
 209 0.0486048 0.0492734 0.000326914
 210 0.048418 0.0492693 0.000325383
 211 0.0464783 0.0492561 0.000324109
 212 0.0503004 0.049261 0.000322618
 213 0.0566279 0.0492956 0.000322952
 214 0.0541419 0.0493183 0.000322236
 215 0.0464724 0.049305 0.000321009
 216 0.0508344 0.0493121 0.000319601
 217 0.0531949 0.04933 0.000318628
 218 0.0512637 0.0493389 0.00031729
 219 0.0483379 0.0493343 0.000315874
 220 0.0465211 0.0493215 0.000314697
 221 0.0453571 0.0493036 0.000313784
 222 0.0581425 0.0493434 0.000314887
 223 0.0533657 0.0493614 0.000313991
 224 0.0451216 0.0493425 0.000313159
 225 0.0467805 0.0493311 0.000311974
 226 0.0504097 0.0493359 0.00031063
 227 0.0461237 0.0493217 0.000309584
 228 0.0493369 0.0493218 0.000308226
 229 0.0526798 0.0493365 0.000307229
 230 0.0440147 0.0493133 0.000306763
 231 0.0464433 0.0493009 0.000305687
 232 0.0545201 0.0493234 0.000305196
 233 0.0459064 0.0493087 0.000304238
 234 0.0407077 0.049272 0.00030515
 235 0.0496113 0.0492734 0.000303855
 236 0.0513067 0.049282 0.00030269
 237 0.0478165 0.0492758 0.000301476
 238 0.0468219 0.0492655 0.000300385
 239 0.045897 0.0492514 0.000299459
 240 0.0543243 0.0492726 0.000298956
 241 0.0557108 0.0492993 0.000298907
 242 0.0502172 0.0493031 0.000297696
 243 0.0484365 0.0492995 0.000296492
 244 0.0507875 0.0493056 0.00029534
 245 0.0631013 0.0493619 0.000299454
 246 0.050298 0.0493657 0.000298261
 247 0.0442097 0.0493449 0.000297783
 248 0.0504499 0.0493493 0.000296615
 249 0.0577768 0.0493832 0.000297349
 250 0.0516516 0.0493922 0.000296298
 251 0.0456281 0.0493772 0.000295497
 252 0.0570342 0.0494076 0.000295882
 253 0.0480709 0.0494023 0.00029476
 254 0.0526057 0.0494149 0.000293869
 255 0.0490018 0.0494133 0.000292721
 256 0.0489595 0.0494116 0.000291583
 257 0.0441016 0.0493909 0.000291179
 258 0.0412361 0.0493593 0.000291761
 259 0.0444704 0.0493404 0.000291245
 260 0.0484506 0.049337 0.000290145
 261 0.0458378 0.0493236 0.000289343
 262 0.0509001 0.0493296 0.000288301
 263 0.0509444 0.0493357 0.00028727
 264 0.0489681 0.0493343 0.000286185
 265 0.0502508 0.0493378 0.000285126
 266 0.0580216 0.0493704 0.000285917
 267 0.0488487 0.0493685 0.000284853
 268 0.048417 0.0493649 0.000283812
 269 0.042345 0.0493388 0.000283954
 270 0.0531271 0.0493529 0.000283249
 271 0.045475 0.0493386 0.000282565
 272 0.0520444 0.0493485 0.000281701
 273 0.0439037 0.0493286 0.000281375
 274 0.0473591 0.0493214 0.00028044
 275 0.0448507 0.0493051 0.000279891
 276 0.0447113 0.0492885 0.000279371
 277 0.0531749 0.0493025 0.000278714
 278 0.0482568 0.0492988 0.000277737
 279 0.0433377 0.0492774 0.000277562
 280 0.0534467 0.0492923 0.00027697
 281 0.0555031 0.0493144 0.000276865
 282 0.0524257 0.0493254 0.000276103
 283 0.0573606 0.0493538 0.000276583
 284 0.0598857 0.0493909 0.000278085
 285 0.0589584 0.0494245 0.000279128
 286 0.0455928 0.0494111 0.000278473
 287 0.0470518 0.0494028 0.000277624
 288 0.0498895 0.0494045 0.000276665
 289 0.0489011 0.0494028 0.000275713
 290 0.0493169 0.0494025 0.000274763
 291 0.0424767 0.0493787 0.000274848
 292 0.0553207 0.049399 0.000274659
 293 0.0552968 0.0494192 0.000274458
 294 0.0468882 0.0494106 0.000273659
 295 0.0552432 0.0494303 0.000273445
 296 0.0506132 0.0494343 0.00027255
 297 0.0458898 0.0494224 0.000271894
 298 0.0509008 0.0494274 0.000271027
 299 0.0578195 0.0494554 0.00027157
 300 0.0429774 0.0494338 0.000271522
 301 0.0447017 0.0494181 0.000271074
 302 0.0518419 0.0494261 0.000270295
 303 0.0463352 0.0494159 0.000269596
 304 0.051359 0.0494223 0.000268785
 305 0.0511817 0.0494281 0.000267965
 306 0.0559138 0.0494493 0.000267927
 307 0.0547425 0.0494665 0.000267608
 308 0.0503936 0.0494695 0.000266756
 309 0.0454728 0.0494566 0.000266206
 310 0.043369 0.049437 0.000266071
 311 0.0461218 0.0494263 0.000265429
 312 0.0443865 0.0494102 0.000265069
 313 0.0463254 0.0494003 0.000264405
 314 0.0483711 0.049397 0.000263584
 315 0.0503907 0.0494002 0.000262766
 316 0.0495539 0.0494007 0.000261935
 317 0.0538723 0.0494148 0.000261488
 318 0.0499599 0.0494165 0.000260671
 319 0.0447243 0.0494018 0.000260269
 320 0.0465326 0.0493928 0.00025961
 321 0.0467125 0.0493845 0.000258935
 322 0.0480444 0.0493803 0.000258165
 323 0.0410586 0.0493545 0.000258648
 324 0.0524132 0.049364 0.000258022
 325 0.0490605 0.049363 0.000257229
 326 0.0494407 0.0493633 0.00025644
 327 0.0473695 0.0493572 0.000255729
 328 0.0419479 0.0493346 0.000255945
 329 0.0405979 0.049308 0.000256541
 330 0.0439593 0.0492918 0.000256275
 331 0.0483879 0.0492891 0.000255515
 332 0.0406887 0.0492632 0.000256055
 333 0.0497115 0.0492645 0.00025529
 334 0.0472842 0.0492586 0.000254594
 335 0.0489794 0.0492578 0.000253836
 336 0.0494656 0.0492584 0.000253081
 337 0.0567022 0.0492805 0.000253292
 338 0.0636353 0.049323 0.000256079
 339 0.0568296 0.0493451 0.000256279
 340 0.0495761 0.0493458 0.000255526
 341 0.046874 0.0493385 0.000254879
 342 0.0423473 0.0493181 0.000254953
 343 0.0534945 0.0493303 0.0002545
 344 0.0493209 0.0493302 0.00025376
 345 0.0466453 0.0493225 0.000253144
 346 0.0456414 0.0493118 0.000252636
 347 0.0457581 0.0493016 0.000252115
 348 0.0432262 0.0492841 0.000251994
 349 0.0429658 0.049266 0.000251922
 350 0.0459781 0.0492566 0.000251377
 351 0.0434788 0.0492402 0.000251199
 352 0.0462282 0.0492316 0.000250631
 353 0.0552067 0.0492485 0.000250492
 354 0.0555533 0.0492663 0.000250417
 355 0.04195 0.0492457 0.000250558
 356 0.048522 0.0492437 0.000249863
 357 0.0535943 0.0492559 0.00024946
 358 0.0563921 0.0492758 0.000249558
 359 0.0468643 0.0492691 0.000248953
 360 0.0493038 0.0492692 0.000248262
 361 0.0463131 0.049261 0.000247709
 362 0.0467342 0.049254 0.000247123
 363 0.0470265 0.0492479 0.000246519
 364 0.045638 0.049238 0.000246041
 365 0.0522961 0.0492463 0.000245509
 366 0.0500627 0.0492486 0.000244849
 367 0.057639 0.0492714 0.000245246
 368 0.0621263 0.0493064 0.000247055
 369 0.0563061 0.0493253 0.000247113
 370 0.0550712 0.0493409 0.000246932
 371 0.0473109 0.0493354 0.000246328
 372 0.0481437 0.0493322 0.000245686
 373 0.0516928 0.0493385 0.000245109
 374 0.0481925 0.0493355 0.000244473
 375 0.0425604 0.0493174 0.000244488
 376 0.04643 0.0493097 0.000243958
 377 0.0470565 0.0493037 0.000243384
 378 0.0465897 0.0492966 0.000242846
 379 0.0488646 0.0492954 0.000242208
 380 0.0393113 0.0492691 0.000242991
 381 0.0393933 0.0492432 0.000243732
 382 0.0487606 0.049242 0.000243097
 383 0.0399548 0.0492177 0.000243669
 384 0.0530804 0.0492278 0.000243242
 385 0.050838 0.049232 0.000242646
 386 0.0492739 0.0492321 0.000242018
 387 0.0510896 0.0492369 0.00024144
 388 0.0539071 0.0492489 0.000241117
 389 0.0462764 0.0492413 0.000240619
 390 0.0473931 0.0492365 0.000240048
 391 0.0552658 0.0492519 0.000239929
 392 0.0515783 0.0492579 0.00023939
 393 0.0482398 0.0492553 0.000238795
 394 0.0556532 0.0492715 0.000238741
 395 0.0432209 0.0492562 0.000238627
 396 0.0465294 0.0492493 0.000238124
 397 0.0493538 0.0492496 0.000237524
 398 0.0500455 0.0492516 0.000236936
 399 0.0376099 0.0492224 0.000238132
 400 0.0432641 0.0492075 0.000238002
 401 0.0552549 0.0492226 0.000237886
 402 0.0469348 0.0492169 0.000237362
 403 0.0460254 0.049209 0.000236905
 404 0.0510814 0.0492136 0.000236364
 405 0.0544479 0.0492265 0.000236134
 406 0.0540576 0.0492384 0.000235852
 407 0.0591352 0.0492628 0.000236522
 408 0.0510481 0.0492671 0.000235983
 409 0.0545401 0.04928 0.000235758
 410 0.0513884 0.0492852 0.000235239
 411 0.0504995 0.0492881 0.000234685
 412 0.0477176 0.0492843 0.000234147
 413 0.0551611 0.0492985 0.000234012
 414 0.0514112 0.0493036 0.000233502
 415 0.0558022 0.0493193 0.000233464
 416 0.0444742 0.0493076 0.000233193
 417 0.0483068 0.0493052 0.000232646
 418 0.0436855 0.0492918 0.000232478
 419 0.0457394 0.0492833 0.000232077
 420 0.0495723 0.049284 0.000231526
 421 0.0513827 0.049289 0.000231029
 422 0.0454349 0.0492799 0.000230662
 423 0.0406891 0.0492596 0.00023101
 424 0.0400537 0.0492378 0.000231483
 425 0.0506024 0.0492411 0.00023096
 426 0.0546324 0.0492537 0.000230765
 427 0.0501375 0.0492558 0.000230234
 428 0.0521991 0.0492627 0.000229798
 429 0.0473563 0.0492582 0.000229306
 430 0.0429689 0.0492436 0.000229238
 431 0.0486787 0.0492423 0.00022871
 432 0.045641 0.0492339 0.000228333
 433 0.0479123 0.0492309 0.000227826
 434 0.0542502 0.0492425 0.000227594
 435 0.0567736 0.0492598 0.000227728
 436 0.0557767 0.0492747 0.000227696
 437 0.0497122 0.0492757 0.000227177
 438 0.0458254 0.0492678 0.000226795
 439 0.0456304 0.0492596 0.00022643
 440 0.050739 0.0492629 0.00022594
 441 0.0462525 0.0492561 0.000225531
 442 0.048768 0.049255 0.000225023
 443 0.0422415 0.0492392 0.000225072
 444 0.0455042 0.0492307 0.000224722
 445 0.0501501 0.0492328 0.000224226
 446 0.0424494 0.0492176 0.000224239
 447 0.046942 0.0492125 0.000223795
 448 0.0399803 0.0491919 0.000224242
 449 0.0495345 0.0491927 0.000223744
 450 0.0469194 0.0491876 0.000223304
 451 0.0409882 0.0491694 0.000223548
 452 0.04702 0.0491647 0.000223104
 453 0.0419768 0.0491488 0.000223175
 454 0.0402308 0.0491292 0.000223546
 455 0.0395804 0.0491082 0.000224038
 456 0.0487208 0.0491073 0.000223548
 457 0.0512925 0.0491121 0.00022311
 458 0.0497366 0.0491135 0.000222627
 459 0.0436799 0.0491016 0.000222456
 460 0.0425135 0.0490873 0.000222433
 461 0.0462102 0.0490811 0.000222038
 462 0.0473671 0.0490774 0.000221589
 463 0.0408193 0.0490595 0.000221827
 464 0.0446917 0.0490501 0.000221548
 465 0.0509607 0.0490542 0.00022111
 466 0.0525855 0.0490618 0.000220765
 467 0.0552922 0.0490751 0.000220695
 468 0.0494386 0.0490759 0.000220225
 469 0.0543535 0.0490872 0.000220043
 470 0.0517778 0.0490929 0.000219649
 471 0.0564523 0.0491085 0.000219738
 472 0.044575 0.0490989 0.000219482
 473 0.0468905 0.0490942 0.000219068
 474 0.0528187 0.0491021 0.000218747
 475 0.0417714 0.0490867 0.00021883
 476 0.047252 0.0490828 0.000218404
 477 0.0383534 0.0490603 0.000219101
 478 0.0438686 0.0490495 0.000218912
 479 0.0502141 0.0490519 0.000218469
 480 0.0523136 0.0490587 0.000218119
 481 0.046286 0.0490529 0.000217742
 482 0.0456022 0.0490458 0.000217408
 483 0.0426292 0.0490325 0.000217363
 484 0.0465413 0.0490273 0.000216975
 485 0.0429974 0.0490149 0.000216883
 486 0.0443444 0.0490053 0.00021665
 487 0.0519623 0.0490114 0.00021629
 488 0.0438223 0.0490007 0.000216108
 489 0.0401762 0.0489827 0.000216418
 490 0.0446176 0.0489738 0.00021616
 491 0.0567727 0.0489897 0.000216303
 492 0.0508291 0.0489934 0.000215895
 493 0.0408725 0.0489769 0.000216085
 494 0.0493236 0.0489776 0.000215649
 495 0.0475389 0.0489747 0.000215232
 496 0.0505342 0.0489779 0.000214821
 497 0.0468225 0.0489735 0.000214433
 498 0.0518341 0.0489793 0.000214079
 499 0.0450186 0.0489713 0.000213797
 500 0.0452254 0.0489638 0.000213501
 501 0.0419547 0.0489499 0.000213533
 502 0.0389176 0.0489299 0.000214041
 503 0.0473906 0.0489268 0.000213637
 504 0.0487407 0.0489264 0.000213213
 505 0.0540927 0.0489367 0.000213036
 506 0.0465811 0.048932 0.000212666
 507 0.0514424 0.048937 0.000212304
 508 0.0475879 0.0489343 0.000211903
 509 0.0475291 0.0489315 0.000211505
 510 0.043019 0.04892 0.000211408
 511 0.0516994 0.0489254 0.000211064
 512 0.0458188 0.0489193 0.000210739
 513 0.0502641 0.0489219 0.000210344
 514 0.0409808 0.0489065 0.000210502
 515 0.0525302 0.0489135 0.00021021
 516 0.0487686 0.0489133 0.000209803
 517 0.0482133 0.0489119 0.000209402
 518 0.0471781 0.0489086 0.000209024
 519 0.0518943 0.0489143 0.000208701
 520 0.0439508 0.0489048 0.000208518
 521 0.0443167 0.048896 0.000208303
 522 0.0430408 0.0488847 0.000208206
 523 0.0548142 0.0488961 0.000208116
 524 0.0507486 0.0488996 0.000207749
 525 0.0513414 0.0489043 0.000207405
 526 0.051095 0.0489084 0.000207053
 527 0.0517862 0.0489139 0.000206732
 528 0.0396683 0.0488964 0.000207081
 529 0.045375 0.0488897 0.000206796
 530 0.0462129 0.0488847 0.000206468
 531 0.0497707 0.0488863 0.000206086
 532 0.0563679 0.0489004 0.000206178
 533 0.0574636 0.0489165 0.000206416
 534 0.0541532 0.0489263 0.000206262
 535 0.0513158 0.0489307 0.000205925
 536 0.0478723 0.0489288 0.00020555
 537 0.0431511 0.048918 0.000205449
 538 0.0501299 0.0489203 0.000205079
 539 0.0429379 0.0489092 0.000204999
 540 0.0398294 0.0488923 0.000205308
 541 0.0510203 0.0488963 0.000204966
 542 0.0419875 0.0488835 0.000204984
 543 0.0516576 0.0488886 0.00020467
 544 0.0501976 0.048891 0.000204308
 545 0.0525676 0.0488978 0.000204044
 546 0.0550483 0.0489091 0.000203981
 547 0.0528266 0.0489162 0.000203734
 548 0.0491726 0.0489167 0.000203363
 549 0.0510177 0.0489205 0.000203028
 550 0.0575393 0.0489362 0.000203263
 551 0.0453037 0.0489296 0.000203001
 552 0.0513899 0.048934 0.000202682
 553 0.0456158 0.048928 0.000202404
 554 0.0470216 0.0489246 0.000202068
 555 0.0517077 0.0489296 0.000201766
 556 0.0572227 0.0489445 0.000201954
 557 0.0547246 0.0489549 0.000201858
 558 0.0494619 0.0489558 0.000201498
 559 0.0502843 0.0489582 0.000201152
 560 0.0497832 0.0489597 0.000200798
 561 0.0466932 0.0489556 0.000200481
 562 0.0507343 0.0489588 0.000200149
 563 0.04861 0.0489582 0.000199794
 564 0.0504632 0.0489608 0.000199458
 565 0.0524905 0.0489671 0.000199203
 566 0.0461564 0.0489621 0.000198913
 567 0.0551894 0.0489731 0.000198865
 568 0.058758 0.0489903 0.00019926
 569 0.0519546 0.0489955 0.000198977
 570 0.0507715 0.0489987 0.000198653
 571 0.0521279 0.0490041 0.00019838
 572 0.058803 0.0490213 0.000198772
 573 0.0570233 0.0490352 0.000198915
 574 0.0449487 0.0490281 0.000198696
 575 0.0472513 0.049025 0.000198374
 576 0.0477812 0.0490229 0.000198042
 577 0.0480032 0.0490211 0.000197706
 578 0.0478208 0.049019 0.000197375
 579 0.0527813 0.0490255 0.000197141
 580 0.0493182 0.049026 0.000196802
 581 0.047412 0.0490233 0.000196483
 582 0.0576107 0.049038 0.000196698
 583 0.0606715 0.049058 0.000197371
 584 0.0672738 0.0490892 0.000199482
 585 0.0654692 0.0491172 0.000201097
 586 0.0542642 0.0491259 0.000200945
 587 0.0562388 0.0491381 0.000200968
 588 0.0540363 0.0491464 0.000200799
 589 0.0539516 0.0491545 0.000200623
 590 0.0515356 0.0491586 0.000200324
 591 0.0546999 0.049168 0.000200204
 592 0.0602523 0.0491867 0.00020074
 593 0.0456891 0.0491808 0.000200488
 594 0.0454739 0.0491745 0.000200247
 595 0.0496413 0.0491753 0.000199912
 596 0.0396402 0.0491593 0.000200216
 597 0.0429849 0.049149 0.000200148
 598 0.0386907 0.0491315 0.000200576
 599 0.0441855 0.0491232 0.000200411
 600 0.0434576 0.0491138 0.000200299
 601 0.041159 0.0491006 0.000200403
 602 0.0429047 0.0490903 0.000200334
 603 0.0473275 0.0490873 0.000200023
 604 0.0554897 0.0490979 0.000199972
 605 0.0513178 0.0491016 0.000199676
 606 0.0517963 0.0491061 0.000199396
 607 0.0492601 0.0491063 0.000199067
 608 0.04666 0.0491023 0.00019878
 609 0.0404937 0.0490882 0.000198956
 610 0.038624 0.049071 0.000199368
 611 0.047543 0.0490685 0.000199057
 612 0.0431499 0.0490588 0.000198967
 613 0.0460849 0.049054 0.000198702
 614 0.0500794 0.0490556 0.000198385
 615 0.0467612 0.0490519 0.000198097
 616 0.0467866 0.0490482 0.00019781
 617 0.0498351 0.0490495 0.000197493
 618 0.0469377 0.0490461 0.000197203
 619 0.048981 0.049046 0.000196885
 620 0.044458 0.0490386 0.000196706
 621 0.0463235 0.0490342 0.000196438
 622 0.0522797 0.0490394 0.000196192
 623 0.0533278 0.0490463 0.000195997
 624 0.046577 0.0490424 0.000195723
 625 0.0539541 0.0490502 0.000195568
 626 0.0462361 0.0490457 0.000195307
 627 0.0435193 0.0490369 0.000195194
 628 0.0461728 0.0490323 0.000194937
 629 0.0459039 0.0490274 0.00019469
 630 0.0468672 0.0490239 0.000194412
 631 0.0491944 0.0490242 0.000194104
 632 0.0458278 0.0490192 0.000193862
 633 0.0471634 0.0490162 0.000193578
 634 0.0486614 0.0490157 0.000193274
 635 0.0485983 0.049015 0.000192971
 636 0.0584064 0.0490298 0.000193231
 637 0.0467112 0.0490261 0.000192962
 638 0.0485689 0.0490254 0.000192661
 639 0.0476799 0.0490233 0.000192371
 640 0.04865 0.0490227 0.000192071
 641 0.0466841 0.0490191 0.000191806
 642 0.0466895 0.0490155 0.000191542
 643 0.0471799 0.0490126 0.000191265
 644 0.0435308 0.0490041 0.000191158
 645 0.0520879 0.0490089 0.000190921
 646 0.0485986 0.0490082 0.000190627
 647 0.052729 0.049014 0.000190419
 648 0.0433145 0.0490052 0.000190328
 649 0.0406736 0.0489924 0.000190467
 650 0.0535968 0.0489994 0.000190306
 651 0.0491332 0.0489996 0.000190013
 652 0.0462401 0.0489954 0.000189769
 653 0.040832 0.0489829 0.00018989
 654 0.0433643 0.0489743 0.000189794
 655 0.0548266 0.0489833 0.000189714
 656 0.0461691 0.048979 0.000189473
 657 0.0549891 0.0489881 0.000189406
 658 0.0406118 0.0489754 0.000189545
 659 0.0457523 0.0489705 0.000189321
 660 0.0474947 0.0489683 0.000189047
 661 0.0562033 0.0489792 0.000189078
 662 0.048475 0.0489784 0.000188794
 663 0.0452379 0.0489728 0.000188593
 664 0.0555133 0.0489826 0.000188566
 665 0.0562568 0.0489936 0.0001886
 666 0.0489822 0.0489936 0.000188316
 667 0.0446426 0.048987 0.000188147
 668 0.0601259 0.0490037 0.000188603
 669 0.0517662 0.0490078 0.000188366
 670 0.0613091 0.0490262 0.000188978
 671 0.0595134 0.0490418 0.000189341
 672 0.0453897 0.0490364 0.000189137
 673 0.0362904 0.0490175 0.000189802
 674 0.0452334 0.0490118 0.000189604
 675 0.0531435 0.049018 0.000189422
 676 0.0448769 0.0490118 0.00018924
 677 0.0552585 0.0490211 0.000189186
 678 0.0503521 0.049023 0.000188917
 679 0.0530791 0.049029 0.000188733
 680 0.0502371 0.0490308 0.000188464
 681 0.0441178 0.0490236 0.000188325
 682 0.0474444 0.0490213 0.000188063
 683 0.0509382 0.0490241 0.000187809
 684 0.0515865 0.0490278 0.000187572
 685 0.045571 0.0490228 0.000187366
 686 0.0524138 0.0490277 0.000187158
 687 0.0527073 0.0490331 0.000186962
 688 0.0536116 0.0490397 0.000186809
 689 0.0522123 0.0490443 0.000186594
 690 0.050456 0.0490464 0.000186335
 691 0.0412678 0.0490351 0.000186405
 692 0.0503132 0.049037 0.000186145
 693 0.0535886 0.0490435 0.000185992
 694 0.0454449 0.0490383 0.000185796
 695 0.040503 0.0490261 0.000185934
 696 0.0508153 0.0490286 0.000185685
 697 0.0464479 0.0490249 0.000185456
 698 0.0457513 0.0490202 0.000185249
 699 0.0471268 0.0490175 0.000185004
 700 0.0475769 0.0490155 0.000184751
 701 0.0475811 0.0490134 0.000184499
 702 0.0493196 0.0490139 0.000184237
 703 0.0486109 0.0490133 0.000183975
 704 0.0518091 0.0490173 0.000183757
 705 0.0498378 0.0490184 0.0001835
 706 0.0514361 0.0490218 0.000183272
 707 0.0556916 0.0490313 0.000183255
 708 0.0497153 0.0490322 0.000182999
 709 0.0502167 0.0490339 0.000182749
 710 0.0480617 0.0490325 0.000182496
 711 0.0551124 0.0490411 0.00018244
 712 0.0529998 0.0490467 0.000182268
 713 0.0483306 0.0490457 0.000182015
 714 0.0547155 0.0490536 0.000181934
 715 0.0486722 0.0490531 0.00018168
 716 0.0488629 0.0490528 0.000181426
 717 0.0534883 0.049059 0.000181279
 718 0.0491844 0.0490592 0.000181026
 719 0.0572499 0.0490705 0.000181133
 720 0.0411821 0.0490596 0.000181212
 721 0.0456737 0.0490549 0.000181022
 722 0.0459365 0.0490506 0.000180823
 723 0.0483703 0.0490496 0.000180575
 724 0.0534206 0.0490557 0.000180426
 725 0.0490376 0.0490556 0.000180178
 726 0.0437181 0.0490483 0.000180079
 727 0.0557448 0.0490575 0.000180067
 728 0.056111 0.0490672 0.00018008
 729 0.0594713 0.0490815 0.000180398
 730 0.0520669 0.0490856 0.000180197
 731 0.0502929 0.0490872 0.000179958
 732 0.0594455 0.0491014 0.000180268
 733 0.0601157 0.0491164 0.000180647
 734 0.0508176 0.0491187 0.000180416
 735 0.0489131 0.0491184 0.00018017
 736 0.0459542 0.0491141 0.000179977
 737 0.0440199 0.0491072 0.000179865
 738 0.0561823 0.0491168 0.000179877
 739 0.0509706 0.0491193 0.000179651
 740 0.0511016 0.049122 0.000179428
 741 0.0495182 0.0491225 0.000179187
 742 0.0435142 0.049115 0.000179105
 743 0.0495201 0.0491155 0.000178865
 744 0.0491228 0.0491155 0.000178624
 745 0.0495973 0.0491162 0.000178386
 746 0.0529186 0.0491213 0.000178219
 747 0.0511061 0.0491239 0.000178001
 748 0.0470618 0.0491212 0.000177784
 749 0.0403839 0.0491095 0.000177929
 750 0.0629627 0.049128 0.000178648
 751 0.0464585 0.0491244 0.000178445
 752 0.0440533 0.0491177 0.000178335
 753 0.0455307 0.0491129 0.000178162
 754 0.0563208 0.0491225 0.000178182
 755 0.054701 0.0491299 0.000178099
 756 0.0604663 0.0491448 0.000178494
 757 0.0555821 0.0491534 0.00017846
 758 0.0590438 0.0491664 0.000178701
 759 0.0500965 0.0491676 0.00017847
 760 0.0564568 0.0491772 0.000178493
 761 0.043947 0.0491703 0.000178391
 762 0.0470293 0.0491675 0.000178179
 763 0.0481361 0.0491662 0.00017795
 764 0.0517019 0.0491695 0.000177748
 765 0.04328 0.0491618 0.000177682
 766 0.0393782 0.049149 0.000177909
 767 0.0511981 0.0491517 0.000177697
 768 0.0507391 0.0491538 0.000177478
 769 0.0470169 0.049151 0.000177269
 770 0.0526946 0.0491556 0.000177098
 771 0.0520238 0.0491593 0.000176908
 772 0.0405649 0.0491482 0.000177028
 773 0.0465438 0.0491448 0.000176831
 774 0.0543758 0.0491516 0.000176732
 775 0.0472809 0.0491492 0.00017652
 776 0.0454967 0.0491444 0.000176356
 777 0.0425379 0.0491359 0.000176334
 778 0.0510276 0.0491384 0.000176124
 779 0.0475247 0.0491363 0.00017591
 780 0.047227 0.0491339 0.000175701
 781 0.0496137 0.0491345 0.000175477
 782 0.0513418 0.0491373 0.000175276
 783 0.0439698 0.0491307 0.000175176
 784 0.0509384 0.049133 0.000174968
 785 0.0512859 0.0491357 0.000174766
 786 0.0562947 0.0491449 0.000174781
 787 0.0419303 0.0491357 0.000174799
 788 0.0437 0.0491288 0.000174714
 789 0.0517142 0.0491321 0.000174523
 790 0.0566672 0.0491416 0.000174562
 791 0.0474548 0.0491395 0.000174355
 792 0.0493583 0.0491397 0.000174135
 793 0.0447766 0.0491342 0.000174002
 794 0.0505041 0.049136 0.000173792
 795 0.0504541 0.0491376 0.000173581
 796 0.0479686 0.0491362 0.000173369
 797 0.0544425 0.0491428 0.000173279
 798 0.0523043 0.0491468 0.000173107
 799 0.0499236 0.0491477 0.000172894
 800 0.0563952 0.0491568 0.000172915
 801 0.0458808 0.0491527 0.000172747
 802 0.0548598 0.0491598 0.000172678
 803 0.0451721 0.0491549 0.000172535
 804 0.0512272 0.0491574 0.000172339
 805 0.0484384 0.0491566 0.000172127
 806 0.0524088 0.0491606 0.000171961
 807 0.0489691 0.0491604 0.000171748
 808 0.0580993 0.0491714 0.000171892
 809 0.0447744 0.049166 0.000171765
 810 0.0511211 0.0491684 0.00017157
 811 0.0498776 0.0491693 0.000171361
 812 0.0455061 0.0491648 0.000171209
 813 0.0441549 0.0491586 0.000171109
 814 0.0439252 0.0491522 0.00017102
 815 0.0477344 0.0491504 0.000170819
 816 0.0459576 0.0491465 0.000170654
 817 0.0457408 0.0491423 0.000170496
 818 0.0536291 0.0491478 0.000170376
 819 0.0581102 0.0491588 0.000170519
 820 0.0495515 0.0491593 0.000170312
 821 0.0651317 0.0491787 0.000171212
 822 0.0597123 0.0491915 0.000171483
 823 0.0494441 0.0491918 0.000171274
 824 0.0498469 0.0491926 0.000171068
 825 0.0494039 0.0491929 0.000170861
 826 0.0451079 0.0491879 0.000170726
 827 0.0505275 0.0491896 0.000170527
 828 0.0445425 0.0491839 0.000170414
 829 0.0480251 0.0491825 0.000170214
 830 0.0429039 0.049175 0.000170177
 831 0.0413258 0.0491655 0.000170234
 832 0.0508596 0.0491676 0.000170041
 833 0.0521126 0.0491711 0.000169874
 834 0.0590226 0.0491829 0.000170081
 835 0.0466206 0.0491798 0.000169905
 836 0.039236 0.049168 0.000170117
 837 0.0460953 0.0491643 0.000169954
 838 0.0505918 0.049166 0.000169759
 839 0.0459336 0.0491621 0.000169601
 840 0.0444122 0.0491565 0.000169493
 841 0.0516005 0.0491594 0.000169316
 842 0.0539149 0.049165 0.000169209
 843 0.0531008 0.0491697 0.000169073
 844 0.043485 0.049163 0.000169007
 845 0.0453546 0.0491585 0.000168867
 846 0.0545594 0.0491648 0.000168788
 847 0.0434784 0.0491581 0.000168722
 848 0.0460636 0.0491545 0.000168563
 849 0.0439782 0.0491484 0.000168474
 850 0.0566865 0.0491573 0.000168509
 851 0.046987 0.0491547 0.000168331
 852 0.0387991 0.0491425 0.000168571
 853 0.0424777 0.0491347 0.000168555
 854 0.0608431 0.0491484 0.000168914
 855 0.047203 0.0491462 0.000168732
 856 0.0514183 0.0491488 0.000168556
 857 0.0400485 0.0491382 0.000168693
 858 0.0578348 0.0491483 0.000168801
 859 0.0539418 0.0491539 0.000168696
 860 0.0602218 0.0491668 0.00016899
 861 0.0458554 0.0491629 0.000168838
 862 0.0422452 0.0491549 0.000168833
 863 0.0551949 0.0491619 0.000168782
 864 0.0506126 0.0491636 0.000168595
 865 0.0454197 0.0491593 0.000168456
 866 0.0515506 0.049162 0.000168284
 867 0.0482144 0.0491609 0.000168093
 868 0.0578089 0.0491709 0.000168195
 869 0.0455722 0.0491668 0.000168052
 870 0.0413283 0.0491577 0.0001681
 871 0.0460868 0.0491542 0.000167944
 872 0.0445897 0.049149 0.000167833
 873 0.0448916 0.0491441 0.000167712
 874 0.0598822 0.0491564 0.000167969
 875 0.0628511 0.049172 0.000168505
 876 0.0551772 0.0491789 0.000168452
 877 0.0464044 0.0491757 0.000168289
 878 0.0683993 0.0491976 0.000169516
 879 0.0502721 0.0491989 0.000169328
 880 0.0470067 0.0491964 0.000169154
 881 0.047662 0.0491946 0.00016897
 882 0.0384391 0.0491824 0.000169218
 883 0.0425481 0.0491749 0.000169193
 884 0.0513425 0.0491774 0.00016902
 885 0.0502864 0.0491786 0.000168833
 886 0.0451494 0.0491741 0.000168704
 887 0.0439036 0.0491681 0.000168619
 888 0.0546767 0.0491743 0.000168543
 889 0.0393566 0.0491633 0.000168715
 890 0.0426618 0.049156 0.000168683
 891 0.0514351 0.0491585 0.000168513
 892 0.0482897 0.0491576 0.000168327
 893 0.0364934 0.0491434 0.000168735
 894 0.0542882 0.0491491 0.000168644
 895 0.0477326 0.0491476 0.000168463
 896 0.0403988 0.0491378 0.000168558
 897 0.0378792 0.0491252 0.000168837
 898 0.0419835 0.0491173 0.000168836
 899 0.0465922 0.0491145 0.000168672
 900 0.052375 0.0491181 0.000168523
 901 0.048107 0.049117 0.00016834
 902 0.0476126 0.0491153 0.000168161
 903 0.0503158 0.0491166 0.00016798
 904 0.0429381 0.0491098 0.000167934
 905 0.0427663 0.0491028 0.000167894
 906 0.0554809 0.0491098 0.000167856
 907 0.0441884 0.0491044 0.000167759
 908 0.0528785 0.0491086 0.000167626
 909 0.0432287 0.0491021 0.000167566
 910 0.0497966 0.0491029 0.000167384
 911 0.0415123 0.0490945 0.000167407
 912 0.0508531 0.0490965 0.000167235
 913 0.040791 0.0490874 0.000167299
 914 0.0445873 0.0490824 0.000167188
 915 0.0528995 0.0490866 0.000167058
 916 0.0430416 0.04908 0.000167005
 917 0.0397658 0.0490699 0.000167132
 918 0.0499936 0.0490709 0.000166953
 919 0.0457972 0.0490673 0.000166809
 920 0.0446826 0.0490625 0.000166696
 921 0.0404791 0.0490532 0.000166775
 922 0.0541821 0.0490588 0.000166687
 923 0.0592385 0.0490698 0.000166871
 924 0.0462779 0.0490668 0.000166718
 925 0.0512209 0.0490691 0.000166554
 926 0.0451717 0.0490649 0.000166427
 927 0.0534409 0.0490696 0.000166315
 928 0.0509048 0.0490716 0.000166147
 929 0.0557472 0.0490788 0.000166124
 930 0.0475693 0.0490772 0.000165953
 931 0.0462277 0.0490741 0.000165803
 932 0.0528804 0.0490782 0.000165675
 933 0.0488999 0.049078 0.000165498
 934 0.0508561 0.0490799 0.000165331
 935 0.0479105 0.0490787 0.000165159
 936 0.0474949 0.049077 0.000164992
 937 0.0532448 0.0490814 0.000164875
 938 0.0468647 0.049079 0.000164717
 939 0.046667 0.0490765 0.000164561
 940 0.0576881 0.0490856 0.000164641
 941 0.0440914 0.0490803 0.000164552
 942 0.0574426 0.0490892 0.000164616
 943 0.0565398 0.0490971 0.000164631
 944 0.0500349 0.0490981 0.00016446
 945 0.0543067 0.0491036 0.000164378
 946 0.0519463 0.0491066 0.000164232
 947 0.0445242 0.0491018 0.00016413
 948 0.0482528 0.0491009 0.000163959
 949 0.0403836 0.0490917 0.000164043
 950 0.04969 0.0490923 0.000163872
 951 0.0524777 0.0490959 0.000163738
 952 0.0609048 0.0491083 0.000164035
 953 0.0511073 0.0491104 0.000163877
 954 0.0542792 0.0491158 0.000163794
 955 0.0476541 0.0491143 0.00016363
 956 0.0482069 0.0491133 0.000163462
 957 0.0489973 0.0491132 0.000163291
 958 0.0425166 0.0491063 0.000163265
 959 0.0470083 0.0491041 0.00016311
 960 0.0421061 0.0490968 0.000163103
 961 0.0442321 0.0490918 0.000163012
 962 0.0457284 0.0490883 0.00016288
 963 0.0447566 0.0490838 0.000162773
 964 0.0508405 0.0490856 0.000162614
 965 0.0542212 0.0490909 0.000162532
 966 0.0510555 0.049093 0.000162377
 967 0.0533256 0.0490973 0.000162268
 968 0.0613979 0.04911 0.000162597
 969 0.0655406 0.049127 0.000163311
 970 0.04853 0.0491264 0.000163144
 971 0.0503663 0.0491277 0.000162981
 972 0.0652068 0.0491442 0.000163651
 973 0.0504863 0.0491456 0.000163488
 974 0.0605216 0.0491573 0.000163737
 975 0.0576359 0.049166 0.0001638
 976 0.0555988 0.0491726 0.000163765
 977 0.0591885 0.0491828 0.000163917
 978 0.0533581 0.0491871 0.000163805
 979 0.0530747 0.049191 0.000163686
 980 0.0464936 0.0491883 0.000163542
 981 0.0426858 0.0491817 0.00016351
 982 0.0399657 0.0491723 0.000163613
 983 0.0452849 0.0491683 0.000163494
 984 0.0527815 0.049172 0.000163369
 985 0.0665913 0.0491897 0.000164157
 986 0.0556861 0.0491963 0.000164123
 987 0.0522008 0.0491993 0.000163985
 988 0.0561517 0.0492064 0.00016397
 989 0.0464416 0.0492036 0.000163828
 990 0.0468571 0.0492012 0.00016368
 991 0.0470132 0.049199 0.000163529
 992 0.0578954 0.0492077 0.000163599
 993 0.0451534 0.0492037 0.000163486
 994 0.0461713 0.0492006 0.00016335
 995 0.0461865 0.0491976 0.000163214
 996 0.0433377 0.0491917 0.000163156
 997 0.0436009 0.0491861 0.000163088
 998 0.0481949 0.0491851 0.000162928
 999 0.0463971 0.0491823 0.000162789
 1000 0.0431613 0.0491763 0.000162737
