 1 -0.0373791 -0.0373791 0
 2 -0.0428816 -0.0401303 0.00194542
 3 -0.0481562 -0.0428056 0.00254037
 4 -0.0530709 -0.0453719 0.00292738
 5 -0.0601187 -0.0483213 0.00352753
 6 -0.0624342 -0.0506734 0.0036403
 7 -0.0698191 -0.0534085 0.00401846
 8 -0.0714172 -0.0556596 0.00409845
 9 -0.0758169 -0.0578993 0.0042108
 10 -0.0908213 -0.0611915 0.00491087
 11 -0.126204 -0.0671017 0.0071893
 12 -0.138292 -0.0730343 0.00870016
 13 -0.142506 -0.0783782 0.0095319
 14 -0.157386 -0.0840217 0.0103882
 15 -0.164225 -0.0893686 0.0109858
 16 -0.160016 -0.093784 0.0111513
 17 -0.177233 -0.0986927 0.0115252
 18 -0.184261 -0.103447 0.0118248
 19 -0.190453 -0.108026 0.0120565
 20 -0.208568 -0.113053 0.0124578
 21 -0.215164 -0.117915 0.0127783
 22 -0.226633 -0.122857 0.0131182
 23 -0.239006 -0.127907 0.0134849
 24 -0.256345 -0.133259 0.0139446
 25 -0.249157 -0.137895 0.0141364
 26 -0.251846 -0.142277 0.0142559
 27 -0.226846 -0.145409 0.0140678
 28 -0.241579 -0.148844 0.0139784
 29 -0.231608 -0.151698 0.0137846
 30 -0.23385 -0.154436 0.0135944
 31 -0.234558 -0.157021 0.0133993
 32 -0.241534 -0.159662 0.0132383
 33 -0.229479 -0.161778 0.0130051
 34 -0.239705 -0.16407 0.012823
 35 -0.251915 -0.16658 0.0126999
 36 -0.284818 -0.169864 0.0127647
 37 -0.285927 -0.173001 0.0127994
 38 -0.278247 -0.17577 0.0127587
 39 -0.264315 -0.178041 0.0126319
 40 -0.248347 -0.179798 0.0124378
 41 -0.260874 -0.181776 0.0122906
 42 -0.269859 -0.183873 0.0121756
 43 -0.276533 -0.186028 0.0120816
 44 -0.266101 -0.187848 0.0119433
 45 -0.26193 -0.189494 0.0117908
 46 -0.262044 -0.191071 0.0116395
 47 -0.255398 -0.19244 0.0114721
 48 -0.255852 -0.193761 0.0113089
 49 -0.289283 -0.19571 0.0112448
 50 -0.304562 -0.197887 0.0112287
 51 -0.308865 -0.200064 0.0112174
 52 -0.311387 -0.202204 0.0112041
 53 -0.329967 -0.204615 0.0112491
 54 -0.319202 -0.206737 0.0112391
 55 -0.316921 -0.20874 0.0112119
 56 -0.318955 -0.210708 0.0111831
 57 -0.316136 -0.212558 0.0111388
 58 -0.325596 -0.214507 0.0111159
 59 -0.317518 -0.216253 0.0110638
 60 -0.315734 -0.217911 0.0110029
 61 -0.327495 -0.219707 0.0109682
 62 -0.33832 -0.22162 0.0109569
 63 -0.312013 -0.223055 0.0108765
 64 -0.293577 -0.224157 0.0107622
 65 -0.280126 -0.225018 0.0106311
 66 -0.317871 -0.226425 0.0105627
 67 -0.331831 -0.227998 0.0105215
 68 -0.330846 -0.229511 0.0104749
 69 -0.345833 -0.231197 0.0104579
 70 -0.352619 -0.232931 0.0104514
 71 -0.343879 -0.234494 0.0104203
 72 -0.354901 -0.236166 0.0104089
 73 -0.395415 -0.238348 0.0104924
 74 -0.377048 -0.240222 0.0105167
 75 -0.379224 -0.242075 0.0105386
 76 -0.410557 -0.244292 0.0106305
 77 -0.414154 -0.246498 0.0107189
 78 -0.412666 -0.248629 0.0107911
 79 -0.392443 -0.250449 0.010807
 80 -0.3549 -0.251755 0.0107504
 81 -0.343638 -0.252889 0.0106774
 82 -0.363082 -0.254233 0.0106314
 83 -0.372979 -0.255664 0.0105992
 84 -0.386121 -0.257217 0.0105861
 85 -0.385619 -0.258727 0.0105688
 86 -0.356218 -0.259861 0.0105066
 87 -0.369733 -0.261124 0.0104614
 88 -0.358556 -0.262231 0.010401
 89 -0.378085 -0.263533 0.0103652
 90 -0.392738 -0.264968 0.010349
 91 -0.410706 -0.26657 0.0103585
 92 -0.394934 -0.267965 0.0103394
 93 -0.410547 -0.269498 0.0103413
 94 -0.411197 -0.271006 0.0103406
 95 -0.404063 -0.272406 0.0103261
 96 -0.392544 -0.273658 0.0102941
 97 -0.39132 -0.274871 0.0102592
 98 -0.408276 -0.276232 0.0102444
 99 -0.387921 -0.27736 0.0102029
 100 -0.396835 -0.278555 0.0101706
 101 -0.401701 -0.279774 0.0101427
 102 -0.398251 -0.280936 0.0101095
 103 -0.380279 -0.2819 0.0100573
 104 -0.373585 -0.282782 0.00999916
 105 -0.362083 -0.283537 0.00993241
 106 -0.378215 -0.28443 0.00987879
 107 -0.390621 -0.285423 0.00983619
 108 -0.408098 -0.286559 0.00981048
 109 -0.38472 -0.287459 0.00976172
 110 -0.368112 -0.288192 0.00970047
 111 -0.398378 -0.289185 0.00966374
 112 -0.362912 -0.289843 0.00959985
 113 -0.392136 -0.290748 0.00955748
 114 -0.407308 -0.291771 0.00952818
 115 -0.392288 -0.292645 0.00948533
 116 -0.374031 -0.293347 0.00942947
 117 -0.398645 -0.294247 0.00939173
 118 -0.384461 -0.295011 0.0093432
 119 -0.437956 -0.296212 0.00934159
 120 -0.444894 -0.297451 0.00934555
 121 -0.431346 -0.298558 0.0093336
 122 -0.425922 -0.299602 0.00931529
 123 -0.415377 -0.300543 0.00928699
 124 -0.381038 -0.301192 0.00923476
 125 -0.370113 -0.301744 0.00917732
 126 -0.383569 -0.302393 0.00912743
 127 -0.353172 -0.302793 0.00906432
 128 -0.377595 -0.303377 0.00901232
 129 -0.383989 -0.304002 0.0089641
 130 -0.374644 -0.304546 0.0089116
 131 -0.352681 -0.304913 0.00885114
 132 -0.346902 -0.305231 0.0087898
 133 -0.328112 -0.305403 0.0087254
 134 -0.36413 -0.305841 0.00867128
 135 -0.383459 -0.306416 0.00862609
 136 -0.383413 -0.306983 0.00858122
 137 -0.384396 -0.307548 0.00853717
 138 -0.364368 -0.307959 0.00848523
 139 -0.372223 -0.308422 0.00843677
 140 -0.39226 -0.309021 0.00839773
 141 -0.382388 -0.309541 0.00835428
 142 -0.371179 -0.309975 0.00830672
 143 -0.373982 -0.310423 0.00826068
 144 -0.37527 -0.310873 0.00821558
 145 -0.365142 -0.311247 0.00816744
 146 -0.344245 -0.311473 0.00811462
 147 -0.363101 -0.311824 0.00806702
 148 -0.409916 -0.312487 0.00803969
 149 -0.407281 -0.313123 0.00801087
 150 -0.402609 -0.31372 0.00797965
 151 -0.37136 -0.314102 0.00793592
 152 -0.382936 -0.314554 0.00789663
 153 -0.402711 -0.315131 0.00786601
 154 -0.398531 -0.315672 0.00783355
 155 -0.402946 -0.316235 0.00780322
 156 -0.403821 -0.316797 0.00777337
 157 -0.382903 -0.317218 0.00773525
 158 -0.400868 -0.317747 0.00770439
 159 -0.386029 -0.318177 0.0076679
 160 -0.405574 -0.318723 0.0076394
 161 -0.428211 -0.319403 0.00762216
 162 -0.420755 -0.320029 0.00760075
 163 -0.416877 -0.320623 0.0075773
 164 -0.403939 -0.321131 0.00754811
 165 -0.39914 -0.321604 0.00751716
 166 -0.435494 -0.32229 0.00750312
 167 -0.44701 -0.323036 0.00749526
 168 -0.452743 -0.323809 0.00749031
 169 -0.455998 -0.324591 0.00748672
 170 -0.426812 -0.325192 0.00746678
 171 -0.401542 -0.325639 0.00743646
 172 -0.458646 -0.326412 0.00743332
 173 -0.489043 -0.327352 0.00744956
 174 -0.481878 -0.32824 0.00745949
 175 -0.484241 -0.329131 0.00746994
 176 -0.47108 -0.329938 0.00747091
 177 -0.478396 -0.330777 0.00747564
 178 -0.463119 -0.33152 0.00747052
 179 -0.45866 -0.33223 0.00746248
 180 -0.485499 -0.333082 0.00746944
 181 -0.466178 -0.333817 0.00746428
 182 -0.433728 -0.334366 0.00744343
 183 -0.42431 -0.334858 0.00741896
 184 -0.404745 -0.335238 0.00738836
 185 -0.391259 -0.33554 0.00735462
 186 -0.397849 -0.335875 0.00732271
 187 -0.411924 -0.336282 0.00729483
 188 -0.402776 -0.336636 0.0072646
 189 -0.392391 -0.336931 0.00723215
 190 -0.382256 -0.337169 0.00719802
 191 -0.392609 -0.33746 0.00716618
 192 -0.403084 -0.337801 0.007137
 193 -0.419858 -0.338227 0.00711268
 194 -0.413399 -0.338614 0.00708656
 195 -0.422559 -0.339044 0.00706328
 196 -0.469475 -0.33971 0.00705852
 197 -0.480653 -0.340425 0.00705886
 198 -0.463223 -0.341046 0.0070504
 199 -0.426667 -0.341476 0.00702809
 200 -0.464131 -0.342089 0.00701965
 201 -0.453576 -0.342644 0.00700661
 202 -0.458281 -0.343216 0.00699527
 203 -0.459843 -0.343791 0.00698436
 204 -0.468899 -0.344404 0.006977
 205 -0.458968 -0.344963 0.00696531
 206 -0.458403 -0.345514 0.00695323
 207 -0.434111 -0.345942 0.0069328
 208 -0.447302 -0.346429 0.00691658
 209 -0.431387 -0.346835 0.00689542
 210 -0.432593 -0.347244 0.00687467
 211 -0.417884 -0.347579 0.00685023
 212 -0.406891 -0.347858 0.00682363
 213 -0.396762 -0.348088 0.00679546
 214 -0.408319 -0.348369 0.00676953
 215 -0.396149 -0.348592 0.00674169
 216 -0.380223 -0.348738 0.00671207
 217 -0.387214 -0.348915 0.00668348
 218 -0.440481 -0.349335 0.006666
 219 -0.457533 -0.349829 0.00665385
 220 -0.431979 -0.350203 0.00663407
 221 -0.437334 -0.350597 0.00661576
 222 -0.421862 -0.350918 0.00659374
 223 -0.408992 -0.351179 0.00656932
 224 -0.412169 -0.351451 0.00654563
 225 -0.38721 -0.35161 0.00651847
 226 -0.418068 -0.351904 0.00649625
 227 -0.436129 -0.352275 0.00647822
 228 -0.415693 -0.352553 0.00645578
 229 -0.438351 -0.352928 0.00643845
 230 -0.447849 -0.35334 0.00642367
 231 -0.430371 -0.353674 0.00640451
 232 -0.428569 -0.353997 0.00638504
 233 -0.435419 -0.354346 0.00636719
 234 -0.419167 -0.354623 0.006346
 235 -0.41235 -0.354869 0.00632375
 236 -0.411836 -0.35511 0.00630156
 237 -0.402386 -0.35531 0.00627813
 238 -0.385953 -0.355438 0.00625307
 239 -0.386855 -0.35557 0.00622829
 240 -0.362066 -0.355597 0.00620239
 241 -0.379879 -0.355698 0.00617747
 242 -0.398292 -0.355874 0.00615446
 243 -0.418072 -0.35613 0.00613445
 244 -0.408226 -0.356343 0.00611302
 245 -0.387877 -0.356472 0.00608943
 246 -0.426514 -0.356757 0.00607132
 247 -0.428339 -0.357046 0.00605366
 248 -0.412275 -0.357269 0.00603334
 249 -0.395622 -0.357423 0.00601108
 250 -0.397964 -0.357585 0.00598922
 251 -0.399821 -0.357754 0.00596772
 252 -0.349541 -0.357721 0.00594413
 253 -0.354392 -0.357708 0.00592065
 254 -0.335009 -0.357618 0.00589801
 255 -0.343115 -0.357562 0.00587516
 256 -0.328076 -0.357446 0.00585334
 257 -0.346091 -0.357402 0.00583073
 258 -0.330052 -0.357296 0.00580909
 259 -0.343207 -0.357242 0.00578692
 260 -0.353008 -0.357225 0.00576468
 261 -0.370143 -0.357275 0.00574281
 262 -0.368511 -0.357318 0.00572105
 263 -0.391934 -0.357449 0.00570081
 264 -0.39536 -0.357593 0.00568103
 265 -0.385369 -0.357698 0.00566056
 266 -0.389633 -0.357818 0.00564055
 267 -0.407973 -0.358006 0.00562255
 268 -0.41183 -0.358207 0.00560516
 269 -0.401674 -0.358368 0.00558665
 270 -0.366758 -0.358399 0.00556604
 271 -0.401488 -0.358558 0.00554777
 272 -0.397865 -0.358703 0.00552926
 273 -0.403901 -0.358868 0.00551148
 274 -0.381498 -0.358951 0.00549199
 275 -0.362407 -0.358964 0.00547203
 276 -0.365544 -0.358987 0.00545226
 277 -0.34623 -0.358941 0.00543277
 278 -0.350136 -0.35891 0.00541332
 279 -0.362506 -0.358923 0.00539393
 280 -0.329847 -0.358819 0.00537567
 281 -0.328349 -0.35871 0.00535763
 282 -0.354896 -0.358697 0.00533865
 283 -0.335773 -0.358616 0.0053204
 284 -0.331483 -0.35852 0.00530252
 285 -0.328463 -0.358415 0.00528496
 286 -0.347131 -0.358375 0.00526663
 287 -0.350614 -0.358348 0.00524835
 288 -0.329581 -0.358248 0.00523108
 289 -0.351058 -0.358223 0.00521304
 290 -0.356327 -0.358217 0.00519507
 291 -0.390623 -0.358328 0.00517841
 292 -0.366236 -0.358355 0.00516074
 293 -0.377368 -0.35842 0.00514354
 294 -0.34845 -0.358386 0.00512615
 295 -0.33625 -0.358311 0.00510933
 296 -0.319531 -0.35818 0.00509375
 297 -0.320775 -0.358054 0.00507815
 298 -0.333204 -0.357971 0.0050618
 299 -0.306424 -0.357799 0.0050478
 300 -0.327408 -0.357697 0.00503199
 301 -0.341937 -0.357645 0.00501555
 302 -0.349209 -0.357617 0.00499902
 303 -0.350365 -0.357593 0.00498258
 304 -0.334134 -0.357516 0.00496678
 305 -0.314813 -0.357376 0.00495247
 306 -0.296825 -0.357178 0.00494024
 307 -0.298328 -0.356986 0.00492786
 308 -0.301442 -0.356806 0.00491516
 309 -0.33112 -0.356723 0.00489996
 310 -0.323702 -0.356616 0.00488531
 311 -0.353614 -0.356607 0.00486961
 312 -0.365478 -0.356635 0.00485409
 313 -0.344533 -0.356596 0.00483873
 314 -0.317486 -0.356472 0.00482493
 315 -0.330984 -0.356391 0.00481029
 316 -0.341728 -0.356345 0.00479529
 317 -0.331793 -0.356267 0.00478079
 318 -0.344622 -0.35623 0.00476589
 319 -0.338385 -0.356175 0.00475128
 320 -0.334535 -0.356107 0.00473691
 321 -0.333075 -0.356035 0.0047227
 322 -0.351454 -0.356021 0.00470806
 323 -0.381522 -0.3561 0.00469414
 324 -0.374434 -0.356156 0.00467999
 325 -0.404103 -0.356304 0.00466792
 326 -0.397026 -0.356429 0.00465527
 327 -0.385389 -0.356517 0.00464188
 328 -0.398286 -0.356645 0.00462947
 329 -0.423132 -0.356847 0.00461981
 330 -0.423208 -0.357048 0.00461018
 331 -0.426307 -0.357257 0.004601
 332 -0.47167 -0.357602 0.00460003
 333 -0.46471 -0.357923 0.00459745
 334 -0.460921 -0.358232 0.00459402
 335 -0.4492 -0.358503 0.00458832
 336 -0.410716 -0.358659 0.00457729
 337 -0.407074 -0.358802 0.00456597
 338 -0.39712 -0.358916 0.00455386
 339 -0.410563 -0.359068 0.00454298
 340 -0.436342 -0.359295 0.0045353
 341 -0.432553 -0.35951 0.00452708
 342 -0.441262 -0.359749 0.00452015
 343 -0.421399 -0.359929 0.00451055
 344 -0.409938 -0.360074 0.00449978
 345 -0.418368 -0.360243 0.00448991
 346 -0.41999 -0.360416 0.00448025
 347 -0.41227 -0.360566 0.00446983
 348 -0.424078 -0.360748 0.00446071
 349 -0.41944 -0.360916 0.0044511
 350 -0.420445 -0.361086 0.00444163
 351 -0.423034 -0.361263 0.00443248
 352 -0.461943 -0.361549 0.0044291
 353 -0.472894 -0.361864 0.00442778
 354 -0.45693 -0.362133 0.0044234
 355 -0.444899 -0.362366 0.00441708
 356 -0.46276 -0.362648 0.00441367
 357 -0.425034 -0.362823 0.00440476
 358 -0.452886 -0.363074 0.00439964
 359 -0.490492 -0.363429 0.00440168
 360 -0.496925 -0.3638 0.00440504
 361 -0.482567 -0.364129 0.00440511
 362 -0.4763 -0.364439 0.00440382
 363 -0.457655 -0.364696 0.00439917
 364 -0.480619 -0.365014 0.0043986
 365 -0.503051 -0.365392 0.00440278
 366 -0.493961 -0.365744 0.00440474
 367 -0.477077 -0.366047 0.00440317
 368 -0.48069 -0.366358 0.00440221
 369 -0.480241 -0.366667 0.00440109
 370 -0.458416 -0.366915 0.00439617
 371 -0.489082 -0.367244 0.00439664
 372 -0.514773 -0.367641 0.00440267
 373 -0.527531 -0.36807 0.00441168
 374 -0.582695 -0.368643 0.00443705
 375 -0.581339 -0.369211 0.00446133
 376 -0.55245 -0.369698 0.004476
 377 -0.543428 -0.370159 0.00448779
 378 -0.55064 -0.370636 0.00450124
 379 -0.533323 -0.371066 0.00450979
 380 -0.514875 -0.371444 0.00451377
 381 -0.50235 -0.371788 0.00451498
 382 -0.483755 -0.372081 0.00451266
 383 -0.523506 -0.372476 0.00451817
 384 -0.500786 -0.37281 0.00451874
 385 -0.518388 -0.373188 0.0045228
 386 -0.543688 -0.37363 0.0045326
 387 -0.561229 -0.374115 0.00454673
 388 -0.54821 -0.374563 0.0045571
 389 -0.522589 -0.374944 0.00456125
 390 -0.483415 -0.375222 0.00455802
 391 -0.464581 -0.375451 0.00455209
 392 -0.443514 -0.375624 0.00454379
 393 -0.464331 -0.37585 0.00453783
 394 -0.443593 -0.376022 0.00452957
 395 -0.495133 -0.376323 0.00452813
 396 -0.536739 -0.376729 0.00453478
 397 -0.468335 -0.376959 0.00452922
 398 -0.44356 -0.377127 0.00452093
 399 -0.449345 -0.377308 0.00451322
 400 -0.444827 -0.377476 0.0045051
 401 -0.421686 -0.377587 0.00449521
 402 -0.459765 -0.377791 0.00448867
 403 -0.442582 -0.377952 0.00448041
 404 -0.415877 -0.378046 0.00447031
 405 -0.401466 -0.378104 0.00445964
 406 -0.399543 -0.378156 0.00444897
 407 -0.40312 -0.378218 0.00443846
 408 -0.413688 -0.378305 0.00442844
 409 -0.444551 -0.378467 0.00442057
 410 -0.45962 -0.378665 0.00441422
 411 -0.454677 -0.37885 0.00440735
 412 -0.426991 -0.378966 0.0043982
 413 -0.385548 -0.378982 0.00438758
 414 -0.388566 -0.379005 0.00437704
 415 -0.397678 -0.37905 0.00436673
 416 -0.425229 -0.379161 0.00435764
 417 -0.434473 -0.379294 0.00434921
 418 -0.413068 -0.379375 0.00433955
 419 -0.396776 -0.379416 0.0043294
 420 -0.39727 -0.379459 0.0043193
 421 -0.405664 -0.379521 0.00430949
 422 -0.408214 -0.379589 0.00429981
 423 -0.409076 -0.379659 0.00429021
 424 -0.438668 -0.379798 0.00428235
 425 -0.420146 -0.379893 0.00427332
 426 -0.41536 -0.379976 0.0042641
 427 -0.428068 -0.380089 0.0042556
 428 -0.403476 -0.380144 0.00424601
 429 -0.4148 -0.380224 0.00423688
 430 -0.439641 -0.380362 0.00422928
 431 -0.448476 -0.380521 0.00422242
 432 -0.454338 -0.380691 0.0042161
 433 -0.481477 -0.380924 0.00421279
 434 -0.492633 -0.381182 0.00421094
 435 -0.439611 -0.381316 0.0042034
 436 -0.421539 -0.381408 0.00419477
 437 -0.445138 -0.381554 0.0041877
 438 -0.433787 -0.381673 0.00417984
 439 -0.447565 -0.381823 0.00417301
 440 -0.448937 -0.381976 0.00416632
 441 -0.465408 -0.382165 0.00416116
 442 -0.435959 -0.382287 0.00415353
 443 -0.429131 -0.382392 0.0041455
 444 -0.410739 -0.382456 0.00413665
 445 -0.378394 -0.382447 0.00412737
 446 -0.439477 -0.382575 0.00412009
 447 -0.427528 -0.382676 0.0041121
 448 -0.429814 -0.382781 0.00410427
 449 -0.377737 -0.38277 0.00409514
 450 -0.408643 -0.382827 0.00408645
 451 -0.428903 -0.382929 0.00407866
 452 -0.40497 -0.382978 0.00406993
 453 -0.40754 -0.383032 0.00406131
 454 -0.385154 -0.383037 0.00405236
 455 -0.373516 -0.383016 0.00404351
 456 -0.397271 -0.383047 0.00403477
 457 -0.444439 -0.383182 0.00402817
 458 -0.399667 -0.383218 0.00401954
 459 -0.390671 -0.383234 0.00401081
 460 -0.386637 -0.383241 0.0040021
 461 -0.386897 -0.383249 0.00399343
 462 -0.375246 -0.383232 0.00398482
 463 -0.377223 -0.383219 0.00397624
 464 -0.405762 -0.383267 0.00396796
 465 -0.399536 -0.383302 0.00395958
 466 -0.389091 -0.383315 0.00395111
 467 -0.391547 -0.383332 0.00394269
 468 -0.401134 -0.383371 0.00393445
 469 -0.372671 -0.383348 0.00392612
 470 -0.381224 -0.383343 0.00391777
 471 -0.367928 -0.38331 0.00390959
 472 -0.409083 -0.383365 0.00390169
 473 -0.413387 -0.383429 0.00389396
 474 -0.430203 -0.383527 0.00388699
 475 -0.443418 -0.383653 0.00388085
 476 -0.422375 -0.383735 0.00387355
 477 -0.439711 -0.383852 0.00386721
 478 -0.442753 -0.383975 0.00386108
 479 -0.439178 -0.38409 0.00385474
 480 -0.444753 -0.384217 0.00384878
 481 -0.433784 -0.38432 0.00384216
 482 -0.431743 -0.384418 0.00383545
 483 -0.447225 -0.384548 0.00382971
 484 -0.440395 -0.384664 0.00382353
 485 -0.432945 -0.384763 0.00381695
 486 -0.45873 -0.384915 0.00381213
 487 -0.436182 -0.385021 0.00380575
 488 -0.454847 -0.385164 0.00380064
 489 -0.47481 -0.385347 0.00379729
 490 -0.467075 -0.385514 0.0037932
 491 -0.417903 -0.38558 0.00378605
 492 -0.425032 -0.38566 0.0037792
 493 -0.422087 -0.385734 0.00377226
 494 -0.394359 -0.385751 0.00376466
 495 -0.397036 -0.385774 0.00375713
 496 -0.428923 -0.385861 0.00375056
 497 -0.423702 -0.385937 0.00374378
 498 -0.39439 -0.385954 0.0037363
 499 -0.42946 -0.386042 0.00372983
 500 -0.404645 -0.386079 0.00372256
 501 -0.39546 -0.386097 0.00371518
 502 -0.385635 -0.386097 0.00370778
 503 -0.397811 -0.38612 0.00370048
 504 -0.391711 -0.386131 0.00369315
 505 -0.392636 -0.386144 0.00368586
 506 -0.392061 -0.386155 0.0036786
 507 -0.396559 -0.386176 0.0036714
 508 -0.383792 -0.386171 0.00366417
 509 -0.391492 -0.386182 0.00365699
 510 -0.402841 -0.386214 0.00364997
 511 -0.397216 -0.386236 0.00364289
 512 -0.403349 -0.386269 0.00363592
 513 -0.40255 -0.386301 0.00362898
 514 -0.38936 -0.386307 0.00362192
 515 -0.369498 -0.386274 0.00361503
 516 -0.391479 -0.386285 0.00360804
 517 -0.393048 -0.386298 0.00360109
 518 -0.388897 -0.386303 0.00359414
 519 -0.396254 -0.386322 0.00358726
 520 -0.403448 -0.386355 0.00358052
 521 -0.416459 -0.386413 0.00357411
 522 -0.424341 -0.386485 0.003568
 523 -0.3957 -0.386503 0.00356122
 524 -0.417419 -0.386562 0.00355492
 525 -0.416154 -0.386618 0.00354859
 526 -0.408635 -0.38666 0.00354209
 527 -0.39662 -0.386679 0.00353542
 528 -0.424685 -0.386751 0.00352946
 529 -0.415122 -0.386805 0.00352319
 530 -0.388073 -0.386807 0.00351655
 531 -0.379578 -0.386793 0.00350995
 532 -0.361752 -0.386746 0.00350367
 533 -0.3682 -0.386711 0.00349727
 534 -0.382689 -0.386704 0.00349073
 535 -0.374481 -0.386681 0.00348428
 536 -0.386769 -0.386681 0.00347778
 537 -0.400691 -0.386707 0.0034714
 538 -0.412311 -0.386755 0.00346527
 539 -0.424348 -0.386825 0.00345954
 540 -0.405992 -0.38686 0.00345332
 541 -0.412664 -0.386908 0.00344727
 542 -0.426037 -0.38698 0.00344166
 543 -0.416519 -0.387034 0.00343575
 544 -0.440504 -0.387133 0.00343084
 545 -0.433603 -0.387218 0.00342561
 546 -0.41963 -0.387277 0.00341985
 547 -0.41037 -0.38732 0.00341386
 548 -0.410196 -0.387361 0.00340788
 549 -0.381578 -0.387351 0.00340169
 550 -0.355214 -0.387292 0.00339601
 551 -0.387671 -0.387293 0.00338984
 552 -0.351444 -0.387228 0.00338433
 553 -0.344974 -0.387152 0.00337907
 554 -0.35599 -0.387095 0.00337344
 555 -0.353738 -0.387035 0.00336789
 556 -0.373297 -0.387011 0.00336193
 557 -0.391098 -0.387018 0.0033559
 558 -0.391276 -0.387026 0.00334989
 559 -0.395759 -0.387041 0.00334394
 560 -0.380384 -0.387029 0.00333799
 561 -0.368809 -0.386997 0.0033322
 562 -0.360034 -0.386949 0.00332661
 563 -0.383732 -0.386943 0.00332071
 564 -0.392983 -0.386954 0.00331484
 565 -0.41276 -0.387 0.00330929
 566 -0.415516 -0.38705 0.00330382
 567 -0.437652 -0.387139 0.0032992
 568 -0.467988 -0.387282 0.00329646
 569 -0.48002 -0.387445 0.00329469
 570 -0.483913 -0.387614 0.00329326
 571 -0.483745 -0.387782 0.00329179
 572 -0.466512 -0.38792 0.00328891
 573 -0.457284 -0.388041 0.0032854
 574 -0.460391 -0.388167 0.00328209
 575 -0.420439 -0.388223 0.00327686
 576 -0.41007 -0.388261 0.0032714
 577 -0.441974 -0.388354 0.00326705
 578 -0.458679 -0.388476 0.00326366
 579 -0.467523 -0.388612 0.00326088
 580 -0.491245 -0.388789 0.00326006
 581 -0.512764 -0.389003 0.00326142
 582 -0.465454 -0.389134 0.00325846
 583 -0.465748 -0.389265 0.00325552
 584 -0.490093 -0.389438 0.00325452
 585 -0.512761 -0.389649 0.00325578
 586 -0.502261 -0.389841 0.00325589
 587 -0.458194 -0.389957 0.00325242
 588 -0.489798 -0.390127 0.00325132
 589 -0.495151 -0.390305 0.00325069
 590 -0.47401 -0.390447 0.00324827
 591 -0.442959 -0.390536 0.00324399
 592 -0.427979 -0.390599 0.00323913
 593 -0.470528 -0.390734 0.00323647
 594 -0.461928 -0.390854 0.00323324
 595 -0.426396 -0.390914 0.00322836
 596 -0.456359 -0.391024 0.00322481
 597 -0.497831 -0.391203 0.00322436
 598 -0.482451 -0.391355 0.00322258
 599 -0.445202 -0.391445 0.00321845
 600 -0.464142 -0.391566 0.00321537
 601 -0.479898 -0.391713 0.00321338
 602 -0.457569 -0.391823 0.0032099
 603 -0.436314 -0.391896 0.00320542
 604 -0.434124 -0.391966 0.00320088
 605 -0.462284 -0.392082 0.0031977
 606 -0.447502 -0.392174 0.00319373
 607 -0.428301 -0.392233 0.00318902
 608 -0.43395 -0.392302 0.00318452
 609 -0.465923 -0.392423 0.00318158
 610 -0.462501 -0.392538 0.00317844
 611 -0.425703 -0.392592 0.0031737
 612 -0.424351 -0.392644 0.00316894
 613 -0.418398 -0.392686 0.00316405
 614 -0.415013 -0.392722 0.0031591
 615 -0.429118 -0.392782 0.00315452
 616 -0.437859 -0.392855 0.00315025
 617 -0.415336 -0.392891 0.00314535
 618 -0.424178 -0.392942 0.00314067
 619 -0.418612 -0.392983 0.00313587
 620 -0.415107 -0.393019 0.00313102
 621 -0.453413 -0.393116 0.00312748
 622 -0.446296 -0.393202 0.00312362
 623 -0.458405 -0.393306 0.00312036
 624 -0.491606 -0.393464 0.00311934
 625 -0.459867 -0.39357 0.00311615
 626 -0.451836 -0.393663 0.00311257
 627 -0.449358 -0.393752 0.00310887
 628 -0.430159 -0.39381 0.00310446
 629 -0.442738 -0.393888 0.0031005
 630 -0.441399 -0.393963 0.00309649
 631 -0.447077 -0.394047 0.00309273
 632 -0.461167 -0.394154 0.00308966
 633 -0.466506 -0.394268 0.00308689
 634 -0.478087 -0.3944 0.00308485
 635 -0.430976 -0.394458 0.00308053
 636 -0.387194 -0.394446 0.00307571
 637 -0.406296 -0.394465 0.00307094
 638 -0.450215 -0.394552 0.00306737
 639 -0.423718 -0.394598 0.00306291
 640 -0.405624 -0.394615 0.00305817
 641 -0.371767 -0.394579 0.00305361
 642 -0.369858 -0.394541 0.00304909
 643 -0.389004 -0.394532 0.00304436
 644 -0.373043 -0.394499 0.00303982
 645 -0.361498 -0.394448 0.00303554
 646 -0.390871 -0.394442 0.00303084
 647 -0.381811 -0.394423 0.00302622
 648 -0.403101 -0.394436 0.00302158
 649 -0.435293 -0.394499 0.00301758
 650 -0.428805 -0.394552 0.0030134
 651 -0.419575 -0.39459 0.00300902
 652 -0.399494 -0.394598 0.00300441
 653 -0.438566 -0.394665 0.00300056
 654 -0.446669 -0.394745 0.00299703
 655 -0.424708 -0.39479 0.0029928
 656 -0.450434 -0.394875 0.00298944
 657 -0.428922 -0.394927 0.00298534
 658 -0.441631 -0.394998 0.00298165
 659 -0.443075 -0.395071 0.00297802
 660 -0.454222 -0.395161 0.00297485
 661 -0.441358 -0.395231 0.00297117
 662 -0.457968 -0.395325 0.00296819
 663 -0.433193 -0.395382 0.00296427
 664 -0.403832 -0.395395 0.00295983
 665 -0.409605 -0.395417 0.00295546
 666 -0.431523 -0.395471 0.00295152
 667 -0.458244 -0.395565 0.00294859
 668 -0.435001 -0.395624 0.00294477
 669 -0.473206 -0.39574 0.00294265
 670 -0.484309 -0.395872 0.00294122
 671 -0.464268 -0.395974 0.00293861
 672 -0.487491 -0.39611 0.00293739
 673 -0.473023 -0.396224 0.00293525
 674 -0.432955 -0.396279 0.0029314
 675 -0.392519 -0.396273 0.00292706
 676 -0.415455 -0.396302 0.00292287
 677 -0.422578 -0.396341 0.00291881
 678 -0.407904 -0.396358 0.00291455
 679 -0.388962 -0.396347 0.00291028
 680 -0.408559 -0.396365 0.00290606
 681 -0.405905 -0.396379 0.00290182
 682 -0.41266 -0.396403 0.00289767
 683 -0.432121 -0.396455 0.00289389
 684 -0.43635 -0.396513 0.00289025
 685 -0.43638 -0.396571 0.00288662
 686 -0.421132 -0.396607 0.00288263
 687 -0.421543 -0.396643 0.00287866
 688 -0.419053 -0.396676 0.00287466
 689 -0.426967 -0.39672 0.00287083
 690 -0.424082 -0.39676 0.00286694
 691 -0.434773 -0.396815 0.00286332
 692 -0.406015 -0.396828 0.00285921
 693 -0.388718 -0.396816 0.00285511
 694 -0.369339 -0.396777 0.00285127
 695 -0.384272 -0.396759 0.00284723
 696 -0.365567 -0.396714 0.00284349
 697 -0.390637 -0.396705 0.00283942
 698 -0.423317 -0.396743 0.00283561
 699 -0.425126 -0.396784 0.00283184
 700 -0.437844 -0.396843 0.00282841
 701 -0.461467 -0.396935 0.00282587
 702 -0.441653 -0.396998 0.00282257
 703 -0.429294 -0.397044 0.00281892
 704 -0.401783 -0.397051 0.00281493
 705 -0.389787 -0.397041 0.00281095
 706 -0.383332 -0.397021 0.00280704
 707 -0.371002 -0.396985 0.00280331
 708 -0.391818 -0.396977 0.00279936
 709 -0.421179 -0.397011 0.00279562
 710 -0.435292 -0.397065 0.0027922
 711 -0.409666 -0.397083 0.00278833
 712 -0.392911 -0.397077 0.00278442
 713 -0.417502 -0.397106 0.00278066
 714 -0.378671 -0.39708 0.00277689
 715 -0.388967 -0.397069 0.00277303
 716 -0.40141 -0.397075 0.00276916
 717 -0.40318 -0.397083 0.00276531
 718 -0.416696 -0.397111 0.0027616
 719 -0.351119 -0.397047 0.0027585
 720 -0.392639 -0.39704 0.00275467
 721 -0.402051 -0.397047 0.00275086
 722 -0.4098 -0.397065 0.00274711
 723 -0.435671 -0.397118 0.00274383
 724 -0.424105 -0.397156 0.00274029
 725 -0.467708 -0.397253 0.00273824
 726 -0.479703 -0.397367 0.00273682
 727 -0.450713 -0.39744 0.00273404
 728 -0.455401 -0.39752 0.00273144
 729 -0.454956 -0.397598 0.00272883
 730 -0.475445 -0.397705 0.00272718
 731 -0.496687 -0.39784 0.00272681
 732 -0.475619 -0.397947 0.00272515
 733 -0.508532 -0.398098 0.0027256
 734 -0.524576 -0.39827 0.00272733
 735 -0.511641 -0.398424 0.00272798
 736 -0.503723 -0.398567 0.00272802
 737 -0.520527 -0.398733 0.00272934
 738 -0.472869 -0.398833 0.00272749
 739 -0.447013 -0.398898 0.00272457
 740 -0.461656 -0.398983 0.00272221
 741 -0.457266 -0.399062 0.00271967
 742 -0.47021 -0.399158 0.0027177
 743 -0.473858 -0.399258 0.0027159
 744 -0.474034 -0.399359 0.00271411
 745 -0.442788 -0.399417 0.00271109
 746 -0.457222 -0.399495 0.00270856
 747 -0.427853 -0.399532 0.0027052
 748 -0.404669 -0.399539 0.0027016
 749 -0.421876 -0.399569 0.00269815
 750 -0.364026 -0.399522 0.00269497
 751 -0.391051 -0.399511 0.00269141
 752 -0.402095 -0.399514 0.00268783
 753 -0.379585 -0.399487 0.00268439
 754 -0.357809 -0.399432 0.0026814
 755 -0.363189 -0.399384 0.00267828
 756 -0.398997 -0.399384 0.00267474
 757 -0.390362 -0.399372 0.00267123
 758 -0.363799 -0.399325 0.00266812
 759 -0.423897 -0.399357 0.0026648
 760 -0.420345 -0.399385 0.00266144
 761 -0.41575 -0.399406 0.00265803
 762 -0.402614 -0.399411 0.00265454
 763 -0.410393 -0.399425 0.0026511
 764 -0.394854 -0.399419 0.00264764
 765 -0.393013 -0.399411 0.00264419
 766 -0.422368 -0.399441 0.00264091
 767 -0.437074 -0.39949 0.00263792
 768 -0.443623 -0.399547 0.00263511
 769 -0.487221 -0.399661 0.00263415
 770 -0.44824 -0.399724 0.00263148
 771 -0.438201 -0.399774 0.00262854
 772 -0.460152 -0.399852 0.0026263
 773 -0.420087 -0.399878 0.00262304
 774 -0.383072 -0.399857 0.00261974
 775 -0.399792 -0.399857 0.00261636
 776 -0.371458 -0.39982 0.00261324
 777 -0.395564 -0.399815 0.00260988
 778 -0.375828 -0.399784 0.00260671
 779 -0.3765 -0.399754 0.00260354
 780 -0.3759 -0.399723 0.00260038
 781 -0.380429 -0.399699 0.00259716
 782 -0.383479 -0.399678 0.00259393
 783 -0.38419 -0.399658 0.00259069
 784 -0.379551 -0.399632 0.00258751
 785 -0.367227 -0.399591 0.00258454
 786 -0.356147 -0.399536 0.00258185
 787 -0.405173 -0.399543 0.00257858
 788 -0.464945 -0.399626 0.00257664
 789 -0.455308 -0.399697 0.00257434
 790 -0.41775 -0.399719 0.00257118
 791 -0.435515 -0.399765 0.00256833
 792 -0.446351 -0.399824 0.00256576
 793 -0.452378 -0.39989 0.00256338
 794 -0.439342 -0.39994 0.00256063
 795 -0.413912 -0.399957 0.00255747
 796 -0.39747 -0.399954 0.00255426
 797 -0.381096 -0.39993 0.00255117
 798 -0.391368 -0.39992 0.00254799
 799 -0.420614 -0.399945 0.00254494
 800 -0.397262 -0.399942 0.00254176
 801 -0.433185 -0.399984 0.00253892
 802 -0.416429 -0.400004 0.00253584
 803 -0.432264 -0.400044 0.002533
 804 -0.41647 -0.400065 0.00252993
 805 -0.390001 -0.400052 0.00252682
 806 -0.37272 -0.400018 0.00252391
 807 -0.403793 -0.400023 0.00252079
 808 -0.380176 -0.399998 0.00251779
 809 -0.397425 -0.399995 0.00251468
 810 -0.357899 -0.399943 0.00251211
 811 -0.36573 -0.399901 0.00250937
 812 -0.384686 -0.399882 0.00250635
 813 -0.36731 -0.399842 0.00250359
 814 -0.358147 -0.399791 0.00250103
 815 -0.344378 -0.399723 0.00249889
 816 -0.353208 -0.399666 0.00249648
 817 -0.372922 -0.399633 0.00249364
 818 -0.354488 -0.399578 0.0024912
 819 -0.347523 -0.399515 0.00248897
 820 -0.364227 -0.399472 0.0024863
 821 -0.344842 -0.399405 0.00248416
 822 -0.369453 -0.399369 0.00248141
 823 -0.393367 -0.399361 0.00247841
 824 -0.393201 -0.399354 0.00247541
 825 -0.412524 -0.39937 0.00247246
 826 -0.447928 -0.399429 0.00247017
 827 -0.4435 -0.399482 0.00246775
 828 -0.423169 -0.39951 0.00246494
 829 -0.402893 -0.399515 0.00246197
 830 -0.400299 -0.399515 0.002459
 831 -0.379088 -0.399491 0.00245617
 832 -0.387631 -0.399477 0.00245326
 833 -0.403058 -0.399481 0.00245031
 834 -0.382857 -0.399461 0.00244746
 835 -0.368693 -0.399424 0.0024448
 836 -0.374052 -0.399394 0.00244207
 837 -0.360858 -0.399348 0.00243958
 838 -0.346184 -0.399284 0.0024375
 839 -0.379024 -0.39926 0.00243471
 840 -0.42147 -0.399287 0.00243196
 841 -0.43624 -0.399331 0.00242946
 842 -0.432612 -0.39937 0.0024269
 843 -0.443638 -0.399423 0.00242459
 844 -0.453795 -0.399487 0.00242257
 845 -0.456135 -0.399554 0.00242063
 846 -0.47384 -0.399642 0.00241936
 847 -0.525715 -0.399791 0.00242108
 848 -0.462694 -0.399865 0.00241936
 849 -0.438668 -0.399911 0.00241694
 850 -0.395165 -0.399905 0.00241411
 851 -0.461151 -0.399977 0.00241234
 852 -0.473137 -0.400063 0.00241104
 853 -0.472309 -0.400148 0.0024097
 854 -0.452154 -0.400208 0.00240765
 855 -0.48964 -0.400313 0.0024071
 856 -0.480646 -0.400407 0.00240612
 857 -0.490526 -0.400512 0.00240561
 858 -0.479702 -0.400604 0.00240457
 859 -0.48375 -0.400701 0.00240372
 860 -0.487346 -0.400802 0.00240304
 861 -0.525443 -0.400947 0.0024046
 862 -0.542802 -0.401111 0.00240744
 863 -0.499332 -0.401225 0.00240734
 864 -0.492152 -0.40133 0.00240685
 865 -0.483933 -0.401426 0.00240596
 866 -0.470239 -0.401505 0.00240449
 867 -0.462686 -0.401576 0.00240276
 868 -0.423544 -0.401601 0.00240012
 869 -0.445815 -0.401652 0.0023979
 870 -0.445735 -0.401703 0.00239568
 871 -0.413046 -0.401716 0.00239296
 872 -0.431884 -0.40175 0.00239047
 873 -0.449184 -0.401805 0.00238835
 874 -0.450874 -0.401861 0.00238628
 875 -0.440583 -0.401905 0.00238396
 876 -0.44142 -0.40195 0.00238166
 877 -0.47141 -0.402029 0.00238026
 878 -0.434692 -0.402067 0.00237784
 879 -0.498053 -0.402176 0.00237765
 880 -0.49687 -0.402283 0.00237738
 881 -0.466188 -0.402356 0.00237578
 882 -0.515553 -0.402484 0.00237656
 883 -0.531761 -0.402631 0.00237837
 884 -0.522289 -0.402766 0.00237953
 885 -0.538149 -0.402919 0.00238175
 886 -0.562574 -0.403099 0.00238587
 887 -0.538059 -0.403251 0.00238803
 888 -0.496061 -0.403356 0.00238762
 889 -0.525759 -0.403493 0.0023889
 890 -0.53128 -0.403637 0.00239053
 891 -0.505837 -0.403752 0.0023906
 892 -0.517674 -0.403879 0.00239133
 893 -0.50703 -0.403995 0.00239144
 894 -0.451985 -0.404049 0.00238937
 895 -0.447398 -0.404097 0.00238719
 896 -0.430078 -0.404126 0.0023847
 897 -0.430967 -0.404156 0.00238223
 898 -0.430797 -0.404186 0.00237976
 899 -0.457993 -0.404246 0.00237786
 900 -0.463774 -0.404312 0.00237614
 901 -0.463055 -0.404377 0.0023744
 902 -0.476082 -0.404456 0.0023731
 903 -0.446891 -0.404503 0.00237093
 904 -0.418209 -0.404519 0.00236836
 905 -0.385435 -0.404497 0.00236584
 906 -0.361694 -0.40445 0.0023637
 907 -0.365848 -0.404408 0.00236147
 908 -0.375031 -0.404375 0.0023591
 909 -0.405654 -0.404377 0.0023565
 910 -0.406477 -0.404379 0.00235391
 911 -0.416349 -0.404392 0.00235137
 912 -0.3931 -0.40438 0.00234882
 913 -0.404271 -0.40438 0.00234625
 914 -0.383438 -0.404357 0.00234379
 915 -0.369044 -0.404318 0.00234155
 916 -0.42479 -0.40434 0.0023391
 917 -0.453303 -0.404394 0.00233716
 918 -0.430048 -0.404422 0.00233478
 919 -0.405519 -0.404423 0.00233224
 920 -0.410854 -0.40443 0.00232971
 921 -0.415227 -0.404442 0.00232721
 922 -0.390229 -0.404426 0.00232474
 923 -0.352848 -0.40437 0.00232289
 924 -0.351241 -0.404313 0.00232109
 925 -0.352946 -0.404257 0.00231925
 926 -0.355797 -0.404205 0.00231733
 927 -0.34813 -0.404145 0.00231562
 928 -0.360505 -0.404098 0.0023136
 929 -0.344726 -0.404034 0.00231199
 930 -0.348155 -0.403974 0.00231029
 931 -0.362983 -0.40393 0.00230823
 932 -0.334526 -0.403855 0.00230695
 933 -0.32674 -0.403772 0.00230596
 934 -0.321017 -0.403684 0.00230519
 935 -0.328941 -0.403604 0.00230411
 936 -0.337138 -0.403533 0.00230274
 937 -0.323035 -0.403447 0.00230189
 938 -0.345894 -0.403386 0.00230025
 939 -0.344495 -0.403323 0.00229866
 940 -0.308892 -0.403222 0.00229841
 941 -0.351791 -0.403168 0.00229661
 942 -0.344801 -0.403106 0.00229501
 943 -0.359291 -0.403059 0.00229305
 944 -0.367658 -0.403022 0.00229093
 945 -0.311676 -0.402925 0.00229054
 946 -0.330406 -0.402849 0.0022894
 947 -0.35642 -0.402799 0.00228751
 948 -0.386385 -0.402782 0.00228516
 949 -0.394984 -0.402774 0.00228277
 950 -0.398105 -0.402769 0.00228037
 951 -0.402971 -0.402769 0.00227797
 952 -0.369291 -0.402734 0.00227585
 953 -0.407158 -0.402739 0.00227347
 954 -0.377938 -0.402713 0.00227123
 955 -0.378415 -0.402687 0.002269
 956 -0.347821 -0.40263 0.00226735
 957 -0.354289 -0.402579 0.00226554
 958 -0.395615 -0.402572 0.00226319
 959 -0.402409 -0.402572 0.00226083
 960 -0.393754 -0.402563 0.00225849
 961 -0.382977 -0.402542 0.00225623
 962 -0.382234 -0.402521 0.00225399
 963 -0.397885 -0.402516 0.00225165
 964 -0.40976 -0.402524 0.00224933
 965 -0.390142 -0.402511 0.00224704
 966 -0.383443 -0.402491 0.0022448
 967 -0.434858 -0.402525 0.00224272
 968 -0.480123 -0.402605 0.00224184
 969 -0.499527 -0.402705 0.00224176
 970 -0.543041 -0.40285 0.00224411
 971 -0.551364 -0.403003 0.002247
 972 -0.544795 -0.403149 0.00224942
 973 -0.569503 -0.40332 0.0022536
 974 -0.526333 -0.403446 0.00225482
 975 -0.50011 -0.403545 0.00225469
 976 -0.457388 -0.4036 0.00225305
 977 -0.433223 -0.40363 0.00225095
 978 -0.457248 -0.403685 0.00224932
 979 -0.507318 -0.403791 0.00224951
 980 -0.516534 -0.403906 0.00225015
 981 -0.493564 -0.403998 0.00224971
 982 -0.514883 -0.40411 0.00225025
 983 -0.541753 -0.404251 0.00225232
 984 -0.510525 -0.404359 0.00225262
 985 -0.492522 -0.404448 0.00225211
 986 -0.503447 -0.404548 0.00225206
 987 -0.517481 -0.404663 0.00225268
 988 -0.48462 -0.404744 0.00225186
 989 -0.490767 -0.404831 0.00225126
 990 -0.469345 -0.404896 0.00224993
 991 -0.454522 -0.404946 0.00224821
 992 -0.449353 -0.404991 0.00224639
 993 -0.485506 -0.405072 0.00224559
 994 -0.46756 -0.405135 0.00224421
 995 -0.472691 -0.405203 0.00224299
 996 -0.475274 -0.405273 0.00224184
 997 -0.468065 -0.405336 0.00224047
 998 -0.454581 -0.405385 0.00223877
 999 -0.476655 -0.405457 0.00223767
 1000 -0.512069 -0.405563 0.00223797
