 0 nan nan
 0.064633 0 0
 0.129266 0 0
 0.193899 0 0
 0.258532 0 0
 0.323165 0 0
 0.387798 0 0
 0.452431 0 0
 0.517064 0 0
 0.581697 0 0
 0.64633 0 0
 0.710963 0 0
 0.775596 0 0
 0.84023 2.38492e-05 7.39795e-06
 0.904863 0.00443163 0.000137169
 0.969496 0.0296772 0.00039328
 1.03413 0.0529947 0.000544449
 1.09876 0.0552673 0.000517151
 1.16339 0.047799 0.000424288
 1.22803 0.0393338 0.000336447
 1.29266 0.0331944 0.000292614
 1.35729 0.0281677 0.000244186
 1.42193 0.0249776 0.000206263
 1.48656 0.022048 0.000178663
 1.55119 0.0201819 0.000156047
 1.61583 0.019045 0.000145317
 1.68046 0.0174631 0.000135653
 1.74509 0.0162388 0.000118957
 1.80973 0.0154234 0.00011109
 1.87436 0.0148071 9.97021e-05
 1.93899 0.0143276 9.13593e-05
 2.00362 0.0138215 8.45765e-05
 2.06826 0.0134255 7.61281e-05
 2.13289 0.0129805 7.31614e-05
 2.19752 0.0125586 6.96806e-05
 2.26216 0.0121985 6.61161e-05
 2.32679 0.0117714 6.12612e-05
 2.39142 0.01147 5.50783e-05
 2.45606 0.0110845 5.24563e-05
 2.52069 0.0108135 5.03564e-05
 2.58532 0.0104744 4.72326e-05
 2.64995 0.0102464 4.62967e-05
 2.71459 0.0100163 4.54409e-05
 2.77922 0.00978633 4.48048e-05
 2.84385 0.00951181 4.59018e-05
 2.90849 0.00921113 4.9222e-05
 2.97312 0.00902015 5.14332e-05
 3.03775 0.00882324 5.1235e-05
 3.10239 0.00864087 4.17648e-05
 3.16702 0.00840804 3.69599e-05
 3.23165 0.00822464 3.23585e-05
 3.29629 0.00801787 2.93859e-05
 3.36092 0.00781052 2.66502e-05
 3.42555 0.00769152 2.68671e-05
 3.49018 0.00752211 2.57594e-05
 3.55482 0.00736028 2.5419e-05
 3.61945 0.00722109 2.52806e-05
 3.68408 0.0071463 2.4812e-05
 3.74872 0.0069774 2.44079e-05
 3.81335 0.00687177 2.31769e-05
 3.87798 0.00674383 2.28746e-05
 3.94262 0.0066623 2.1787e-05
 4.00725 0.00650322 2.01331e-05
 4.07188 0.00641688 2.07633e-05
 4.13651 0.00630162 1.94554e-05
 4.20115 0.00622917 1.8373e-05
 4.26578 0.00615111 1.81713e-05
 4.33041 0.00608562 1.78245e-05
 4.39505 0.00598379 1.70931e-05
 4.45968 0.00588386 1.66394e-05
 4.52431 0.0057819 1.56506e-05
 4.58895 0.00571737 1.52433e-05
 4.65358 0.00563181 1.47559e-05
 4.71821 0.00555237 1.41525e-05
 4.78285 0.00546284 1.34944e-05
 4.84748 0.00538549 1.29444e-05
 4.91211 0.00532592 1.30408e-05
 4.97674 0.00524526 1.23285e-05
 5.04138 0.00518332 1.30752e-05
 5.10601 0.00512386 1.35378e-05
 5.17064 0.00507784 1.51876e-05
 5.23528 0.00499797 1.79867e-05
 5.29991 0.00492717 1.54718e-05
 5.36454 0.0048711 1.30216e-05
 5.42918 0.00480202 1.07012e-05
 5.49381 0.00476113 1.04125e-05
 5.55844 0.00470642 1.00799e-05
 5.62307 0.00465361 1.0049e-05
 5.68771 0.00458021 1.00505e-05
 5.75234 0.00452505 9.45801e-06
 5.81697 0.00447828 9.06769e-06
 5.88161 0.00441795 8.722e-06
 5.94624 0.00437933 8.74064e-06
 6.01087 0.00430418 8.1153e-06
 6.07551 0.00426127 8.06312e-06
 6.14014 0.00421712 7.76743e-06
 6.20477 0.00416508 7.99492e-06
 6.2694 0.00412282 7.79572e-06
 6.33404 0.00407531 7.69732e-06
 6.39867 0.00403775 7.58191e-06
