94
180
211
176
0
3
728
385
113
0
290
45
249
8
280
0
1
283
173
533
0
83
404
822
10
885
698
747
484
0
2
0
326
1
861
57
18
14
140
20
100
0
8
0
1
148
15
2
661
2
12
517
377
234
7
3
276
0
57
31
863
36
75
0
544
131
172
559
310
548
19
739
775
712
617
22
430
0
515
574
362
2
15
565
147
0
182
218
314
759
35
395
0
207
8
110
530
879
0
0
0
713
448
1
37
492
77
739
692
0
0
17
661
279
504
242
5
15
0
2
0
48
3
840
503
401
885
638
79
338
192
13
392
81
109
629
41
2
449
20
476
162
306
196
368
243
0
254
23
257
218
226
1
480
61
758
327
587
622
6
819
14
32
568
457
772
212
3
140
21
141
47
262
4
5
0
69
0
8
0
31
7
121
93
126
197
0
165
664
0
22
188
10
4
0
1
0
65
1
261
37
7
0
0
154
97
381
0
53
816
90
7
496
60
734
1
748
712
200
453
21
651
28
107
360
19
35
110
398
124
160
6
267
25
1
304
105
142
73
260
117
330
52
1
0
41
10
79
43
39
61
0
740
259
418
258
1
7
195
52
164
1
370
208
457
147
0
35
137
17
25
185
786
268
893
0
432
164
59
52
4
3
603
26
2
326
618
345
275
85
558
696
230
4
61
0
604
266
2
0
0
810
552
238
479
11
16
14
672
188
0
19
3
26
450
710
0
510
179
657
12
769
71
597
3
572
343
860
433
245
19
174
804
771
119
54
33
297
86
548
296
119
710
162
143
1
220
275
825
687
132
774
6
704
1
414
80
0
335
64
119
50
9
695
11
7
36
47
857
862
12
433
671
5
6
0
804
236
531
161
0
39
290
79
274
38
81
0
852
43
181
891
817
119
893
100
17
1
568
0
2
94
156
2
0
48
0
625
43
390
17
16
265
644
233
13
0
418
108
111
4
527
673
6
20
93
231
54
120
25
838
312
122
192
22
3
1
278
2
60
652
693
109
636
293
2
100
17
222
197
225
115
0
517
414
79
132
351
64
154
0
110
3
240
27
143
303
717
11
10
27
47
439
207
12
3
312
145
63
104
54
497
476
618
482
194
431
35
745
12
262
240
199
88
300
442
0
438
175
241
21
21
2
0
1
140
487
674
38
0
731
9
9
4
0
106
0
65
826
439
167
0
0
768
536
0
0
130
11
239
24
156
41
248
226
0
208
75
138
0
0
81
348
227
1
463
730
1
757
0
205
8
69
0
112
1
453
23
169
129
54
332
120
122
388
455
25
330
48
249
10
877
9
270
4
151
277
18
0
103
71
17
701
366
0
36
59
496
204
146
0
20
25
31
270
3
21
775
415
398
169
46
320
0
72
187
122
107
687
1
0
46
492
37
275
61
152
551
254
4
274
336
167
69
175
571
38
344
670
697
246
494
0
164
27
233
243
299
243
793
0
489
786
614
191
0
317
45
4
19
836
9
428
202
436
379
0
0
23
152
286
371
629
3
1
221
70
0
84
153
207
0
482
1
56
524
690
41
29
1
4
91
577
2
56
12
394
0
0
36
21
1
1
7
118
0
489
287
0
326
309
668
299
0
154
743
129
27
742
478
176
274
30
13
0
77
863
32
76
278
496
603
340
382
356
1
341
246
353
238
103
748
382
9
3
0
0
299
58
22
0
99
131
673
459
63
90
886
82
446
0
619
258
499
0
0
3
76
91
27
50
659
343
6
35
620
307
187
0
785
274
95
405
499
16
294
109
794
405
735
224
31
544
645
278
49
587
518
37
14
26
120
282
401
30
12
865
800
80
308
160
293
95
5
497
207
782
4
574
68
32
102
674
0
170
402
797
499
764
315
15
114
443
5
39
150
764
77
0
106
313
226
219
564
232
72
219
15
362
0
4
111
488
231
645
28
266
822
9
91
584
57
547
185
1
207
35
61
0
165
9
46
20
782
0
116
4
2
695
56
114
627
20
457
12
338
6
34
2
420
3
201
131
206
58
433
40
585
1
473
281
658
635
515
123
715
733
19
845
70
1
595
180
7
428
531
153
584
14
8
554
39
171
45
61
129
4
77
486
238
832
362
0
392
415
74
626
1
57
50
699
0
89
803
44
793
297
7
444
30
32
426
441
246
3
136
191
796
54
0
0
322
43
203
52
57
28
306
35
18
361
892
0
6
4
867
396
379
164
677
276
302
102
258
222
0
0
19
178
4
179
2
28
494
0
507
428
26
246
12
10
110
198
1
14
440
6
7
192
1
