12.4577
11.9555
10.2766
10.2766
10.2665
10.2665
10.2249
9.50972
9.34628
9.34628
9.07184
8.81024
8.3958
8.18094
8.18094
8.18094
8.18094
8.18094
8.18094
8.18094
8.05907
8.04668
7.88117
7.829
7.829
7.829
7.829
7.82995
7.65456
7.65456
7.65456
7.72281
7.72281
7.72281
7.72281
7.69463
7.69463
7.68824
7.68824
7.47474
7.47474
7.30051
7.30051
7.30051
7.25459
7.21566
7.18254
6.92662
7.06278
6.83267
6.83267
6.76811
6.76811
6.76811
6.76811
6.76811
6.75741
6.75741
6.75741
6.67715
6.67715
6.64869
6.64869
6.64869
6.64869
6.64869
6.64869
6.64869
6.575
6.575
6.64869
6.61243
6.61243
6.61243
6.61243
6.52475
6.52475
6.52475
6.52475
6.43586
6.43586
6.43586
6.43586
6.43586
6.41412
6.41412
6.41412
6.58936
6.58936
6.5551
6.42309
6.47307
6.47307
6.47307
6.47307
6.47478
6.47478
6.22996
6.22996
6.22996
6.22996
6.22996
6.22996
6.22996
6.22996
6.22996
6.22996
6.22996
6.22996
6.22996
6.22996
6.22996
6.22996
6.22996
6.22996
6.197
6.197
6.197
6.197
6.197
6.197
6.197
6.197
6.197
6.197
6.197
6.197
6.197
6.197
6.197
6.197
6.197
6.197
6.197
6.197
6.25912
6.22169
6.22169
6.22169
6.22169
6.22169
6.42795
6.42795
6.39572
6.39572
6.39476
6.39476
6.39414
6.33677
6.33677
6.33677
6.23837
6.23837
6.2758
6.23837
6.23837
6.23837
6.23837
6.23837
6.23837
6.23837
6.23837
6.23837
6.23837
6.23837
6.22241
6.23837
6.23837
6.41522
6.41522
6.41522
6.41522
6.41522
6.41522
6.41522
6.41522
6.41522
6.41522
6.41522
6.41522
6.41522
6.41522
6.41522
6.41522
6.41522
6.41522
6.41522
6.41522
6.41522
6.23837
6.23837
6.23837
6.23837
6.23837
6.23837
6.23837
6.15017
6.15017
6.15017
6.15017
6.15017
6.19968
6.19968
6.19968
6.26901
6.23902
6.26901
6.26901
6.26901
6.26901
6.26901
6.26901
6.26901
6.26901
6.26901
6.26901
6.26901
6.26901
6.26901
6.26901
6.26901
6.26901
6.26901
6.26901
6.26901
6.26901
6.26901
6.26901
6.30644
6.30644
6.10863
6.10863
6.10863
6.10863
6.10863
6.10863
6.10863
6.10863
6.10863
6.10863
6.10863
6.10863
6.10863
6.10863
6.10863
6.10863
6.10863
6.10863
6.10863
6.10863
6.10863
6.10863
6.06934
6.06934
6.06934
6.06091
6.06934
6.12803
6.12803
6.12803
6.11825
5.90465
5.90465
5.90465
6.15268
6.19197
6.13574
6.13574
6.13574
6.19197
6.19197
6.19197
6.19197
6.19197
6.19197
6.15268
6.15268
6.09958
6.09958
6.09958
6.21903
6.21903
6.21903
6.27493
6.26125
6.26125
6.26125
6.3582
6.3582
6.3582
6.3582
6.3582
6.29323
6.3582
6.3582
6.3582
6.3582
6.30857
6.30857
6.30857
6.30857
6.30857
6.30857
6.30857
6.30857
6.30857
6.30857
6.30857
6.30857
6.30857
6.26928
6.26928
6.26928
6.26928
6.26928
6.26928
6.26928
6.26928
6.22387
6.1404
5.91
5.91
5.91
5.91
5.91
5.91
5.91
5.96589
5.96589
5.96589
5.96589
5.96589
5.96589
5.96589
5.96589
5.96589
5.96589
5.96589
5.91
5.91
5.91
5.91
5.91
5.91
5.91
5.91
5.91
5.99366
5.99366
5.99366
5.99366
5.99366
5.99366
5.99366
5.93776
5.93776
5.93776
5.93776
5.93776
5.93776
5.93776
5.93776
5.93776
5.93776
5.93776
5.93776
5.93776
5.93776
5.93776
5.93776
5.93776
5.93776
5.93776
5.93776
5.93776
5.93776
5.93776
5.93776
5.93776
5.93776
5.93776
5.93776
5.91
5.91
5.91
5.91
5.91
5.91
5.91
5.91
5.91
5.91
5.91
5.91
5.91
5.91
5.91
5.91
5.91
6.00557
6.00557
6.00557
6.00557
6.00557
6.00557
5.95683
5.95683
5.95683
5.95683
6.10309
6.07541
6.07541
6.07541
6.07541
6.07541
5.97748
5.97748
5.97748
5.97748
5.97748
6.00825
6.00825
6.00825
6.00825
6.00825
6.00825
6.00825
6.00109
6.00109
6.00109
6.00109
6.00109
6.00109
6.00109
6.00109
6.00109
6.00109
6.00109
6.00109
6.00109
6.1204
6.1204
6.1204
6.1204
6.1204
6.1204
6.1204
6.1204
6.1204
6.1204
6.1204
6.10809
6.04079
6.04079
6.01264
5.90552
5.90552
5.90552
5.87816
5.87816
5.87816
5.87816
5.87816
5.87816
5.87816
5.87816
5.87816
5.87816
5.87816
5.87816
5.87816
5.87816
5.87816
5.87816
5.87816
5.87816
5.87816
5.87816
5.87816
5.87816
5.87816
5.87816
5.87816
5.87816
5.87816
5.87816
5.87816
5.87816
5.87816
5.87816
5.87816
5.87816
5.87816
5.87816
5.87816
5.87816
5.87816
5.87816
5.87816
5.87816
