11.9555
10.7695
10.8083
10.2927
10.3906
10.2697
10.1305
9.7498
9.47577
9.32236
9.11348
9.02545
8.84174
8.84832
8.78257
8.59311
8.58949
8.57452
8.46119
8.46313
8.4523
8.49687
8.51375
8.27292
8.36295
8.24911
8.34871
8.28974
8.32513
8.19335
8.19819
8.36944
8.35131
8.36085
8.36234
8.42251
8.5022
8.42695
8.3604
8.24814
8.22999
8.14267
7.94025
7.87614
7.79638
7.76946
7.79528
7.7521
7.65922
7.56485
7.46464
7.38731
7.45506
7.51293
7.53455
7.52073
7.50829
7.43926
7.46518
7.4239
7.44669
7.54465
7.67554
7.70527
7.63059
7.60863
7.5963
7.56429
7.46286
7.49453
7.49228
7.54362
7.47605
7.51736
7.46921
7.44698
7.47515
7.41097
7.43212
7.49408
7.55012
7.56785
7.49836
7.44783
7.5012
7.45228
7.42684
7.44903
7.46552
7.44617
7.46574
7.55748
7.52548
7.45475
7.43425
7.47397
7.35807
7.37007
7.35313
7.341
7.40552
7.48414
7.57637
7.574
7.60374
7.65042
7.58558
7.59252
7.49397
7.49012
7.49058
7.39714
7.31916
7.28961
7.34373
7.45617
7.40949
7.38575
7.39886
7.37549
7.46571
7.53929
7.54105
7.62753
7.58138
7.49515
7.40898
7.31324
7.39895
7.42592
7.5027
7.47957
7.51805
7.59191
7.68598
7.68336
7.68336
7.64286
7.55819
7.59092
7.55926
7.62864
7.5327
7.64133
7.61616
7.70087
7.69273
7.59566
7.6131
7.57491
7.576
7.57989
7.70324
7.74903
7.85754
7.79823
7.83649
7.82381
7.87034
7.83306
7.76404
7.77297
7.79187
7.71694
7.70548
7.80068
7.74217
7.78222
7.90417
7.87848
7.85727
7.87461
7.89356
7.88928
7.88631
7.85879
7.81305
7.95124
7.91688
7.77589
7.79068
7.89746
7.96623
8.0242
8.12059
7.95885
7.87581
7.75269
7.8497
7.749
7.75699
7.70291
7.66968
7.64375
7.57488
7.6549
7.61742
7.52896
7.47168
7.45246
7.47254
7.56163
7.57523
7.59223
7.65353
7.70671
7.77633
7.78163
7.82229
7.85175
7.87114
8.01485
8.11112
8.27099
8.13071
8.0417
8.09383
7.98977
7.93939
8.01372
7.97586
8.00644
8.04333
8.09801
8.0971
7.91969
7.87009
7.96431
8.00211
8.08145
7.96816
7.93137
7.79489
7.86472
7.90274
7.85868
7.95451
7.97714
7.90195
7.88828
7.85102
7.90545
7.92925
8.04437
8.09283
8.0124
7.96604
7.83869
7.75688
7.79733
7.82607
7.85899
7.94997
7.92136
7.86166
7.73861
7.61925
7.69016
7.62315
7.67259
7.75343
7.72381
7.70458
7.71026
7.66702
7.74338
8.02351
7.91625
7.98596
7.89758
7.93051
7.88731
7.97071
8.03922
8.13209
8.0195
7.95027
7.97439
7.94794
7.97861
7.92186
7.86804
7.88691
7.93123
7.87194
7.98789
7.9612
8.00987
8.01752
8.08935
8.02088
8.04231
8.12227
8.095
8.09449
8.04526
8.06477
8.2271
8.17024
8.07134
8.0335
7.9853
8.09903
8.16905
8.25386
8.33366
8.18429
8.20815
8.13498
8.20749
8.28138
8.32199
8.38438
8.36082
8.3237
8.2266
8.0734
8.12026
8.19832
8.13046
8.00752
8.04018
8.01643
8.0303
8.0415
8.12647
8.06832
8.01757
8.04322
7.98896
7.88054
8.02437
8.12389
8.14563
8.2058
8.08185
7.98651
7.95193
7.91271
7.9413
8.07485
8.12951
8.05168
8.12134
8.15749
8.09689
8.20348
8.11791
8.1663
7.98775
8.02059
8.05863
8.05863
8.04875
8.03925
8.05991
8.04492
8.12522
8.01775
8.07582
8.06622
7.97631
8.03308
8.19013
8.28494
8.22802
8.06878
8.06903
8.04859
8.1494
8.26559
8.26644
8.19939
8.18373
8.23624
8.22702
8.20669
8.33654
8.32366
8.19185
8.37118
8.36101
8.29531
8.18819
8.15519
8.09344
8.18314
8.20591
8.2277
8.1344
8.11294
8.10941
8.2917
8.36356
8.36156
8.37165
8.3718
8.29174
8.20158
8.36358
8.32833
8.26083
8.3146
8.44374
8.38668
8.36349
8.30536
8.32149
8.19171
8.22907
8.18674
8.24448
8.29148
8.35771
8.4722
8.42567
8.36947
8.3023
8.27381
8.18285
8.24418
8.16702
8.30725
8.43586
8.53989
8.4769
8.43989
8.35225
8.20343
8.29651
8.36412
8.26753
8.43793
8.39592
8.50131
8.29549
8.40604
8.49526
8.56356
8.63216
8.64454
8.52794
8.63224
8.61054
8.61304
8.70246
8.61452
8.52774
8.64816
8.54483
8.47866
8.59359
8.61915
8.67489
8.55182
8.40479
8.35632
8.2895
8.20638
8.20164
8.31919
8.40629
8.4086
8.4208
8.39765
8.39819
8.3702
8.44282
8.49192
8.4621
8.44521
8.35714
8.43486
8.47237
8.45734
8.47309
8.43718
8.53808
8.53988
8.54664
8.31938
8.44951
8.48799
8.67761
8.7855
8.67701
8.69674
8.56462
8.50218
8.50064
8.55571
8.52281
8.72206
8.64007
8.6277
8.5688
8.64142
8.46499
8.5264
8.49879
