1.09913
1.09608
1.09061
1.08241
1.07102
1.05586
1.03623
1.01134
0.980428
0.942851
0.898313
0.847141
0.790579
0.730919
0.671424
0.615894
0.567903
0.530132
0.503949
0.489338
0.485177
0.489614
0.500464
0.515512
0.532758
0.550542
0.567583
0.582991
0.59625
0.607147
0.615672
0.621943
0.626074
0.628122
0.628072
0.6259
0.621649
0.615506
0.607858
0.599299
0.590549
0.582407
0.575714
0.57123
0.569529
0.570807
0.574765
0.580663
0.587544
0.594463
0.600641
0.605529
0.608778
0.610256
0.610019
0.608351
0.605712
0.6027
0.59994
0.597955
0.597093
0.597453
0.598906
0.601163
0.603861
0.606635
0.609162
0.611179
0.612471
0.612868
0.612218
0.610421
0.607417
0.603251
0.598139
0.592486
0.586888
0.581963
0.578153
0.575577
0.574003
0.573027
0.572287
0.571545
0.57065
0.569456
0.567768
0.565416
0.562417
0.559039
0.555768
0.553178
0.551763
0.551818
0.55339
0.55629
0.560161
0.56457
0.569046
0.573127
0.576388
0.578433
0.578968
0.577838
0.575111
0.571083
0.566249
0.561204
0.556542
0.552721
0.550018
0.548499
0.548091
0.548661
0.55006
0.552164
0.554867
0.558067
0.561619
0.565251
0.568554
0.571023
0.572218
0.571994
0.570671
0.569046
0.568236
0.569305
0.572896
0.579021
0.587044
0.595918
0.604477
0.611748
0.61714
0.620506
0.622078
0.62235
0.621886
0.621192
0.620584
0.620135
0.619713
0.619081
0.617954
0.616073
0.613293
0.609631
0.605282
0.600614
0.596079
0.592157
0.589172
0.58722
0.586135
0.585556
0.585106
0.584541
0.583834
0.583166
0.582844
0.583232
0.584627
0.587186
0.590867
0.595388
0.60026
0.604849
0.608469
0.610492
0.610452
0.60814
0.603731
0.597795
0.591206
0.584883
0.579505
0.575299
0.572063
0.569374
0.566897
0.5646
0.562796
0.562023
0.562815
0.565477
0.569878
0.575451
0.581336
0.586644
0.590668
0.593015
0.593634
0.592735
0.590703
0.587944
0.584813
0.581514
0.57815
0.574819
0.571657
0.568923
0.567007
0.566345
0.567348
0.570294
0.575229
0.581909
0.589818
0.598258
0.606453
0.613658
0.619269
0.622871
0.624227
0.623278
0.620144
0.615102
0.608589
0.601205
0.593614
0.586477
0.58036
0.575604
0.572301
0.570308
0.569311
0.56896
0.568965
0.569171
0.569548
0.570165
0.571135
0.572536
0.57436
0.576462
0.578603
0.580476
0.581791
0.582349
0.582073
0.581029
0.579423
0.577584
0.575875
0.574638
0.574123
0.574439
0.575525
0.577174
0.579058
0.58079
0.582034
0.582557
0.582279
0.581272
0.579726
0.577863
0.575879
0.573877
0.571897
0.569931
0.567975
0.566052
0.564205
0.56248
0.560903
0.55948
0.558231
0.557194
0.556471
0.556216
0.556612
0.557839
0.559964
0.562925
0.566513
0.57039
0.574197
0.577636
0.580534
0.58286
0.584663
0.58603
0.587046
0.587756
0.588204
0.588519
0.588955
0.589891
0.591697
0.59452
0.598172
0.602161
0.605872
0.608718
0.610231
0.610099
0.608076
0.603985
0.597756
0.589488
0.579582
0.568834
0.558424
0.549729
0.543999
0.541948
0.543531
0.547938
0.553879
0.55995
0.56493
0.567927
0.568469
0.566505
0.562357
0.556642
0.550175
0.543826
0.538357
0.534337
0.532057
0.53155
0.532636
0.535018
0.538316
0.54211
0.545993
0.549604
0.552694
0.555133
0.556921
0.558153
0.558966
0.559492
0.559798
0.559779
0.559142
0.557476
0.554415
0.549833
0.543942
0.53729
0.530652
0.524876
0.520695
0.518614
0.518824
0.521196
0.525307
0.530552
0.536237
0.541674
0.546295
0.549678
0.551605
0.552071
0.55131
0.549763
0.547994
0.546577
0.545992
0.54657
0.548479
0.551804
0.556542
0.562581
0.569718
0.577638
0.585928
0.594112
0.601704
0.60827
0.613482
0.617119
0.619075
0.619329
0.617951
0.615116
0.611121
0.606354
0.601262
0.596277
0.591694
0.587621
0.583957
0.580449
0.576819
0.572906
0.568728
0.56446
0.560333
0.556534
0.553095
0.549897
0.546733
0.543434
0.539996
0.536597
0.533621
0.53155
0.530809
0.531617
0.533924
0.537477
0.541969
0.547159
0.552937
0.559342
0.566473
0.574403
0.583116
0.592445
0.602086
0.611564
0.620326
0.627822
0.633589
0.637341
0.639042
0.638867
0.637133
0.634168
0.630196
0.625247
0.61917
0.611714
0.602636
0.591824
0.579445
0.566034
0.552516
0.540126
0.530178
0.523794
0.521587
0.523499
0.528847
0.536568
0.545507
0.554651
0.563237
0.570746
0.576819
0.58123
0.583902
0.584937
0.584624
0.583419
0.581847
0.580377
0.579271
0.578577
0.578126
0.577626
0.576773
0.575369
0.57333
0.570704
0.567609
0.56414
0.560335
0.55614
0.551482
0.546352
0.540877
0.535336
0.530165
0.52588
0.522974
0.52177
0.522352
0.524559
0.528047
0.532429
0.537385
0.542695
0.548212
0.553856
0.559532
0.56511
0.570418
0.575261
0.579418
0.5827
0.584931
0.585985
0.585787
0.584249
0.581302
0.576898
0.571041
0.563837
0.555493
0.546366
0.536949
0.527801
0.51946
0.512376
0.506862
0.503103
0.50117
0.501074
0.502788
0.506218
0.51117
0.51732
0.524213
0.531325
0.538128
0.544178
0.549179
0.552982
0.555529
0.556833
0.5569
0.555714
0.553269
0.549632
0.544982
0.539649
0.534083
0.528812
0.524339
0.521045
0.519144
0.518695
0.519636
0.521796
0.52497
0.528879
0.533123
0.537193
0.540539
0.542684
0.543336
0.54246
0.540252
0.53708
0.533407
0.529722
0.526501
0.524159
0.522998
0.523168
0.52463
0.527133
0.53028
0.533659
0.536981
0.540178
0.543381
0.546815
0.550633
0.554776
0.558996
0.562932
0.566213
0.56855
0.569793
0.56996
0.569209
0.567787
0.565928
0.563819
0.561559
0.559198
0.556734
0.554114
0.551232
0.547971
0.544225
0.539957
0.535196
0.530014
0.52454
0.518936
0.51337
0.507995
0.502913
0.498159
0.493758
0.489761
0.486256
0.48334
0.481085
0.479512
0.478584
0.478194
0.478208
0.478533
0.479157
0.48015
0.481613
0.483595
0.486058
0.48888
0.491875
0.494869
0.497767
0.500645
0.503731
0.507391
0.512005
0.517801
0.524738
0.532454
0.540323
0.547617
0.553652
0.55793
0.560164
0.56029
0.558439
0.554832
0.549764
0.543584
0.536695
0.529532
0.522555
0.516226
0.510941
0.506993
0.504491
0.503377
0.503461
0.504492
0.506217
0.508409
0.510898
0.513544
0.516257
0.51903
0.521939
0.525086
0.528527
0.532213
0.535947
0.539386
0.542119
0.543738
0.54394
0.542591
0.539775
0.535787
0.531045
0.526019
0.521142
0.516761
0.513089
0.510199
0.508036
0.506447
0.505217
0.504087
0.502798
0.501143
0.498988
0.496316
0.49325
0.49003
0.486966
0.484385
0.482567
0.48166
0.481689
0.482583
0.48428
0.48675
0.489996
0.494024
0.498761
0.504032
0.509575
0.515069
0.520239
0.524898
0.529007
0.532662
0.536087
0.539559
0.543337
0.547578
0.552277
0.55724
0.562124
0.566493
0.569924
0.572119
0.572965
0.572548
0.571168
0.56929
0.567478
0.566284
0.566165
0.56739
0.569984
0.573741
0.57828
0.583178
0.588045
0.592576
0.596564
0.599807
0.602081
0.603126
0.602665
0.600485
0.596479
0.590747
0.583621
0.575682
0.567678
0.560417
0.554602
0.550649
0.548573
0.548089
0.548787
0.550309
0.552398
0.554884
0.557551
0.560054
0.562017
0.563179
0.563497
0.563152
0.56249
0.561937
0.561858
0.562496
0.563932
0.566068
0.568658
0.571411
0.574103
0.576609
0.57893
0.581168
0.583484
0.586033
0.588933
0.592202
0.595762
0.599391
0.602778
0.605555
0.607337
0.607752
0.606479
0.603345
0.598377
0.591803
0.584119
0.576017
0.568256
0.561545
0.556359
0.552892
0.551046
0.550501
0.550844
0.551668
0.552663
0.553645
0.554599
0.555639
0.556961
0.558805
0.561375
0.564765
0.568883
0.573374
0.577645
0.580962
0.582614
0.582072
0.579112
0.573945
0.567248
0.560084
0.55369
0.549136
0.54698
0.547107
0.548963
0.551942
0.555711
0.560233
0.565595
0.571758
0.578411
0.584986
0.590798
0.595242
0.597922
0.59869
0.597634
0.595014
0.591145
0.586308
0.5807
0.574386
0.567333
0.55954
0.551213
0.542872
0.535368
0.529724
0.526856
0.527295
0.531018
0.537539
0.546061
0.555678
0.565442
0.574484
0.582073
0.587689
0.591071
0.592237
0.591449
0.589159
0.585894
0.582156
0.578326
0.574628
0.571143
0.567869
0.564825
0.562116
0.559969
0.558666
0.558453
0.559436
0.561522
0.564455
0.567927
0.571669
0.575501
0.579338
0.58317
0.586977
0.5907
0.594201
0.597284
0.599716
0.601277
0.601764
0.600985
0.598777
0.595042
0.58973
0.582851
0.574496
0.564842
0.554182
0.542981
0.531892
0.521788
0.513678
0.508541
0.507072
0.50944
0.515204
0.523426
0.532875
0.542339
0.55084
0.557762
0.562904
0.566439
0.568791
0.57045
0.571786
0.572929
0.573717
0.573832
0.572956
0.570867
0.567505
0.56293
0.557318
0.550917
0.54406
0.537185
0.53085
0.525761
0.52267
0.522217
0.524707
0.52992
0.537072
0.545003
0.552457
0.558396
0.5622
0.563685
0.563082
0.560907
0.557818
0.554463
0.551411
0.549094
0.54783
0.54783
0.549203
0.551976
0.556063
0.561239
0.567145
0.573314
0.579209
0.584299
0.588138
0.590442
0.591161
0.590466
0.588725
0.58645
0.584206
0.582422
0.581322
0.580814
0.580554
0.5801
0.579147
0.577735
0.57633
0.575744
0.576752
0.579681
0.584156
0.589217
0.593769
0.596951
0.598347
0.59797
0.59608
0.592987
0.588997
0.584341
0.579177
0.57363
0.567785
0.561712
0.555432
0.548941
0.542228
0.535296
0.528218
0.521184
0.514527
0.508713
0.504273
0.501744
0.501512
0.503768
0.508425
0.515143
0.523354
0.53239
0.541562
0.550233
0.557888
0.564152
0.568765
0.571572
0.572507
0.571564
0.568833
0.564544
0.559108
0.553143
0.547358
0.542398
0.538691
0.536405
0.535508
0.535906
0.537511
0.540221
0.543899
0.54829
0.553044
0.557718
0.561852
0.565005
0.566831
0.567119
0.565785
0.562887
0.558599
0.55318
0.546968
0.540358
0.533796
1.08935
1.07298
1.05225
1.02827
1.00206
0.974589
0.946781
0.919711
0.894599
0.872766
0.855463
0.843729
0.838249
0.839296
0.84672
0.859973
0.87808
0.899665
0.922946
0.945873
0.966318
0.982388
0.992617
0.996161
0.992888
0.983456
0.969312
0.952551
0.935508
0.919992
0.906657
0.894968
0.883856
0.872533
0.860935
0.849666
0.8397
0.832149
0.828184
0.828815
0.834645
0.845533
0.86053
0.877995
0.89592
0.912446
0.926202
0.936412
0.942782
0.945258
0.943864
0.938698
0.930073
0.918676
0.905571
0.892115
0.879695
0.869403
0.861776
0.856816
0.854209
0.853636
0.854984
0.858392
0.864108
0.872327
0.883042
0.895979
0.91054
0.925775
0.940358
0.95272
0.961263
0.964602
0.961935
0.953292
0.93968
0.923099
0.906296
0.892081
0.882336
0.877277
0.875802
0.876635
0.879237
0.883701
0.88995
0.897152
0.903679
0.907757
0.908159
0.904854
0.899121
0.892994
0.888181
0.885242
0.883706
0.88283
0.882349
0.882685
0.884761
0.889716
0.898464
0.911232
0.927162
0.944303
0.960074
0.972009
0.978284
0.977966
0.971215
0.959292
0.944326
0.928705
0.914339
0.902358
0.893269
0.887293
0.884513
0.884809
0.887782
0.892729
0.898685
0.904518
0.909132
0.911613
0.9113
0.907805
0.901054
0.891496
0.880451
0.870397
0.864377
0.864484
0.870562
0.880657
0.892567
0.904801
0.916511
0.927058
0.935682
0.941532
0.943962
0.942863
0.938843
0.933173
0.927514
0.923451
0.922057
0.923666
0.927912
0.933926
0.9405
0.946341
0.950274
0.951448
0.949409
0.944085
0.935713
0.92468
0.91146
0.896548
0.880439
0.863725
0.847181
0.831744
0.818459
0.808288
0.801939
0.799819
0.802093
0.808814
0.819977
0.835445
0.854694
0.87659
0.899376
0.920921
0.939107
0.952187
0.958972
0.958958
0.952429
0.940489
0.925039
0.9084
0.8928
0.879846
0.870262
0.863994
0.860605
0.859712
0.861267
0.86548
0.872505
0.882132
0.893775
0.906686
0.920131
0.933359
0.945597
0.956078
0.9642
0.969709
0.972757
0.973812
0.973409
0.971823
0.968817
0.963693
0.955787
0.94512
0.932818
0.921138
0.912905
0.910573
0.915275
0.926334
0.941501
0.95777
0.972228
0.982786
0.98834
0.988666
0.984186
0.975735
0.964427
0.951523
0.938285
0.925761
0.91467
0.905323
0.897681
0.891414
0.886051
0.881038
0.875855
0.870137
0.863846
0.857416
0.851736
0.847949
0.847054
0.849508
0.855034
0.862753
0.871508
0.880231
0.888165
0.894943
0.900482
0.905022
0.909126
0.913359
0.91773
0.921347
0.922749
0.920688
0.914777
0.905688
0.894896
0.884218
0.875331
0.869409
0.866959
0.867856
0.871598
0.877675
0.88576
0.895606
0.906682
0.917897
0.927685
0.934428
0.936916
0.934655
0.927937
0.917725
0.905468
0.892858
0.881658
0.873487
0.869454
0.869797
0.873742
0.879709
0.885927
0.890998
0.894233
0.895728
0.896236
0.896929
0.898987
0.903217
0.909774
0.918289
0.928094
0.938571
0.949183
0.959294
0.968081
0.974582
0.977843
0.977133
0.972135
0.962992
0.950347
0.935247
0.919038
0.903184
0.889034
0.877641
0.869532
0.86453
0.861796
0.860001
0.857721
0.85388
0.848144
0.841144
0.834456
0.830225
0.830486
0.836353
0.84744
0.861773
0.876365
0.888168
0.895005
0.896234
0.892708
0.88607
0.877832
0.868903
0.859766
0.850745
0.842063
0.833774
0.825897
0.818624
0.812398
0.807637
0.804266
0.80163
0.798964
0.796175
0.794265
0.795106
0.800559
0.811401
0.826671
0.843925
0.860251
0.873306
0.881857
0.885835
0.88603
0.883702
0.880302
0.877234
0.875669
0.87642
0.879924
0.886257
0.895211
0.906402
0.919276
0.933135
0.947142
0.960356
0.971776
0.980385
0.985243
0.985662
0.981435
0.973074
0.961887
0.949648
0.93799
0.927794
0.919009
0.91099
0.903143
0.89522
0.887255
0.879364
0.871633
0.864217
0.857529
0.85232
0.849563
0.850113
0.854362
0.861935
0.871649
0.881758
0.890319
0.895752
0.897227
0.894975
0.890269
0.885013
0.881018
0.87937
0.880181
0.882782
0.886223
0.889627
0.892436
0.894452
0.895827
0.897067
0.898896
0.901926
0.906368
0.911956
0.918179
0.924569
0.930793
0.936599
0.941642
0.945461
0.947483
0.9472
0.944345
0.939081
0.931985
0.923964
0.916033
0.909145
0.903921
0.900624
0.899104
0.898883
0.89926
0.899465
0.898736
0.896448
0.892242
0.886078
0.878229
0.869196
0.859588
0.850047
0.841209
0.833673
0.828077
0.825266
0.826368
0.832404
0.843494
0.858577
0.87603
0.894488
0.913182
0.93173
0.949774
0.966762
0.981948
0.994493
1.00368
1.00893
1.00985
1.00621
0.997943
0.985251
0.968758
0.949669
0.929824
0.911463
0.89678
0.887349
0.883641
0.884898
0.889427
0.895171
0.900275
0.903476
0.904193
0.902475
0.898818
0.893987
0.888851
0.884091
0.879981
0.87625
0.872201
0.867008
0.860102
0.851403
0.841414
0.831166
0.822004
0.815398
0.812741
0.81499
0.822239
0.833441
0.846465
0.858719
0.86794
0.872785
0.8731
0.869912
0.86523
0.861595
0.861224
0.864987
0.871957
0.880043
0.887212
0.892323
0.895227
0.896367
0.896287
0.895398
0.893952
0.892145
0.890208
0.888401
0.88693
0.885905
0.885357
0.885307
0.885853
0.887198
0.889655
0.893608
0.899325
0.906662
0.91492
0.923041
0.929984
0.934925
0.93724
0.936484
0.932438
0.925493
0.917004
0.909112
0.90355
0.900369
0.898055
0.895018
0.890971
0.887047
0.884813
0.885128
0.887588
0.890904
0.893742
0.895399
0.895925
0.895798
0.895473
0.895076
0.894312
0.89274
0.890124
0.886679
0.883097
0.880187
0.878459
0.877848
0.877806
0.877708
0.877377
0.877185
0.877576
0.878457
0.879085
0.878634
0.876853
0.874209
0.871583
0.869799
0.869254
0.869768
0.870647
0.871009
0.870125
0.867638
0.863676
0.858663
0.853027
0.847118
0.841277
0.836072
0.832406
0.831325
0.833599
0.839233
0.847376
0.85651
0.865131
0.872307
0.878024
0.883112
0.888688
0.895521
0.903651
0.91242
0.920796
0.927666
0.931964
0.932796
0.929566
0.922181
0.91116
0.897606
0.883114
0.869624
0.859159
0.853351
0.852982
0.857966
0.867624
0.880929
0.896329
0.911721
0.924704
0.933163
0.935677
0.931683
0.921394
0.905663
0.885788
0.863407
0.840282
0.818147
0.798532
0.782768
0.772108
0.767764
0.770491
0.780041
0.795081
0.813732
0.834289
0.855477
0.876347
0.896121
0.914145
0.929905
0.943053
0.953263
0.960049
0.962819
0.960941
0.954076
0.94249
0.927121
0.909417
0.890934
0.872926
0.856343
0.841955
0.830468
0.822342
0.81759
0.81585
0.816811
0.820415
0.82668
0.835409
0.846027
0.857709
0.869574
0.880827
0.890777
0.898795
0.904351
0.907106
0.907046
0.90451
0.900086
0.894556
0.88875
0.883444
0.879231
0.876393
0.87487
0.874312
0.874213
0.874143
0.873878
0.87342
0.872836
0.872079
0.870885
0.868773
0.865223
0.85992
0.853025
0.845277
0.837819
0.831739
0.827596
0.825323
0.824635
0.825447
0.828118
0.833201
0.84108
0.851639
0.864273
0.878109
0.892293
0.906251
0.919806
0.933038
0.946093
0.958931
0.971176
0.982015
0.990302
0.994862
0.994778
0.989766
0.980364
0.967897
0.954202
0.941176
0.930328
0.922431
0.91751
0.91505
0.914367
0.915098
0.917434
0.922075
0.929869
0.941115
0.954904
0.968988
0.980574
0.987428
0.988626
0.984638
0.976798
0.966637
0.955351
0.943688
0.932086
0.920966
0.910952
0.902857
0.897516
0.895401
0.896301
0.899169
0.902262
0.903642
0.901745
0.895824
0.886134
0.873757
0.86031
0.847542
0.83702
0.829925
0.826943
0.828239
0.833433
0.84171
0.851967
0.862941
0.873313
0.881887
0.887844
0.891014
0.892006
0.892113
0.892935
0.895802
0.901313
0.909182
0.918413
0.927689
0.93573
0.941563
0.944691
0.945118
0.943259
0.939774
0.935462
0.931095
0.927239
0.924101
0.92156
0.919344
0.917258
0.915235
0.913341
0.911788
0.910969
0.911405
0.91347
0.916989
0.921021
0.924078
0.924747
0.922376
0.917545
0.911955
0.907672
0.905972
0.906804
0.909193
0.912008
0.914457
0.916051
0.916391
0.915023
0.911515
0.905655
0.897591
0.887799
0.877017
0.866332
0.857369
0.852176
0.852429
0.858386
0.868547
0.880283
0.89093
0.89867
0.902886
0.904066
0.903368
0.902153
0.901667
0.90281
0.905927
0.910646
0.915968
0.920636
0.923603
0.924423
0.923369
0.921275
0.9191
0.917536
0.916732
0.916291
0.915591
0.914244
0.912357
0.910558
0.909648
0.910231
0.912458
0.915928
0.919777
0.922863
0.924051
0.922497
0.917943
0.911002
0.903374
0.89748
0.895286
0.89701
0.900888
0.904398
0.905661
0.90406
0.900062
0.894564
0.888432
0.882249
0.876279
0.87063
0.865397
0.860824
0.857354
0.855512
0.855763
0.858319
0.863036
0.869445
0.876833
0.884362
0.891182
0.896667
0.900566
0.90302
0.904517
0.905788
0.907726
0.911236
0.917076
0.925577
0.936513
0.949135
0.962323
0.97482
0.985439
0.993222
0.997556
0.998169
0.995104
0.988627
0.979208
0.96744
0.953957
0.939389
0.924416
0.910015
0.897608
0.888805
0.88456
0.884422
0.886633
0.889165
0.8907
0.890845
0.889824
0.888011
0.885715
0.883235
0.881014
0.879595
0.879355
0.880215
0.88164
0.883005
0.883978
0.884633
0.885316
0.886392
0.88801
0.890071
0.892327
0.894357
0.895576
0.895269
0.892785
0.887775
0.880375
0.871291
0.861654
0.852757
0.845715
0.841243
0.83949
0.840167
0.842707
0.846498
0.851028
0.85595
0.860985
0.865727
0.869668
0.872325
0.873486
0.873371
0.872655
0.872288
0.87314
0.875612
0.879315
0.883025
0.884917
0.883134
0.876431
0.864673
0.849077
0.832125
0.817098
0.80705
0.803491
0.805781
0.81188
0.819671
0.827789
0.835771
0.843772
0.852256
0.861684
0.87231
0.883978
0.896138
0.907997
0.918739
0.927718
0.934548
0.939051
0.941141
0.940774
0.937989
0.932994
0.926306
0.918706
0.91118
0.90477
0.900397
0.898712
0.899859
1.10314
1.10497
1.1044
1.10081
1.09376
1.08314
1.06919
1.05267
1.03473
1.01671
0.999876
0.985177
0.973119
0.963889
0.957864
0.956013
0.959562
0.969094
0.983799
1.00138
1.01884
1.03353
1.044
1.05007
1.05237
1.05162
1.04823
1.04208
1.0328
1.02035
1.00568
0.990812
0.978434
0.970975
0.969819
0.974988
0.985335
0.99912
1.01447
1.02964
1.04331
1.05504
1.06553
1.07592
1.08642
1.09562
1.10136
1.10211
1.09752
1.08824
1.07553
1.06096
1.04627
1.03317
1.02313
1.01698
1.01466
1.0153
1.01762
1.02054
1.02348
1.02627
1.02901
1.03189
1.03522
1.03922
1.04393
1.04899
1.05381
1.05777
1.06052
1.06219
1.06344
1.06523
1.06843
1.07317
1.07848
1.08256
1.08347
1.0799
1.07166
1.05965
1.04574
1.0324
1.02195
1.01557
1.01275
1.01194
1.01178
1.01197
1.01329
1.01705
1.0241
1.0342
1.04602
1.05774
1.06784
1.07558
1.08113
1.08509
1.08779
1.08898
1.08803
1.08443
1.07832
1.07058
1.06249
1.05523
1.04945
1.045
1.0411
1.03677
1.03126
1.02428
1.01601
1.00699
0.997795
0.988777
0.979918
0.970837
0.96099
0.949909
0.937531
0.924514
0.912383
0.903333
0.899753
0.90341
0.914638
0.931947
0.952466
0.973022
0.991221
1.00609
1.0181
1.02865
1.03913
1.05001
1.06049
1.06893
1.07382
1.07447
1.07118
1.06491
1.05693
1.04858
1.04118
1.03586
1.03342
1.03408
1.03725
1.0415
1.04491
1.04583
1.04333
1.03731
1.02829
1.01742
1.00637
0.996872
0.990368
0.987792
0.989549
0.995603
1.00533
1.01744
1.03021
1.04174
1.05029
1.05437
1.0527
1.04442
1.02933
1.00832
0.98391
0.960453
0.943275
0.936534
0.941004
0.953892
0.970741
0.98753
1.00172
1.01228
1.01931
1.02369
1.02659
1.02906
1.03166
1.03414
1.03578
1.03594
1.03473
1.03292
1.03138
1.03048
1.02998
1.02914
1.02707
1.02284
1.01582
1.00594
0.993934
0.981275
0.969974
0.962069
0.959007
0.961187
0.967841
0.977338
0.987701
0.997052
1.00396
1.00758
1.00761
1.00425
0.99811
0.990081
0.981169
0.972233
0.963803
0.955952
0.948408
0.940802
0.932949
0.925027
0.917533
0.911073
0.906044
0.902484
0.900183
0.899085
0.899557
0.902423
0.908686
0.919225
0.934555
0.954576
0.978333
1.00398
1.02899
1.05059
1.06635
1.07466
1.07511
1.06861
1.05728
1.04406
1.03215
1.02406
1.02105
1.02293
1.02851
1.03626
1.04465
1.05219
1.05742
1.0591
1.05669
1.05071
1.04279
1.03515
1.02962
1.02678
1.02582
1.02522
1.02364
1.02041
1.01539
1.00885
1.00134
0.993721
0.986855
0.981426
0.97786
0.976528
0.97797
0.982742
0.990976
1.00201
1.01451
1.02706
1.03877
1.04944
1.05932
1.06863
1.07725
1.08481
1.09086
1.09493
1.09643
1.09472
1.08929
1.08004
1.06742
1.05224
1.03546
1.01789
1.00016
0.98272
0.966159
0.95135
0.939409
0.931405
0.92802
0.929336
0.934922
0.944119
0.956123
0.96991
0.984257
0.998063
1.01073
1.0222
1.03259
1.0417
1.0488
1.0528
1.05278
1.04843
1.04039
1.03021
1.01998
1.01161
1.00629
1.00427
1.00494
1.00706
1.00919
1.01011
1.00923
1.00679
1.0038
1.00166
1.00168
1.00462
1.01043
1.01844
1.02768
1.03703
1.0451
1.05017
1.05045
1.04485
1.03412
1.02119
1.00983
1.00209
0.997237
0.993449
0.989593
0.985413
0.981005
0.976671
0.973135
0.971698
0.974017
0.981422
0.994225
1.01134
1.03055
1.04945
1.06624
1.08009
1.09088
1.09878
1.10386
1.106
1.10491
1.10043
1.0926
1.08172
1.06834
1.05334
1.03799
1.02391
1.01301
1.00704
1.00691
1.01197
1.02019
1.02905
1.03636
1.04061
1.04141
1.03972
1.03793
1.03922
1.04634
1.0603
1.07975
1.10143
1.12137
1.13613
1.14364
1.14362
1.13744
1.12753
1.11654
1.10622
1.09691
1.08785
1.07813
1.06787
1.05879
1.05372
1.0551
1.06339
1.0766
1.09131
1.10419
1.11299
1.11679
1.11579
1.11096
1.10368
1.09536
1.08702
1.07912
1.07152
1.06369
1.05497
1.04486
1.03317
1.02001
1.00574
0.991042
0.977035
0.965352
0.957762
0.95563
0.959314
0.967973
0.979861
0.992955
1.00558
1.01673
1.02631
1.03496
1.04384
1.05408
1.06624
1.08001
1.09432
1.10783
1.1193
1.12784
1.13285
1.134
1.13128
1.1252
1.11683
1.10774
1.09942
1.09256
1.08669
1.08041
1.07257
1.06311
1.05313
1.04415
1.03718
1.03215
1.0281
1.02362
1.01739
1.00863
0.997434
0.984667
0.971725
0.960088
0.95096
0.945089
0.942882
0.944509
0.95001
0.959225
0.971533
0.985693
0.999903
1.01225
1.02121
1.026
1.02668
1.02411
1.01958
1.0144
1.00954
1.00546
1.00217
0.999493
0.997345
0.995913
0.995616
0.996956
1.00033
1.00583
1.01293
1.02027
1.02584
1.02765
1.02449
1.01624
1.00381
0.988792
0.973001
0.958126
0.945677
0.937091
0.933782
0.936796
0.946188
0.960685
0.977891
0.994981
1.00943
1.01946
1.02429
1.02419
1.02044
1.01502
1.01021
1.00785
1.00862
1.0117
1.01509
1.01653
1.01441
1.00837
0.99943
0.989728
0.982094
0.979382
0.9836
0.995179
1.01289
1.03439
1.05698
1.07804
1.09528
1.10683
1.1114
1.1086
1.09908
1.08474
1.06848
1.05364
1.04286
1.03717
1.0357
1.03631
1.0367
1.03542
1.03237
1.02852
1.02505
1.0226
1.02106
1.01992
1.01874
1.01721
1.01505
1.01194
1.00769
1.00238
0.996528
0.990973
0.986598
0.984099
0.983757
0.985328
0.988051
0.990814
0.992576
0.992813
0.991752
0.990358
0.989999
0.992018
0.997328
1.00596
1.01692
1.02834
1.03807
1.04439
1.04658
1.04507
1.04115
1.03645
1.03241
1.02986
1.02909
1.03025
1.03401
1.04195
1.0558
1.07569
1.09927
1.12269
1.14231
1.15555
1.16101
1.15818
1.14725
1.12893
1.10439
1.07517
1.04312
1.01031
0.978864
0.950898
0.928385
0.913155
0.906462
0.908041
0.915647
0.926167
0.937452
0.94908
0.961608
0.97518
0.988739
1.00035
1.00792
1.00986
1.00562
0.996382
0.985277
0.976643
0.974286
0.979867
0.992759
1.01114
1.03289
1.05596
1.07832
1.09805
1.11344
1.1232
1.12654
1.12336
1.11426
1.1003
1.08273
1.06272
1.04117
1.01885
0.996693
0.975854
0.957616
0.943088
0.932864
0.926955
0.925014
0.926685
0.931812
0.940266
0.951664
0.965181
0.979642
0.993838
1.00685
1.01833
1.02836
1.03726
1.04518
1.05206
1.05772
1.062
1.06468
1.06532
1.06335
1.05843
1.05081
1.04144
1.03168
1.02299
1.01672
1.01386
1.01498
1.02007
1.02853
1.03914
1.0503
1.06015
1.06712
1.07023
1.06942
1.06543
1.05943
1.05246
1.04492
1.0365
1.02654
1.01463
1.00109
0.987107
0.974431
0.964756
0.959051
0.95727
0.958564
0.961791
0.965944
0.970362
0.974778
0.979183
0.983672
0.988305
0.993067
0.997891
1.00269
1.00744
1.01214
1.01684
1.02157
1.02627
1.03071
1.03462
1.03784
1.04016
1.04109
1.04018
1.03736
1.03345
1.03017
1.02955
1.03291
1.04004
1.04908
1.05732
1.06228
1.06242
1.05738
1.04802
1.0362
1.02447
1.01563
1.01198
1.0145
1.02226
1.03294
1.04373
1.05211
1.05609
1.0542
1.04579
1.03146
1.01336
0.99511
0.980921
0.974102
0.975954
0.985512
1.00027
1.01702
1.03246
1.04384
1.04955
1.04953
1.04505
1.03794
1.02986
1.02203
1.01544
1.01091
1.00914
1.01083
1.0167
1.02672
1.03932
1.05164
1.0608
1.06509
1.06406
1.05816
1.04827
1.03545
1.02105
1.00676
0.994577
0.986437
0.983566
0.986
0.992461
1.00083
1.00896
1.01536
1.01931
1.02072
1.0199
1.01722
1.01293
1.00692
0.998992
0.989083
0.977751
0.9662
0.956016
0.948952
0.946779
0.950775
0.960865
0.975279
0.991228
1.00603
1.01791
1.02617
1.03088
1.0325
1.03154
1.02839
1.02333
1.01665
1.00879
1.00045
0.992511
0.985824
0.981004
0.978249
0.977301
0.977545
0.978208
0.978549
0.97801
0.976254
0.973185
0.968883
0.963509
0.957221
0.950352
0.943706
0.938959
0.938612
0.945137
0.959516
0.980408
1.0047
1.02871
1.04907
1.0631
1.06897
1.0658
1.05386
1.03462
1.01085
0.986618
0.96656
0.954712
0.953188
0.961623
0.97763
0.99796
1.01956
1.04004
1.05785
1.07224
1.08309
1.09082
1.09615
1.09977
1.10213
1.10343
1.1038
1.10342
1.10258
1.10143
1.09995
1.09786
1.09476
1.09024
1.08393
1.0756
1.06516
1.05296
1.03989
1.02713
1.01547
1.00496
0.995339
0.986524
0.978939
0.973371
0.970583
0.970885
0.973916
0.978695
0.984021
0.988974
0.993086
0.996232
0.998239
0.998828
0.997932
0.995955
0.993573
0.991366
0.98948
0.98761
0.985324
0.982472
0.979434
0.977006
0.976018
0.976881
0.979429
0.983049
0.986942
0.990345
0.992601
0.993245
0.992474
0.991688
0.993583
1.00109
1.01547
1.03526
1.05719
1.0776
1.09354
1.10299
1.10479
1.0986
1.08504
1.06588
1.04402
1.02319
1.00707
0.998311
0.998094
1.00637
1.02205
1.04279
1.06493
1.0842
1.097
1.10128
1.09684
1.08507
1.06841
1.04962
1.03096
1.01388
0.999023
0.986909
0.978352
0.974473
0.976264
0.984077
0.997536
1.01569
1.03714
1.06008
1.0822
1.10076
1.11289
1.11622
1.10955
1.09349
1.07045
1.04425
1.01921
0.999384
0.987886
0.986149
0.993498
1.00755
1.02507
1.04273
1.05766
1.06786
1.07238
1.07132
1.06562
1.05674
1.04618
1.03516
1.02441
1.01412
1.00417
0.99451
0.985493
0.978004
0.973138
0.971757
0.974082
0.979544
0.986998
0.99501
1.00216
1.00722
1.00939
1.00866
1.0062
1.00425
1.00504
1.00936
1.01589
1.02218
1.02606
1.10045
1.09633
1.08898
1.08104
1.07528
1.07353
1.07602
1.08148
1.08773
1.09214
1.09239
1.08718
1.07669
1.06254
1.04715
1.03276
1.02037
1.00958
0.999294
0.988896
0.979089
0.971868
0.969651
0.974125
0.985562
1.00285
1.02408
1.04705
1.06976
1.09051
1.10793
1.12103
1.12908
1.13178
1.12924
1.12195
1.11067
1.09629
1.08003
1.06366
1.04919
1.03789
1.02963
1.02344
1.01875
1.01592
1.016
1.01988
1.02719
1.0361
1.04448
1.05168
1.05887
1.06786
1.0796
1.09383
1.10947
1.12521
1.13975
1.15175
1.15992
1.16336
1.16181
1.15577
1.14652
1.13577
1.12504
1.11514
1.10595
1.09674
1.08655
1.07467
1.06083
1.0454
1.02936
1.01412
1.00131
0.992467
0.988734
0.990561
0.997721
1.00958
1.02527
1.04359
1.06284
1.08109
1.0966
1.10825
1.11571
1.11934
1.12005
1.11892
1.11704
1.1153
1.11426
1.11397
1.11391
1.1133
1.11135
1.10751
1.10138
1.09267
1.08126
1.06753
1.05268
1.03869
1.028
1.02291
1.02498
1.03427
1.04905
1.06649
1.08387
1.09923
1.11133
1.11938
1.12326
1.12362
1.12178
1.11924
1.11719
1.11627
1.11648
1.11732
1.11817
1.11855
1.11819
1.11713
1.11597
1.11582
1.11779
1.12195
1.12702
1.13137
1.13407
1.13521
1.13529
1.13458
1.13315
1.13109
1.12868
1.12614
1.12352
1.1206
1.11714
1.11313
1.10906
1.10595
1.10475
1.10553
1.10719
1.10791
1.10602
1.10046
1.09085
1.07731
1.06055
1.042
1.02373
1.00782
0.995486
0.986784
0.981012
0.97749
0.97604
0.976992
0.980847
0.987831
0.997705
1.00988
1.02366
1.03816
1.05232
1.06495
1.07525
1.0832
1.08984
1.09676
1.10489
1.1134
1.11976
1.12101
1.11527
1.10255
1.08463
1.06454
1.04589
1.03201
1.02524
1.02634
1.03456
1.04819
1.06496
1.08249
1.09848
1.11117
1.11958
1.12362
1.12376
1.12041
1.11371
1.10375
1.09121
1.07773
1.0658
1.05801
1.0559
1.05919
1.06607
1.07413
1.0813
1.08628
1.08827
1.08669
1.08097
1.07065
1.05561
1.03641
1.01464
0.993237
0.976106
0.966556
0.965537
0.971429
0.981426
0.993029
1.00463
1.01542
1.02507
1.03363
1.04133
1.04869
1.05632
1.06494
1.07514
1.08726
1.10123
1.11658
1.13259
1.14837
1.16297
1.17535
1.18442
1.18909
1.18839
1.18157
1.16829
1.14893
1.12512
1.09992
1.07724
1.06026
1.05008
1.0457
1.04513
1.04632
1.04758
1.04786
1.04668
1.04409
1.04042
1.03628
1.03236
1.02932
1.02765
1.02768
1.0296
1.03322
1.0379
1.04253
1.04588
1.04728
1.04727
1.04759
1.05029
1.05637
1.06525
1.07522
1.08445
1.09162
1.09599
1.09736
1.09603
1.09276
1.08862
1.08479
1.08194
1.07966
1.07645
1.07028
1.0595
1.04366
1.02391
1.00298
0.98475
0.973086
0.97053
0.977596
0.99303
1.01467
1.04026
1.06771
1.09504
1.1202
1.14113
1.15619
1.16456
1.16635
1.16253
1.15472
1.14481
1.13433
1.12382
1.11265
1.09983
1.08547
1.07196
1.06341
1.06249
1.06727
1.0724
1.0733
1.06858
1.05975
1.04971
1.04129
1.03587
1.03312
1.03168
1.03024
1.02821
1.02586
1.02418
1.02456
1.0283
1.0362
1.04815
1.06317
1.07973
1.09619
1.11119
1.12386
1.13374
1.14069
1.14477
1.14617
1.14519
1.14228
1.13797
1.1329
1.12769
1.1229
1.11871
1.1146
1.10963
1.10311
1.09527
1.08688
1.0786
1.07032
1.0613
1.05112
1.0405
1.03129
1.02541
1.0235
1.02429
1.02536
1.02456
1.02122
1.01646
1.01248
1.01135
1.01412
1.02071
1.0302
1.04112
1.05157
1.05944
1.06288
1.06086
1.05357
1.04235
1.02916
1.01616
1.00532
0.998378
0.996699
1.00102
1.01111
1.02576
1.04309
1.06104
1.07778
1.09195
1.1029
1.11075
1.11642
1.12129
1.12641
1.13172
1.13576
1.13625
1.13079
1.11775
1.09724
1.07215
1.04859
1.03416
1.03377
1.0459
1.06367
1.07992
1.09081
1.09605
1.09737
1.09707
1.097
1.09824
1.10107
1.10523
1.1103
1.11592
1.12183
1.12777
1.13336
1.13791
1.14052
1.1403
1.13667
1.12959
1.11969
1.10799
1.09548
1.08278
1.0702
1.05814
1.04721
1.03828
1.03244
1.03068
1.03366
1.04122
1.05238
1.06558
1.07943
1.09297
1.10578
1.11777
1.12889
1.13897
1.14768
1.15449
1.15878
1.15995
1.15755
1.1514
1.14187
1.13001
1.11785
1.10801
1.10242
1.10088
1.10085
1.09874
1.09166
1.07845
1.06
1.03904
1.01944
1.00492
0.997894
0.999136
1.00824
1.02391
1.04387
1.06485
1.08326
1.09605
1.10139
1.09876
1.08874
1.07287
1.05426
1.03781
1.02836
1.02736
1.0321
1.03859
1.04448
1.04953
1.05455
1.06029
1.06722
1.07579
1.08643
1.09872
1.111
1.12105
1.12739
1.13012
1.13061
1.1308
1.13237
1.13626
1.14246
1.15024
1.15841
1.16571
1.17105
1.17383
1.17406
1.17241
1.1699
1.16744
1.16539
1.1633
1.16016
1.15496
1.14723
1.1374
1.12674
1.11701
1.10981
1.10602
1.10554
1.10755
1.11095
1.115
1.11957
1.12514
1.13234
1.1414
1.15173
1.16203
1.17071
1.17643
1.17854
1.17717
1.17317
1.16763
1.16139
1.15469
1.14724
1.13864
1.12869
1.11789
1.10753
1.0995
1.09566
1.09698
1.10291
1.11167
1.12105
1.12914
1.13459
1.1365
1.13431
1.12781
1.11729
1.10363
1.08828
1.0731
1.05992
1.05006
1.04388
1.04087
1.04032
1.04183
1.04539
1.05107
1.05868
1.06776
1.0777
1.08774
1.09703
1.10471
1.11002
1.1126
1.11262
1.11078
1.108
1.10515
1.1028
1.10113
1.1
1.09907
1.09813
1.09727
1.09702
1.09826
1.10202
1.10904
1.11941
1.1323
1.14617
1.15922
1.16988
1.17727
1.18119
1.18209
1.18065
1.17745
1.17266
1.16593
1.15659
1.14405
1.12807
1.10905
1.088
1.06644
1.04623
1.02924
1.01704
1.0107
1.01048
1.01583
1.02546
1.0377
1.05081
1.06319
1.07343
1.08031
1.08278
1.08014
1.07261
1.06154
1.04911
1.03738
1.0274
1.01921
1.01267
1.008
1.00573
1.00614
1.00895
1.01341
1.01864
1.02398
1.02899
1.03323
1.03609
1.03715
1.03636
1.03415
1.03116
1.02803
1.02537
1.02376
1.02372
1.02553
1.02914
1.03411
1.03977
1.04536
1.05028
1.05402
1.05601
1.05545
1.05127
1.0425
1.02875
1.01083
0.990931
0.97223
0.957889
0.950114
0.949801
0.956745
0.970017
0.988243
1.00995
1.03368
1.05794
1.08097
1.10077
1.11525
1.12276
1.12269
1.11618
1.10628
1.09747
1.09403
1.09819
1.10936
1.12488
1.14152
1.15674
1.16911
1.17829
1.18462
1.18876
1.19144
1.19332
1.19486
1.19627
1.19758
1.19864
1.19898
1.19786
1.19449
1.18843
1.17984
1.1694
1.15803
1.14664
1.13603
1.12708
1.12074
1.11752
1.11696
1.1178
1.11857
1.11822
1.11649
1.11386
1.11108
1.10861
1.10638
1.10359
1.09915
1.09217
1.08238
1.07012
1.05611
1.04112
1.02605
1.01214
1.00136
0.996467
1.00011
1.01323
1.03361
1.05648
1.07697
1.092
1.10062
1.1034
1.10175
1.09748
1.0923
1.08736
1.08305
1.07926
1.07572
1.07238
1.06947
1.06745
1.06683
1.06806
1.07156
1.07775
1.08686
1.09847
1.11118
1.12293
1.13175
1.13651
1.13714
1.13447
1.12961
1.1235
1.11672
1.10961
1.10272
1.09707
1.09399
1.09449
1.09851
1.10498
1.11233
1.11905
1.12388
1.12573
1.12364
1.11696
1.10549
1.0898
1.07181
1.05481
1.04224
1.03588
1.03503
1.03747
1.04087
1.04363
1.04482
1.04398
1.04101
1.03622
1.0304
1.02465
1.01994
1.01683
1.01533
1.01515
1.0159
1.01725
1.0191
1.02172
1.02586
1.03259
1.0429
1.05712
1.07458
1.09369
1.11236
1.12845
1.14002
1.14547
1.14387
1.13567
1.12288
1.10799
1.09257
1.07699
1.06137
1.0464
1.03338
1.02372
1.01848
1.018
1.02186
1.02893
1.03755
1.04565
1.05119
1.05281
1.05046
1.04534
1.03925
1.03404
1.03143
1.03306
1.04027
1.05353
1.07183
1.09279
1.11345
1.13128
1.14485
1.15368
1.15782
1.15725
1.15175
1.14117
1.12605
1.10781
1.08813
1.06838
1.0496
1.03268
1.01812
1.00565
0.994304
0.983094
0.971699
0.961022
0.95303
0.949847
0.952449
0.960212
0.971569
0.984911
0.99889
1.01244
1.02489
1.03599
1.04559
1.05329
1.05825
1.05956
1.05669
1.05
1.04096
1.03182
1.02497
1.02191
1.02247
1.02486
1.02674
1.02647
1.02374
1.01924
1.01395
1.00862
1.0037
0.99963
0.99689
0.996011
0.99729
1.00071
1.00595
1.01276
1.02132
1.03231
1.04645
1.06386
1.08361
1.10375
1.12183
1.13578
1.14446
1.14792
1.14708
1.14323
1.13746
1.13043
1.12253
1.1141
1.10554
1.09723
1.08945
1.0822
1.07505
1.06734
1.0585
1.04854
1.03804
1.02805
1.01975
1.01402
1.01128
1.01142
1.01384
1.0176
1.02145
1.02417
1.02493
1.02378
1.02171
1.02042
1.02185
1.02751
1.03769
1.05105
1.06494
1.0766
1.08434
1.08798
1.08865
1.08804
1.08755
1.08774
1.08836
1.08895
1.08933
1.08996
1.09181
1.09585
1.10277
1.11266
1.12503
1.13894
1.15301
1.16563
1.17531
1.18103
1.1824
1.17974
1.17395
1.16644
1.15889
1.15276
1.14841
1.14493
1.14064
1.1341
1.12466
1.11236
1.09753
1.08055
1.0618
1.0421
1.02288
1.00615
0.99401
0.98805
0.988868
0.995888
1.00758
1.02197
1.03718
1.0519
1.06548
1.07771
1.08865
1.09852
1.10752
1.11546
1.12153
1.12418
1.12154
1.11215
1.09566
1.07312
1.0468
1.01926
0.992453
0.967495
