-6.02684e-25
-6.0264e-25
-6.02591e-25
-6.02495e-25
-6.02293e-25
-6.01944e-25
-6.01676e-25
-6.01085e-25
-6.00595e-25
-6.00057e-25
-5.99634e-25
-5.99305e-25
-5.99087e-25
-5.98827e-25
-5.98908e-25
-5.99081e-25
-5.99296e-25
-5.99472e-25
-5.99737e-25
-6.00066e-25
-6.00268e-25
-6.00604e-25
-6.00684e-25
-6.0082e-25
-6.00844e-25
-6.00897e-25
-6.00814e-25
-6.0095e-25
-6.00829e-25
-6.0086e-25
-6.00874e-25
-6.00774e-25
-6.00676e-25
-6.00674e-25
-6.00788e-25
-6.00767e-25
-6.00632e-25
-6.0058e-25
-6.00556e-25
-6.00488e-25
-6.00493e-25
-6.00591e-25
-6.00607e-25
-6.00753e-25
-6.00829e-25
-6.0075e-25
-6.0093e-25
-6.00899e-25
-6.00908e-25
-6.00958e-25
-6.01034e-25
-6.01101e-25
-6.01145e-25
-6.01053e-25
-6.00964e-25
-6.00999e-25
-6.01064e-25
-6.01005e-25
-6.01016e-25
-6.01035e-25
-6.01078e-25
-6.01062e-25
-6.0108e-25
-6.01073e-25
-6.01019e-25
-6.00979e-25
-6.00932e-25
-6.00901e-25
-6.00943e-25
-6.00924e-25
-6.00864e-25
-6.00842e-25
-6.00876e-25
-6.00875e-25
-6.00822e-25
-6.00875e-25
-6.00902e-25
-6.00882e-25
-6.00983e-25
-6.00986e-25
-6.0104e-25
-6.01028e-25
-6.0101e-25
-6.01028e-25
-6.01043e-25
-6.01112e-25
-6.01004e-25
-6.00933e-25
-6.01e-25
-6.00939e-25
-6.0087e-25
-6.00811e-25
-6.00818e-25
-6.00848e-25
-6.00972e-25
-6.01014e-25
-6.00951e-25
-6.00898e-25
-6.00933e-25
-6.00902e-25
-6.00785e-25
-6.00797e-25
-6.00766e-25
-6.0083e-25
-6.00841e-25
-6.00878e-25
-6.00811e-25
-6.00852e-25
-6.00845e-25
-6.00942e-25
-6.00869e-25
-6.00949e-25
-6.01085e-25
-6.0116e-25
-6.01058e-25
-6.01167e-25
-6.01236e-25
-6.01379e-25
-6.01364e-25
-6.01343e-25
-6.01273e-25
-6.01252e-25
-6.01206e-25
-6.01199e-25
-6.01243e-25
-6.0121e-25
-6.01295e-25
-6.01282e-25
-6.01333e-25
-6.01338e-25
-6.01384e-25
-6.01407e-25
-6.01274e-25
-6.01454e-25
-6.01357e-25
-6.01397e-25
-6.01405e-25
-6.01348e-25
-6.0132e-25
-6.01301e-25
-6.01284e-25
-6.01325e-25
-6.01343e-25
-6.01297e-25
-6.01304e-25
-6.01307e-25
-6.01309e-25
-6.01235e-25
-6.01129e-25
-6.01089e-25
-6.01077e-25
-6.01228e-25
-6.01229e-25
-6.0119e-25
-6.01241e-25
-6.01227e-25
-6.0115e-25
-6.01069e-25
-6.01029e-25
-6.00994e-25
-6.01043e-25
-6.01138e-25
-6.01063e-25
-6.01104e-25
-6.01124e-25
-6.01155e-25
-6.01252e-25
-6.01316e-25
-6.01233e-25
-6.01177e-25
-6.01193e-25
-6.0113e-25
-6.01037e-25
-6.01016e-25
-6.00878e-25
-6.0093e-25
-6.00991e-25
-6.01148e-25
-6.01181e-25
-6.01226e-25
-6.01209e-25
-6.01292e-25
-6.01288e-25
-6.01236e-25
-6.01309e-25
-6.01345e-25
-6.01393e-25
-6.01465e-25
-6.01442e-25
-6.01404e-25
-6.01374e-25
-6.01224e-25
-6.01289e-25
-6.01264e-25
-6.01208e-25
-6.01217e-25
-6.01174e-25
-6.01133e-25
-6.01365e-25
-6.01289e-25
-6.01275e-25
-6.01152e-25
-6.01134e-25
-6.01066e-25
-6.01005e-25
-6.01043e-25
-6.0108e-25
-6.01109e-25
-6.01164e-25
-6.01417e-25
-6.0152e-25
-6.01514e-25
-6.0144e-25
-6.01398e-25
-6.01277e-25
-6.01175e-25
-6.01175e-25
-6.01123e-25
-6.01081e-25
-6.01168e-25
-6.01267e-25
-6.01205e-25
-6.0121e-25
-6.01315e-25
-6.01362e-25
-6.01287e-25
-6.01283e-25
-6.01312e-25
-6.01336e-25
-6.013e-25
-6.01362e-25
-6.01329e-25
-6.01298e-25
-6.0121e-25
-6.01294e-25
-6.01239e-25
-6.01237e-25
-6.01209e-25
-6.01158e-25
-6.01065e-25
-6.0101e-25
-6.00978e-25
-6.00932e-25
-6.00892e-25
-6.00956e-25
-6.01084e-25
-6.01061e-25
-6.01096e-25
-6.01167e-25
-6.01175e-25
-6.01176e-25
-6.01227e-25
-6.01195e-25
-6.01219e-25
-6.01146e-25
-6.01134e-25
-6.01184e-25
-6.01199e-25
-6.01237e-25
-6.01295e-25
-6.01334e-25
-6.01373e-25
-6.0147e-25
-6.01529e-25
-6.01395e-25
-6.01359e-25
-6.01362e-25
-6.01346e-25
-6.0133e-25
-6.01239e-25
-6.01246e-25
-6.01354e-25
-6.01388e-25
-6.0152e-25
-6.01576e-25
-6.01397e-25
-6.01387e-25
-6.01466e-25
-6.01577e-25
-6.01703e-25
-6.01672e-25
-6.01681e-25
-6.01614e-25
-6.01549e-25
-6.01562e-25
-6.01498e-25
-6.01417e-25
-6.01301e-25
-6.01249e-25
-6.01321e-25
-6.01436e-25
-6.01474e-25
-6.01466e-25
-6.01486e-25
-6.01397e-25
-6.01278e-25
-6.01133e-25
-6.01118e-25
-6.01022e-25
-6.01001e-25
-6.00941e-25
-6.00847e-25
-6.00783e-25
-6.00682e-25
-6.00645e-25
-6.00595e-25
-6.00604e-25
-6.0058e-25
-6.00643e-25
-6.00762e-25
-6.00699e-25
-6.00843e-25
-6.00831e-25
-6.00767e-25
-6.00776e-25
-6.00904e-25
-6.0081e-25
-6.00788e-25
-6.00763e-25
-6.00755e-25
-6.00759e-25
-6.00694e-25
-6.00651e-25
-6.00742e-25
-6.00847e-25
-6.00791e-25
-6.00746e-25
-6.00751e-25
-6.00788e-25
-6.00722e-25
-6.00826e-25
-6.00948e-25
-6.00994e-25
-6.00966e-25
-6.00998e-25
-6.01051e-25
-6.00969e-25
-6.01076e-25
-6.0106e-25
-6.00998e-25
-6.0093e-25
-6.00883e-25
-6.0094e-25
-6.0101e-25
-6.01077e-25
-6.01024e-25
-6.011e-25
-6.01143e-25
-6.01187e-25
-6.01283e-25
-6.01407e-25
-6.01441e-25
-6.01403e-25
-6.01566e-25
-6.01506e-25
-6.01306e-25
-6.01084e-25
-6.01058e-25
-6.01077e-25
-6.01125e-25
-6.01127e-25
-6.01062e-25
-6.0116e-25
-6.0128e-25
-6.01384e-25
-6.01335e-25
-6.01419e-25
-6.01423e-25
-6.01402e-25
-6.01374e-25
-6.01377e-25
-6.01408e-25
-6.01469e-25
-6.01504e-25
-6.01591e-25
-6.01579e-25
-6.0143e-25
-6.01437e-25
-6.01387e-25
-6.01324e-25
-6.01267e-25
-6.01314e-25
-6.01274e-25
-6.0128e-25
-6.01232e-25
-6.0126e-25
-6.01208e-25
-6.01227e-25
-6.01126e-25
-6.01062e-25
-6.00962e-25
-6.01021e-25
-6.01122e-25
-6.01284e-25
-6.01232e-25
-6.01273e-25
-6.01214e-25
-6.01269e-25
-6.01171e-25
-6.01136e-25
-6.01265e-25
-6.01191e-25
-6.012e-25
-6.01191e-25
-6.01237e-25
-6.01316e-25
-6.01331e-25
-6.0142e-25
-6.01393e-25
-6.01502e-25
-6.01575e-25
-6.01552e-25
-6.01527e-25
-6.01517e-25
-6.01402e-25
-6.01471e-25
-6.01432e-25
-6.01479e-25
-6.01404e-25
-6.01326e-25
-6.01249e-25
-6.01255e-25
-6.01151e-25
-6.01092e-25
-6.0115e-25
-6.01131e-25
-6.0101e-25
-6.00903e-25
-6.00871e-25
-6.00877e-25
-6.00967e-25
-6.00956e-25
-6.00985e-25
-6.01059e-25
-6.01177e-25
-6.01138e-25
-6.012e-25
-6.01216e-25
-6.01213e-25
-6.01247e-25
-6.01239e-25
-6.01292e-25
-6.01353e-25
-6.01251e-25
-6.01143e-25
-6.01149e-25
-6.00961e-25
-6.01029e-25
-6.01065e-25
-6.01112e-25
-6.01207e-25
-6.01115e-25
-6.01085e-25
-6.0113e-25
-6.01093e-25
-6.01031e-25
-6.01061e-25
-6.01087e-25
-6.01114e-25
-6.01181e-25
-6.01096e-25
-6.01051e-25
-6.0087e-25
-6.0092e-25
-6.00775e-25
-6.00728e-25
-6.0084e-25
-6.00901e-25
-6.00855e-25
-6.00762e-25
-6.00908e-25
-6.00846e-25
-6.00937e-25
-6.00946e-25
-6.00947e-25
-6.00883e-25
-6.00989e-25
-6.00994e-25
-6.00958e-25
-6.00689e-25
-6.00746e-25
-6.00743e-25
-6.00736e-25
-6.00744e-25
-6.00748e-25
-6.00768e-25
-6.00766e-25
-6.00742e-25
-6.00736e-25
-6.00633e-25
-6.00663e-25
-6.00654e-25
-6.00666e-25
-6.00719e-25
-6.007e-25
-6.00709e-25
-6.00632e-25
-6.00643e-25
-6.00664e-25
-6.00634e-25
-6.00705e-25
-6.00681e-25
-6.00794e-25
-6.0081e-25
-6.00921e-25
-6.0103e-25
-6.01172e-25
-6.01267e-25
-6.01257e-25
-6.01198e-25
-6.01206e-25
-6.01091e-25
-6.01146e-25
-6.01161e-25
-6.01118e-25
-6.0094e-25
-6.00858e-25
-6.00814e-25
-6.00752e-25
-6.00789e-25
-6.00792e-25
-6.00821e-25
-6.00707e-25
-6.00737e-25
-6.00737e-25
-6.00821e-25
-6.00829e-25
-6.00973e-25
-6.01017e-25
-6.01077e-25
-6.01055e-25
-6.01085e-25
-6.01028e-25
-6.00942e-25
-6.00942e-25
-6.00915e-25
-6.00924e-25
-6.00935e-25
-6.00912e-25
-6.00899e-25
-6.00933e-25
-6.00957e-25
-6.00874e-25
-6.00914e-25
-6.00861e-25
-6.00983e-25
-6.00948e-25
-6.00945e-25
-6.01069e-25
-6.01186e-25
-6.01144e-25
-6.01085e-25
-6.01165e-25
-6.01152e-25
-6.01236e-25
-6.01125e-25
-6.00968e-25
-6.00881e-25
-6.00846e-25
-6.00768e-25
-6.0067e-25
-6.0065e-25
-6.00519e-25
-6.0049e-25
-6.00503e-25
-6.00441e-25
-6.00555e-25
-6.00592e-25
-6.00666e-25
-6.00566e-25
-6.00714e-25
-6.00783e-25
-6.00754e-25
-6.00705e-25
-6.00754e-25
-6.00805e-25
-6.00782e-25
-6.00762e-25
-6.00706e-25
-6.00595e-25
-6.00621e-25
-6.00705e-25
-6.00654e-25
-6.0074e-25
-6.00789e-25
-6.00685e-25
-6.00544e-25
-6.00595e-25
-6.00529e-25
-6.00654e-25
-6.00719e-25
-6.00685e-25
-6.00866e-25
-6.00816e-25
-6.00787e-25
-6.00797e-25
-6.00863e-25
-6.00791e-25
-6.00811e-25
-6.0081e-25
-6.00712e-25
-6.00733e-25
-6.00779e-25
-6.00774e-25
-6.00815e-25
-6.0078e-25
-6.0078e-25
-6.00828e-25
-6.00785e-25
-6.00785e-25
-6.00659e-25
-6.00544e-25
-6.00523e-25
-6.00599e-25
-6.0066e-25
-6.00649e-25
-6.00663e-25
-6.00607e-25
-6.00636e-25
-6.00636e-25
-6.00664e-25
-6.00565e-25
-6.00569e-25
-6.00519e-25
-6.00489e-25
-6.00456e-25
-6.00457e-25
-6.00414e-25
-6.00271e-25
-6.00278e-25
-6.00301e-25
-6.00361e-25
-6.004e-25
-6.00421e-25
-6.0056e-25
-6.00585e-25
-6.00707e-25
-6.00729e-25
-6.00804e-25
-6.00813e-25
-6.00834e-25
-6.0079e-25
-6.00741e-25
-6.00712e-25
-6.00744e-25
-6.00706e-25
-6.00813e-25
-6.00831e-25
-6.00799e-25
-6.0085e-25
-6.00826e-25
-6.00841e-25
-6.01008e-25
-6.01114e-25
-6.01157e-25
-6.01059e-25
-6.01015e-25
-6.00968e-25
-6.00919e-25
-6.00755e-25
-6.00789e-25
-6.00808e-25
-6.00814e-25
-6.00866e-25
-6.0094e-25
-6.01016e-25
-6.01111e-25
-6.01165e-25
-6.01258e-25
-6.01311e-25
-6.01326e-25
-6.01321e-25
-6.01333e-25
-6.0138e-25
-6.01305e-25
-6.01262e-25
-6.01234e-25
-6.01107e-25
-6.0102e-25
-6.0111e-25
-6.00973e-25
-6.00842e-25
-6.00811e-25
-6.00821e-25
-6.00809e-25
-6.00791e-25
-6.00785e-25
-6.00829e-25
-6.00788e-25
-6.00743e-25
-6.00659e-25
-6.00618e-25
-6.00508e-25
-6.0062e-25
-6.00704e-25
-6.00818e-25
-6.00823e-25
-6.00927e-25
-6.00874e-25
-6.00893e-25
-6.00884e-25
-6.00887e-25
-6.0096e-25
-6.00758e-25
-6.00726e-25
-6.00729e-25
-6.00746e-25
-6.00797e-25
-6.00843e-25
-6.00886e-25
-6.00755e-25
-6.00744e-25
-6.0078e-25
-6.00772e-25
-6.00818e-25
-6.00879e-25
-6.0097e-25
-6.01046e-25
-6.01118e-25
-6.01106e-25
-6.01144e-25
-6.01195e-25
-6.01146e-25
-6.0119e-25
-6.01036e-25
-6.00971e-25
-6.01015e-25
-6.00941e-25
-6.00984e-25
-6.00955e-25
-6.00895e-25
-6.00902e-25
-6.01029e-25
-6.01006e-25
-6.01137e-25
-6.0109e-25
-6.01057e-25
-6.01135e-25
-6.01093e-25
-6.01031e-25
-6.00893e-25
-6.00874e-25
-6.00839e-25
-6.00903e-25
-6.00852e-25
-6.01013e-25
-6.01055e-25
-6.01073e-25
-6.01103e-25
-6.01107e-25
-6.01026e-25
-6.00996e-25
-6.01019e-25
-6.0106e-25
-6.00969e-25
-6.01e-25
-6.01044e-25
-6.01024e-25
-6.00942e-25
-6.00968e-25
-6.0102e-25
-6.01168e-25
-6.01293e-25
-6.01391e-25
-6.01404e-25
-6.01448e-25
-6.01449e-25
-6.01429e-25
-6.01526e-25
-6.01529e-25
-6.01576e-25
-6.01666e-25
-6.01681e-25
-6.01638e-25
-6.01553e-25
-6.01497e-25
-6.01466e-25
-6.0142e-25
-6.01421e-25
-6.01259e-25
-6.01078e-25
-6.00984e-25
-6.00829e-25
-6.00794e-25
-6.00725e-25
-6.00768e-25
-6.00757e-25
-6.00815e-25
-6.00861e-25
-6.00858e-25
-6.00911e-25
-6.00907e-25
-6.01059e-25
-6.00956e-25
-6.01134e-25
-6.01164e-25
-6.01123e-25
-6.01092e-25
-6.01094e-25
-6.01116e-25
-6.01064e-25
-6.00998e-25
-6.01016e-25
-6.01e-25
-6.00986e-25
-6.01031e-25
-6.00939e-25
-6.00965e-25
-6.01017e-25
-6.00966e-25
-6.00954e-25
-6.01e-25
-6.01061e-25
-6.01203e-25
-6.01243e-25
-6.01269e-25
-6.01318e-25
-6.01348e-25
-6.01226e-25
-6.01165e-25
-6.01131e-25
-6.00993e-25
-6.0093e-25
-6.00889e-25
-6.00856e-25
-6.00891e-25
-6.008e-25
-6.00834e-25
-6.00835e-25
-6.00781e-25
-6.00727e-25
-6.00693e-25
-6.00659e-25
-6.00706e-25
-6.00739e-25
-6.00681e-25
-6.00684e-25
-6.00726e-25
-6.00784e-25
-6.00816e-25
-6.00843e-25
-6.00807e-25
-6.00866e-25
-6.00711e-25
-6.00711e-25
-6.00729e-25
-6.00823e-25
-6.00855e-25
-6.00942e-25
-6.00946e-25
-6.00927e-25
-6.00962e-25
-6.00878e-25
-6.00908e-25
-6.00975e-25
-6.00905e-25
-6.00973e-25
-6.00984e-25
-6.00981e-25
-6.01082e-25
-6.01039e-25
-6.0105e-25
-6.00983e-25
-6.01109e-25
-6.01117e-25
-6.01036e-25
-6.01261e-25
-6.0128e-25
-6.01333e-25
-6.01363e-25
-6.0143e-25
-6.01481e-25
-6.01524e-25
-6.01471e-25
-6.01348e-25
-6.01311e-25
-6.0136e-25
-6.01337e-25
-6.01294e-25
-6.01187e-25
-6.01171e-25
-6.01207e-25
-6.01086e-25
-6.01023e-25
-6.01002e-25
-6.01042e-25
-6.00972e-25
-6.01084e-25
-6.01166e-25
-6.01106e-25
-6.01196e-25
-6.01261e-25
-6.01277e-25
-6.01333e-25
-6.01437e-25
-6.01463e-25
-6.01484e-25
-6.01482e-25
-6.01445e-25
-6.01459e-25
-6.01435e-25
-6.0138e-25
-6.01376e-25
-6.01327e-25
-6.01386e-25
-6.01532e-25
-6.01569e-25
-6.01649e-25
-6.01578e-25
-6.01547e-25
-6.01554e-25
-6.01578e-25
-6.01518e-25
-6.01527e-25
-6.01392e-25
-6.01439e-25
-6.01399e-25
-6.01352e-25
-6.01205e-25
-6.01234e-25
-6.01133e-25
-6.01118e-25
-6.01114e-25
-6.011e-25
-6.01035e-25
-6.00951e-25
-6.01018e-25
-6.01134e-25
-6.01106e-25
-6.01193e-25
-6.0111e-25
-6.01099e-25
-6.01027e-25
-6.01198e-25
-6.01214e-25
-6.01254e-25
-6.01273e-25
-6.01408e-25
-6.01337e-25
-6.01302e-25
-6.01386e-25
-6.0136e-25
-6.0134e-25
-6.01229e-25
-6.01238e-25
-6.01191e-25
-6.01204e-25
-6.01256e-25
-6.01214e-25
-6.01229e-25
-6.01244e-25
-6.01259e-25
-6.01236e-25
-6.01235e-25
-6.01297e-25
-6.01347e-25
-6.01427e-25
-6.01517e-25
-6.01635e-25
-6.01624e-25
-6.01614e-25
-6.01677e-25
-6.01672e-25
-6.01674e-25
-6.01722e-25
-6.01505e-25
-6.01374e-25
-6.0133e-25
-6.0132e-25
-6.01325e-25
-6.0129e-25
-6.01273e-25
-6.01199e-25
-6.01128e-25
-6.01198e-25
-6.01162e-25
-6.01044e-25
-6.01074e-25
-6.01076e-25
-6.01044e-25
-6.0113e-25
-6.01213e-25
-6.01314e-25
-6.01337e-25
-6.01376e-25
-6.01392e-25
-6.01345e-25
-6.01347e-25
-6.01418e-25
-6.01499e-25
-6.01419e-25
-6.0141e-25
-6.01398e-25
-6.01271e-25
-6.01262e-25
-6.01276e-25
-6.01316e-25
-6.01305e-25
-6.01301e-25
-6.0125e-25
-4.92548e-25
-4.92282e-25
-4.92248e-25
-4.92255e-25
-4.92223e-25
-4.9215e-25
-4.92058e-25
-4.92084e-25
-4.92116e-25
-4.92192e-25
-4.92291e-25
-4.92426e-25
-4.92608e-25
-4.92733e-25
-4.92889e-25
-4.92953e-25
-4.93033e-25
-4.93102e-25
-4.93056e-25
-4.92891e-25
-4.92784e-25
-4.92702e-25
-4.9258e-25
-4.92544e-25
-4.92495e-25
-4.92409e-25
-4.92319e-25
-4.92275e-25
-4.92253e-25
-4.92332e-25
-4.92448e-25
-4.92527e-25
-4.92566e-25
-4.92482e-25
-4.92423e-25
-4.9242e-25
-4.92437e-25
-4.92496e-25
-4.92576e-25
-4.92653e-25
-4.92715e-25
-4.92785e-25
-4.92752e-25
-4.92798e-25
-4.92767e-25
-4.92859e-25
-4.92777e-25
-4.92569e-25
-4.9236e-25
-4.92304e-25
-4.92173e-25
-4.9218e-25
-4.92371e-25
-4.92385e-25
-4.92308e-25
-4.92258e-25
-4.9231e-25
-4.92243e-25
-4.92179e-25
-4.9215e-25
-4.9225e-25
-4.92345e-25
-4.9244e-25
-4.92347e-25
-4.92316e-25
-4.92365e-25
-4.92469e-25
-4.92564e-25
-4.92722e-25
-4.92625e-25
-4.92558e-25
-4.92383e-25
-4.92255e-25
-4.92145e-25
-4.92085e-25
-4.91978e-25
-4.919e-25
-4.91851e-25
-4.91936e-25
-4.9201e-25
-4.92084e-25
-4.92203e-25
-4.92122e-25
-4.92177e-25
-4.92269e-25
-4.9248e-25
-4.92508e-25
-4.92511e-25
-4.92499e-25
-4.92416e-25
-4.92341e-25
-4.92106e-25
-4.92061e-25
-4.92209e-25
-4.92186e-25
-4.92258e-25
-4.92296e-25
-4.92264e-25
-4.92371e-25
-4.92414e-25
-4.92421e-25
-4.92507e-25
-4.92701e-25
-4.92792e-25
-4.92874e-25
-4.92929e-25
-4.9274e-25
-4.92819e-25
-4.92601e-25
-4.92376e-25
-4.92146e-25
-4.92029e-25
-4.91976e-25
-4.91947e-25
-4.91889e-25
-4.92e-25
-4.92019e-25
-4.9208e-25
-4.92199e-25
-4.92197e-25
-4.92261e-25
-4.92367e-25
-4.9222e-25
-4.92109e-25
-4.92037e-25
-4.91931e-25
-4.91969e-25
-4.91693e-25
-4.91576e-25
-4.91551e-25
-4.91545e-25
-4.91577e-25
-4.91682e-25
-4.91806e-25
-4.9198e-25
-4.92014e-25
-4.92108e-25
-4.92026e-25
-4.92029e-25
-4.91999e-25
-4.91895e-25
-4.91931e-25
-4.9192e-25
-4.91837e-25
-4.91676e-25
-4.91681e-25
-4.91641e-25
-4.91743e-25
-4.92012e-25
-4.92145e-25
-4.92265e-25
-4.92403e-25
-4.92439e-25
-4.92451e-25
-4.92327e-25
-4.92306e-25
-4.92204e-25
-4.92201e-25
-4.92165e-25
-4.92119e-25
-4.91928e-25
-4.9192e-25
-4.91922e-25
-4.9186e-25
-4.91872e-25
-4.91808e-25
-4.91879e-25
-4.92082e-25
-4.92103e-25
-4.92225e-25
-4.92329e-25
-4.92395e-25
-4.9248e-25
-4.92462e-25
-4.92525e-25
-4.92597e-25
-4.92535e-25
-4.9243e-25
-4.92385e-25
-4.92292e-25
-4.92047e-25
-4.91898e-25
-4.91821e-25
-4.91715e-25
-4.91768e-25
-4.91963e-25
-4.91887e-25
-4.91928e-25
-4.91956e-25
-4.91957e-25
-4.9195e-25
-4.92035e-25
-4.92141e-25
-4.92272e-25
-4.92422e-25
-4.92602e-25
-4.92671e-25
-4.92669e-25
-4.92729e-25
-4.92698e-25
-4.92786e-25
-4.92881e-25
-4.92832e-25
-4.92821e-25
-4.92817e-25
-4.92765e-25
-4.9276e-25
-4.92737e-25
-4.92645e-25
-4.92539e-25
-4.9227e-25
-4.92225e-25
-4.92176e-25
-4.92255e-25
-4.92273e-25
-4.92384e-25
-4.92402e-25
-4.92446e-25
-4.92495e-25
-4.92522e-25
-4.92424e-25
-4.92257e-25
-4.92233e-25
-4.92078e-25
-4.92013e-25
-4.91928e-25
-4.91809e-25
-4.91695e-25
-4.91739e-25
-4.91704e-25
-4.91736e-25
-4.91577e-25
-4.91568e-25
-4.91628e-25
-4.91582e-25
-4.91429e-25
-4.91363e-25
-4.91235e-25
-4.91265e-25
-4.91252e-25
-4.91413e-25
-4.91557e-25
-4.91659e-25
-4.91703e-25
-4.91754e-25
-4.91939e-25
-4.91927e-25
-4.91898e-25
-4.91801e-25
-4.91739e-25
-4.91832e-25
-4.91818e-25
-4.91893e-25
-4.91995e-25
-4.91972e-25
-4.91982e-25
-4.91905e-25
-4.91947e-25
-4.91916e-25
-4.91887e-25
-4.91931e-25
-4.91894e-25
-4.91904e-25
-4.91872e-25
-4.91958e-25
-4.92037e-25
-4.92221e-25
-4.92165e-25
-4.92105e-25
-4.92115e-25
-4.92168e-25
-4.92291e-25
-4.92246e-25
-4.92366e-25
-4.92277e-25
-4.92264e-25
-4.92128e-25
-4.92017e-25
-4.91957e-25
-4.91872e-25
-4.91916e-25
-4.9193e-25
-4.92112e-25
-4.92036e-25
-4.92071e-25
-4.92072e-25
-4.91925e-25
-4.91913e-25
-4.91895e-25
-4.91926e-25
-4.91841e-25
-4.91954e-25
-4.91952e-25
-4.91959e-25
-4.92001e-25
-4.92109e-25
-4.92146e-25
-4.92173e-25
-4.92169e-25
-4.92152e-25
-4.92116e-25
-4.92101e-25
-4.92011e-25
-4.91988e-25
-4.9179e-25
-4.91599e-25
-4.91523e-25
-4.91508e-25
-4.91522e-25
-4.91736e-25
-4.9182e-25
-4.9188e-25
-4.91982e-25
-4.92093e-25
-4.92143e-25
-4.92185e-25
-4.92066e-25
-4.9201e-25
-4.91997e-25
-4.92063e-25
-4.92091e-25
-4.92296e-25
-4.92244e-25
-4.92333e-25
-4.92456e-25
-4.92392e-25
-4.92383e-25
-4.92341e-25
-4.92234e-25
-4.92112e-25
-4.92095e-25
-4.92111e-25
-4.9213e-25
-4.91988e-25
-4.91968e-25
-4.91896e-25
-4.91807e-25
-4.91853e-25
-4.91939e-25
-4.91916e-25
-4.91922e-25
-4.92029e-25
-4.91953e-25
-4.92055e-25
-4.92051e-25
-4.91997e-25
-4.92032e-25
-4.92106e-25
-4.92111e-25
-4.92172e-25
-4.92215e-25
-4.92319e-25
-4.92331e-25
-4.9229e-25
-4.92142e-25
-4.92138e-25
-4.92097e-25
-4.9214e-25
-4.92116e-25
-4.92174e-25
-4.92193e-25
-4.9234e-25
-4.92395e-25
-4.92467e-25
-4.92552e-25
-4.92513e-25
-4.92519e-25
-4.92587e-25
-4.92465e-25
-4.92439e-25
-4.92336e-25
-4.92214e-25
-4.92153e-25
-4.92199e-25
-4.92171e-25
-4.92083e-25
-4.92028e-25
-4.92007e-25
-4.92031e-25
-4.92022e-25
-4.92024e-25
-4.92051e-25
-4.92205e-25
-4.92223e-25
-4.92204e-25
-4.92283e-25
-4.92268e-25
-4.92278e-25
-4.9224e-25
-4.9226e-25
-4.92316e-25
-4.92328e-25
-4.92301e-25
-4.92355e-25
-4.92379e-25
-4.92405e-25
-4.92434e-25
-4.92401e-25
-4.92363e-25
-4.92263e-25
-4.9208e-25
-4.9209e-25
-4.92071e-25
-4.92139e-25
-4.922e-25
-4.92225e-25
-4.92212e-25
-4.92165e-25
-4.92073e-25
-4.92039e-25
-4.92012e-25
-4.92036e-25
-4.91881e-25
-4.91907e-25
-4.91953e-25
-4.91892e-25
-4.92015e-25
-4.92227e-25
-4.92163e-25
-4.92248e-25
-4.92036e-25
-4.9193e-25
-4.91909e-25
-4.91957e-25
-4.91947e-25
-4.91847e-25
-4.91917e-25
-4.92065e-25
-4.92039e-25
-4.92047e-25
-4.9189e-25
-4.91907e-25
-4.91879e-25
-4.91858e-25
-4.91842e-25
-4.91696e-25
-4.9169e-25
-4.91636e-25
-4.91656e-25
-4.9162e-25
-4.91689e-25
-4.91789e-25
-4.91823e-25
-4.91985e-25
-4.92063e-25
-4.92056e-25
-4.92024e-25
-4.92108e-25
-4.92195e-25
-4.92314e-25
-4.92345e-25
-4.92502e-25
-4.9255e-25
-4.92502e-25
-4.9254e-25
-4.92476e-25
-4.92384e-25
-4.92434e-25
-4.9241e-25
-4.92313e-25
-4.92184e-25
-4.92162e-25
-4.9196e-25
-4.91774e-25
-4.9159e-25
-4.91626e-25
-4.91525e-25
-4.91512e-25
-4.91424e-25
-4.91515e-25
-4.91701e-25
-4.91656e-25
-4.91627e-25
-4.91726e-25
-4.91903e-25
-4.91867e-25
-4.91742e-25
-4.91755e-25
-4.91803e-25
-4.91818e-25
-4.91673e-25
-4.91737e-25
-4.91739e-25
-4.9175e-25
-4.91704e-25
-4.91724e-25
-4.91632e-25
-4.91564e-25
-4.91625e-25
-4.91594e-25
-4.91695e-25
-4.9178e-25
-4.91836e-25
-4.91997e-25
-4.92123e-25
-4.92241e-25
-4.9231e-25
-4.92231e-25
-4.92239e-25
-4.92237e-25
-4.92161e-25
-4.92072e-25
-4.91992e-25
-4.91943e-25
-4.91941e-25
-4.92025e-25
-4.92103e-25
-4.92158e-25
-4.922e-25
-4.92352e-25
-4.92377e-25
-4.92276e-25
-4.92198e-25
-4.9217e-25
-4.92152e-25
-4.92081e-25
-4.92053e-25
-4.92068e-25
-4.92126e-25
-4.9217e-25
-4.92158e-25
-4.92052e-25
-4.92099e-25
-4.92168e-25
-4.92123e-25
-4.92103e-25
-4.9207e-25
-4.92199e-25
-4.92214e-25
-4.92143e-25
-4.92265e-25
-4.92155e-25
-4.922e-25
-4.92213e-25
-4.9208e-25
-4.91979e-25
-4.91994e-25
-4.9193e-25
-4.9196e-25
-4.92052e-25
-4.92161e-25
-4.92098e-25
-4.92153e-25
-4.92092e-25
-4.92004e-25
-4.92101e-25
-4.92049e-25
-4.92098e-25
-4.92185e-25
-4.92264e-25
-4.92071e-25
-4.92008e-25
-4.92087e-25
-4.92177e-25
-4.92156e-25
-4.92037e-25
-4.91987e-25
-4.91968e-25
-4.92006e-25
-4.92054e-25
-4.92118e-25
-4.92061e-25
-4.92008e-25
-4.91889e-25
-4.91912e-25
-4.91869e-25
-4.92002e-25
-4.91952e-25
-4.92023e-25
-4.91949e-25
-4.91857e-25
-4.91812e-25
-4.91886e-25
-4.91878e-25
-4.91829e-25
-4.91832e-25
-4.91817e-25
-4.91947e-25
-4.91926e-25
-4.91792e-25
-4.91724e-25
-4.91828e-25
-4.91785e-25
-4.91731e-25
-4.91819e-25
-4.91836e-25
-4.91785e-25
-4.91883e-25
-4.9202e-25
-4.9206e-25
-4.92224e-25
-4.92301e-25
-4.92431e-25
-4.92279e-25
-4.92295e-25
-4.92322e-25
-4.92398e-25
-4.92397e-25
-4.92359e-25
-4.92463e-25
-4.92618e-25
-4.92524e-25
-4.92447e-25
-4.92503e-25
-4.92521e-25
-4.92427e-25
-4.92347e-25
-4.92135e-25
-4.92133e-25
-4.92023e-25
-4.91947e-25
-4.92026e-25
-4.91891e-25
-4.91972e-25
-4.92078e-25
-4.92214e-25
-4.92313e-25
-4.92369e-25
-4.92292e-25
-4.92344e-25
-4.92255e-25
-4.92189e-25
-4.91931e-25
-4.9171e-25
-4.91481e-25
-4.91292e-25
-4.91267e-25
-4.9118e-25
-4.91145e-25
-4.91297e-25
-4.91263e-25
-4.91582e-25
-4.91674e-25
-4.91766e-25
-4.9198e-25
-4.92158e-25
-4.92341e-25
-4.9241e-25
-4.92432e-25
-4.92414e-25
-4.92361e-25
-4.92333e-25
-4.92254e-25
-4.92303e-25
-4.92347e-25
-4.92267e-25
-4.92272e-25
-4.92324e-25
-4.92307e-25
-4.92212e-25
-4.92129e-25
-4.92109e-25
-4.91946e-25
-4.91868e-25
-4.91965e-25
-4.92136e-25
-4.92128e-25
-4.92209e-25
-4.92313e-25
-4.92491e-25
-4.92583e-25
-4.92672e-25
-4.92569e-25
-4.92658e-25
-4.92681e-25
-4.9267e-25
-4.927e-25
-4.92753e-25
-4.92734e-25
-4.92683e-25
-4.92717e-25
-4.92762e-25
-4.92669e-25
-4.9254e-25
-4.92633e-25
-4.92701e-25
-4.92727e-25
-4.92846e-25
-4.92902e-25
-4.92927e-25
-4.92953e-25
-4.92956e-25
-4.92892e-25
-4.92819e-25
-4.92913e-25
-4.92793e-25
-4.92674e-25
-4.92691e-25
-4.92705e-25
-4.92615e-25
-4.92669e-25
-4.92579e-25
-4.92371e-25
-4.92328e-25
-4.92168e-25
-4.92128e-25
-4.9195e-25
-4.92046e-25
-4.9204e-25
-4.92068e-25
-4.92099e-25
-4.92199e-25
-4.92366e-25
-4.92459e-25
-4.92409e-25
-4.92382e-25
-4.92357e-25
-4.92376e-25
-4.92407e-25
-4.92438e-25
-4.92221e-25
-4.92218e-25
-4.92173e-25
-4.92174e-25
-4.92097e-25
-4.92132e-25
-4.91972e-25
-4.91935e-25
-4.92018e-25
-4.92022e-25
-4.91963e-25
-4.9196e-25
-4.91894e-25
-4.91965e-25
-4.92005e-25
-4.91981e-25
-4.91962e-25
-4.91991e-25
-4.92018e-25
-4.92132e-25
-4.92321e-25
-4.92407e-25
-4.92468e-25
-4.92516e-25
-4.9257e-25
-4.92399e-25
-4.92313e-25
-4.92128e-25
-4.92022e-25
-4.91907e-25
-4.91779e-25
-4.91786e-25
-4.91688e-25
-4.91905e-25
-4.91901e-25
-4.91872e-25
-4.91937e-25
-4.91978e-25
-4.92098e-25
-4.9207e-25
-4.92111e-25
-4.92075e-25
-4.92004e-25
-4.92027e-25
-4.9195e-25
-4.91945e-25
-4.91967e-25
-4.91945e-25
-4.92053e-25
-4.92091e-25
-4.92126e-25
-4.92189e-25
-4.92269e-25
-4.92221e-25
-4.92269e-25
-4.92352e-25
-4.92448e-25
-4.92385e-25
-4.92398e-25
-4.92363e-25
-4.92275e-25
-4.92284e-25
-4.92244e-25
-4.92313e-25
-4.92361e-25
-4.92392e-25
-4.9239e-25
-4.9248e-25
-4.92602e-25
-4.92548e-25
-4.92518e-25
-4.92291e-25
-4.92281e-25
-4.9232e-25
-4.92182e-25
-4.92367e-25
-4.92431e-25
-4.92483e-25
-4.92612e-25
-4.92659e-25
-4.92605e-25
-4.92645e-25
-4.92666e-25
-4.92612e-25
-4.92487e-25
-4.92526e-25
-4.924e-25
-4.92471e-25
-4.92433e-25
-4.92525e-25
-4.9249e-25
-4.92434e-25
-4.92417e-25
-4.92423e-25
-4.92354e-25
-4.92454e-25
-4.92469e-25
-4.92508e-25
-4.92487e-25
-4.92447e-25
-4.92512e-25
-4.92511e-25
-4.92482e-25
-4.92425e-25
-4.92342e-25
-4.92336e-25
-4.92105e-25
-4.92002e-25
-4.91935e-25
-4.91874e-25
-4.91909e-25
-4.92041e-25
-4.92192e-25
-4.92233e-25
-4.92288e-25
-4.92211e-25
-4.92207e-25
-4.92082e-25
-4.92036e-25
-4.92124e-25
-4.9216e-25
-4.92067e-25
-4.91957e-25
-4.92032e-25
-4.92088e-25
-4.92168e-25
-4.92243e-25
-4.92122e-25
-4.9216e-25
-4.92177e-25
-4.92245e-25
-4.92293e-25
-4.92107e-25
-4.92142e-25
-4.92192e-25
-4.92116e-25
-4.92202e-25
-4.92227e-25
-4.92184e-25
-4.92252e-25
-4.92257e-25
-4.92366e-25
-4.92434e-25
-4.92508e-25
-4.92561e-25
-4.92457e-25
-4.92333e-25
-4.92141e-25
-4.92048e-25
-4.92055e-25
-4.92124e-25
-4.92085e-25
-4.91991e-25
-4.91937e-25
-4.91836e-25
-4.91709e-25
-4.91636e-25
-4.91641e-25
-4.91527e-25
-4.91489e-25
-4.91522e-25
-4.91622e-25
-4.91724e-25
-4.91692e-25
-4.91644e-25
-4.91699e-25
-4.91764e-25
-4.91782e-25
-4.91941e-25
-4.92004e-25
-4.9208e-25
-4.92144e-25
-4.92213e-25
-4.92129e-25
-4.92127e-25
-4.92097e-25
-4.91971e-25
-4.91889e-25
-4.91955e-25
-4.91844e-25
-4.91828e-25
-4.91886e-25
-4.91858e-25
-4.91967e-25
-4.92065e-25
-4.92125e-25
-4.92026e-25
-4.92058e-25
-4.92069e-25
-4.92007e-25
-4.92034e-25
-4.92001e-25
-4.91932e-25
-4.91852e-25
-4.91879e-25
-4.91782e-25
-4.91911e-25
-4.91761e-25
-4.91704e-25
-4.91767e-25
-4.91919e-25
-4.91944e-25
-4.92032e-25
-4.91941e-25
-4.91925e-25
-4.91895e-25
-4.91927e-25
-4.91824e-25
-4.91825e-25
-4.91891e-25
-4.91865e-25
-4.91885e-25
-4.91915e-25
-4.91858e-25
-4.91804e-25
-4.91685e-25
-4.9167e-25
-4.91799e-25
-4.91868e-25
-4.91807e-25
-4.91831e-25
-4.91938e-25
-4.91929e-25
-4.91896e-25
-4.91877e-25
-4.92002e-25
-4.91998e-25
-4.92e-25
-4.91838e-25
-4.91866e-25
-4.91845e-25
-4.91766e-25
-4.91769e-25
-4.91796e-25
-4.91783e-25
-4.91874e-25
-4.91943e-25
-4.91946e-25
-4.91994e-25
-4.92013e-25
-4.92003e-25
-4.92105e-25
-4.92142e-25
-4.92131e-25
-4.92091e-25
-4.91986e-25
-4.92054e-25
-4.92016e-25
-4.91995e-25
-4.91857e-25
-4.91887e-25
-4.91974e-25
-4.92103e-25
-4.92144e-25
-4.92108e-25
-4.91963e-25
-4.91806e-25
-4.91736e-25
-4.91627e-25
-4.9175e-25
-4.91745e-25
-4.91747e-25
-4.91909e-25
-4.91964e-25
-4.91994e-25
-4.92028e-25
-4.92124e-25
-4.92102e-25
-4.92087e-25
-4.9214e-25
-4.92143e-25
-4.92282e-25
-4.92374e-25
-4.92414e-25
-4.92265e-25
-4.92313e-25
-4.92409e-25
-4.92462e-25
-4.92494e-25
-4.92486e-25
-4.92497e-25
-4.9251e-25
-4.92549e-25
-4.92485e-25
-4.92439e-25
-4.92413e-25
-4.92502e-25
-4.92492e-25
-4.92469e-25
-4.92405e-25
-4.54027e-25
-4.53853e-25
-4.53664e-25
-4.53601e-25
-4.53629e-25
-4.53503e-25
-4.53349e-25
-4.53215e-25
-4.53201e-25
-4.53136e-25
-4.53286e-25
-4.53353e-25
-4.53425e-25
-4.53578e-25
-4.53667e-25
-4.53857e-25
-4.54125e-25
-4.54198e-25
-4.54258e-25
-4.54224e-25
-4.5423e-25
-4.53945e-25
-4.53723e-25
-4.53721e-25
-4.53657e-25
-4.53624e-25
-4.53457e-25
-4.53517e-25
-4.53435e-25
-4.53457e-25
-4.5351e-25
-4.53572e-25
-4.53705e-25
-4.53857e-25
-4.53905e-25
-4.53978e-25
-4.53964e-25
-4.5403e-25
-4.53983e-25
-4.53963e-25
-4.53869e-25
-4.53739e-25
-4.5367e-25
-4.53772e-25
-4.53841e-25
-4.53716e-25
-4.53707e-25
-4.53682e-25
-4.53661e-25
-4.53621e-25
-4.53513e-25
-4.53496e-25
-4.53473e-25
-4.53443e-25
-4.53687e-25
-4.53667e-25
-4.53695e-25
-4.53719e-25
-4.53661e-25
-4.53665e-25
-4.53701e-25
-4.53757e-25
-4.53777e-25
-4.53937e-25
-4.53871e-25
-4.53963e-25
-4.53839e-25
-4.53821e-25
-4.53712e-25
-4.53691e-25
-4.53841e-25
-4.53942e-25
-4.53943e-25
-4.54003e-25
-4.53996e-25
-4.54038e-25
-4.54013e-25
-4.53871e-25
-4.53774e-25
-4.53625e-25
-4.53464e-25
-4.53389e-25
-4.533e-25
-4.5353e-25
-4.537e-25
-4.5372e-25
-4.53792e-25
-4.53814e-25
-4.53742e-25
-4.53735e-25
-4.53809e-25
-4.53867e-25
-4.53893e-25
-4.53786e-25
-4.53781e-25
-4.53896e-25
-4.5399e-25
-4.53944e-25
-4.53927e-25
-4.53805e-25
-4.53781e-25
-4.53688e-25
-4.53795e-25
-4.53704e-25
-4.53605e-25
-4.53529e-25
-4.53497e-25
-4.53483e-25
-4.53435e-25
-4.53628e-25
-4.53551e-25
-4.53746e-25
-4.53623e-25
-4.53633e-25
-4.53594e-25
-4.53586e-25
-4.5353e-25
-4.53708e-25
-4.53689e-25
-4.53698e-25
-4.5362e-25
-4.53555e-25
-4.53438e-25
-4.53381e-25
-4.53381e-25
-4.53485e-25
-4.53611e-25
-4.53817e-25
-4.53817e-25
-4.53907e-25
-4.53838e-25
-4.53751e-25
-4.53672e-25
-4.53493e-25
-4.53452e-25
-4.53439e-25
-4.53505e-25
-4.53469e-25
-4.53465e-25
-4.5337e-25
-4.53233e-25
-4.53268e-25
-4.53105e-25
-4.53022e-25
-4.53061e-25
-4.53145e-25
-4.53157e-25
-4.53187e-25
-4.53324e-25
-4.5338e-25
-4.53416e-25
-4.53359e-25
-4.53285e-25
-4.53186e-25
-4.53214e-25
-4.53246e-25
-4.5316e-25
-4.53276e-25
-4.5333e-25
-4.53415e-25
-4.53522e-25
-4.53738e-25
-4.53842e-25
-4.53939e-25
-4.54133e-25
-4.54239e-25
-4.54425e-25
-4.54363e-25
-4.54348e-25
-4.54383e-25
-4.54301e-25
-4.54111e-25
-4.54024e-25
-4.53873e-25
-4.53848e-25
-4.53941e-25
-4.53958e-25
-4.53986e-25
-4.54374e-25
-4.5451e-25
-4.54578e-25
-4.54545e-25
-4.54539e-25
-4.54274e-25
-4.54291e-25
-4.5431e-25
-4.54236e-25
-4.54081e-25
-4.53968e-25
-4.53804e-25
-4.53741e-25
-4.53711e-25
-4.53711e-25
-4.53651e-25
-4.53662e-25
-4.53693e-25
-4.53733e-25
-4.53601e-25
-4.5351e-25
-4.53422e-25
-4.53443e-25
-4.53431e-25
-4.53346e-25
-4.53315e-25
-4.53266e-25
-4.53446e-25
-4.5372e-25
-4.53759e-25
-4.53694e-25
-4.53728e-25
-4.53802e-25
-4.53843e-25
-4.53766e-25
-4.53659e-25
-4.53669e-25
-4.53512e-25
-4.53506e-25
-4.53538e-25
-4.53531e-25
-4.53538e-25
-4.53511e-25
-4.53346e-25
-4.53445e-25
-4.53518e-25
-4.53591e-25
-4.53555e-25
-4.53551e-25
-4.53537e-25
-4.53605e-25
-4.5365e-25
-4.53634e-25
-4.5364e-25
-4.53659e-25
-4.53734e-25
-4.53848e-25
-4.54014e-25
-4.5401e-25
-4.54171e-25
-4.54206e-25
-4.54179e-25
-4.5408e-25
-4.53833e-25
-4.5372e-25
-4.53607e-25
-4.535e-25
-4.53193e-25
-4.5309e-25
-4.5303e-25
-4.53124e-25
-4.53099e-25
-4.53256e-25
-4.53378e-25
-4.53588e-25
-4.53594e-25
-4.5363e-25
-4.53424e-25
-4.53423e-25
-4.53482e-25
-4.53386e-25
-4.53292e-25
-4.53452e-25
-4.53518e-25
-4.53531e-25
-4.53423e-25
-4.53405e-25
-4.53435e-25
-4.53427e-25
-4.53392e-25
-4.53321e-25
-4.5347e-25
-4.53557e-25
-4.53544e-25
-4.53683e-25
-4.53638e-25
-4.53697e-25
-4.53822e-25
-4.53862e-25
-4.53891e-25
-4.5405e-25
-4.54091e-25
-4.54161e-25
-4.54228e-25
-4.54111e-25
-4.54016e-25
-4.54081e-25
-4.54244e-25
-4.54189e-25
-4.54106e-25
-4.54149e-25
-4.54183e-25
-4.54223e-25
-4.54117e-25
-4.53946e-25
-4.53857e-25
-4.53761e-25
-4.5378e-25
-4.53662e-25
-4.535e-25
-4.53637e-25
-4.53725e-25
-4.53614e-25
-4.53563e-25
-4.53591e-25
-4.53675e-25
-4.53767e-25
-4.53892e-25
-4.54025e-25
-4.54241e-25
-4.54131e-25
-4.54153e-25
-4.54151e-25
-4.54151e-25
-4.54243e-25
-4.54087e-25
-4.54066e-25
-4.54016e-25
-4.53869e-25
-4.53702e-25
-4.53504e-25
-4.5325e-25
-4.53155e-25
-4.53096e-25
-4.53059e-25
-4.53168e-25
-4.53271e-25
-4.53388e-25
-4.5337e-25
-4.5348e-25
-4.53485e-25
-4.53492e-25
-4.53534e-25
-4.53416e-25
-4.53343e-25
-4.53393e-25
-4.53406e-25
-4.53425e-25
-4.53533e-25
-4.53546e-25
-4.53577e-25
-4.53663e-25
-4.53602e-25
-4.53679e-25
-4.53611e-25
-4.5346e-25
-4.53348e-25
-4.53462e-25
-4.53503e-25
-4.53534e-25
-4.53551e-25
-4.53614e-25
-4.5355e-25
-4.53486e-25
-4.53445e-25
-4.53453e-25
-4.5348e-25
-4.53556e-25
-4.5349e-25
-4.53556e-25
-4.53634e-25
-4.53676e-25
-4.53729e-25
-4.53721e-25
-4.53649e-25
-4.53513e-25
-4.53552e-25
-4.53517e-25
-4.53444e-25
-4.53423e-25
-4.53571e-25
-4.5366e-25
-4.53714e-25
-4.53796e-25
-4.53718e-25
-4.5366e-25
-4.53592e-25
-4.53674e-25
-4.53716e-25
-4.53631e-25
-4.53935e-25
-4.54094e-25
-4.54186e-25
-4.54231e-25
-4.54222e-25
-4.54213e-25
-4.53997e-25
-4.53932e-25
-4.54001e-25
-4.54035e-25
-4.54145e-25
-4.54308e-25
-4.54442e-25
-4.5452e-25
-4.54351e-25
-4.54225e-25
-4.54212e-25
-4.54058e-25
-4.53867e-25
-4.53882e-25
-4.53807e-25
-4.53847e-25
-4.53706e-25
-4.53565e-25
-4.5351e-25
-4.53532e-25
-4.53582e-25
-4.53747e-25
-4.53941e-25
-4.5406e-25
-4.5412e-25
-4.54151e-25
-4.54126e-25
-4.54015e-25
-4.54035e-25
-4.54027e-25
-4.53968e-25
-4.54072e-25
-4.54161e-25
-4.54206e-25
-4.54041e-25
-4.5408e-25
-4.54127e-25
-4.54084e-25
-4.5417e-25
-4.54102e-25
-4.54057e-25
-4.5408e-25
-4.53966e-25
-4.5386e-25
-4.53865e-25
-4.53883e-25
-4.54053e-25
-4.54198e-25
-4.54297e-25
-4.54395e-25
-4.5436e-25
-4.54184e-25
-4.54152e-25
-4.54146e-25
-4.541e-25
-4.54156e-25
-4.54133e-25
-4.54111e-25
-4.54075e-25
-4.53975e-25
-4.54023e-25
-4.53915e-25
-4.53929e-25
-4.53761e-25
-4.53744e-25
-4.53595e-25
-4.53598e-25
-4.53454e-25
-4.5338e-25
-4.53386e-25
-4.53432e-25
-4.53477e-25
-4.53532e-25
-4.53439e-25
-4.53494e-25
-4.53403e-25
-4.53456e-25
-4.53342e-25
-4.53468e-25
-4.53531e-25
-4.53643e-25
-4.53618e-25
-4.53471e-25
-4.5345e-25
-4.53318e-25
-4.53408e-25
-4.53447e-25
-4.53601e-25
-4.53552e-25
-4.53644e-25
-4.5368e-25
-4.53773e-25
-4.53859e-25
-4.5383e-25
-4.53751e-25
-4.53809e-25
-4.53813e-25
-4.53834e-25
-4.53791e-25
-4.537e-25
-4.53805e-25
-4.53723e-25
-4.5378e-25
-4.53619e-25
-4.53597e-25
-4.53552e-25
-4.53524e-25
-4.53497e-25
-4.53552e-25
-4.5358e-25
-4.53616e-25
-4.53696e-25
-4.53869e-25
-4.53927e-25
-4.5395e-25
-4.53817e-25
-4.53748e-25
-4.53629e-25
-4.53576e-25
-4.53357e-25
-4.53288e-25
-4.53233e-25
-4.53248e-25
-4.53348e-25
-4.5363e-25
-4.5357e-25
-4.53581e-25
-4.53675e-25
-4.53808e-25
-4.53869e-25
-4.53858e-25
-4.53863e-25
-4.53825e-25
-4.53841e-25
-4.5395e-25
-4.53995e-25
-4.53794e-25
-4.53808e-25
-4.53847e-25
-4.53942e-25
-4.53871e-25
-4.53853e-25
-4.53776e-25
-4.53642e-25
-4.53592e-25
-4.53614e-25
-4.53647e-25
-4.53679e-25
-4.53895e-25
-4.54115e-25
-4.54268e-25
-4.54189e-25
-4.54234e-25
-4.54265e-25
-4.54211e-25
-4.54309e-25
-4.53953e-25
-4.53831e-25
-4.53751e-25
-4.53618e-25
-4.53631e-25
-4.53687e-25
-4.53669e-25
-4.5386e-25
-4.53935e-25
-4.54131e-25
-4.54204e-25
-4.54181e-25
-4.54047e-25
-4.53924e-25
-4.54018e-25
-4.54035e-25
-4.54133e-25
-4.54203e-25
-4.54167e-25
-4.54066e-25
-4.54076e-25
-4.5406e-25
-4.53885e-25
-4.53708e-25
-4.53673e-25
-4.53612e-25
-4.53666e-25
-4.53774e-25
-4.53989e-25
-4.54126e-25
-4.54175e-25
-4.54148e-25
-4.54233e-25
-4.54168e-25
-4.54196e-25
-4.5416e-25
-4.54129e-25
-4.54144e-25
-4.54144e-25
-4.54133e-25
-4.54228e-25
-4.54294e-25
-4.54222e-25
-4.54131e-25
-4.53938e-25
-4.53764e-25
-4.53627e-25
-4.53655e-25
-4.53792e-25
-4.537e-25
-4.53733e-25
-4.53652e-25
-4.53597e-25
-4.53718e-25
-4.5378e-25
-4.54038e-25
-4.53924e-25
-4.53937e-25
-4.53912e-25
-4.53809e-25
-4.53669e-25
-4.53512e-25
-4.53314e-25
-4.53242e-25
-4.53208e-25
-4.53103e-25
-4.52974e-25
-4.5296e-25
-4.53006e-25
-4.53152e-25
-4.53278e-25
-4.53422e-25
-4.53675e-25
-4.53958e-25
-4.54099e-25
-4.54181e-25
-4.54171e-25
-4.54156e-25
-4.54149e-25
-4.54171e-25
-4.54106e-25
-4.54107e-25
-4.54066e-25
-4.53931e-25
-4.5391e-25
-4.53739e-25
-4.53632e-25
-4.5364e-25
-4.5377e-25
-4.53993e-25
-4.54222e-25
-4.54345e-25
-4.54525e-25
-4.54529e-25
-4.54572e-25
-4.54673e-25
-4.54487e-25
-4.54293e-25
-4.54117e-25
-4.53971e-25
-4.53869e-25
-4.53766e-25
-4.53705e-25
-4.53649e-25
-4.53535e-25
-4.53552e-25
-4.53566e-25
-4.53406e-25
-4.53445e-25
-4.53488e-25
-4.53606e-25
-4.53633e-25
-4.53597e-25
-4.53611e-25
-4.53832e-25
-4.53956e-25
-4.54055e-25
-4.54162e-25
-4.54114e-25
-4.54023e-25
-4.54045e-25
-4.54075e-25
-4.54045e-25
-4.54021e-25
-4.53982e-25
-4.54021e-25
-4.5398e-25
-4.53936e-25
-4.53791e-25
-4.53699e-25
-4.53577e-25
-4.53541e-25
-4.53524e-25
-4.53402e-25
-4.53401e-25
-4.53409e-25
-4.53445e-25
-4.53483e-25
-4.53672e-25
-4.53847e-25
-4.5388e-25
-4.54108e-25
-4.54172e-25
-4.54182e-25
-4.54101e-25
-4.54033e-25
-4.53916e-25
-4.53789e-25
-4.5374e-25
-4.53752e-25
-4.53837e-25
-4.53786e-25
-4.53743e-25
-4.53533e-25
-4.53496e-25
-4.53475e-25
-4.53407e-25
-4.53508e-25
-4.5356e-25
-4.53561e-25
-4.53552e-25
-4.5358e-25
-4.53664e-25
-4.53596e-25
-4.53733e-25
-4.53906e-25
-4.53849e-25
-4.53909e-25
-4.53951e-25
-4.54088e-25
-4.54049e-25
-4.54125e-25
-4.54009e-25
-4.54027e-25
-4.53989e-25
-4.53912e-25
-4.53948e-25
-4.54018e-25
-4.53986e-25
-4.53855e-25
-4.53872e-25
-4.53705e-25
-4.5357e-25
-4.53481e-25
-4.53457e-25
-4.53548e-25
-4.5354e-25
-4.53581e-25
-4.53735e-25
-4.53821e-25
-4.53739e-25
-4.53811e-25
-4.53731e-25
-4.53637e-25
-4.53609e-25
-4.53548e-25
-4.53618e-25
-4.53739e-25
-4.5397e-25
-4.53988e-25
-4.54029e-25
-4.54152e-25
-4.54107e-25
-4.54135e-25
-4.53975e-25
-4.53853e-25
-4.53652e-25
-4.53478e-25
-4.53517e-25
-4.53559e-25
-4.53638e-25
-4.53839e-25
-4.5406e-25
-4.54069e-25
-4.54175e-25
-4.54216e-25
-4.53928e-25
-4.53867e-25
-4.53656e-25
-4.53325e-25
-4.53258e-25
-4.53207e-25
-4.53318e-25
-4.53354e-25
-4.53483e-25
-4.53491e-25
-4.53551e-25
-4.5351e-25
-4.53497e-25
-4.53605e-25
-4.53819e-25
-4.5382e-25
-4.53737e-25
-4.53559e-25
-4.53363e-25
-4.532e-25
-4.53154e-25
-4.53111e-25
-4.53096e-25
-4.53042e-25
-4.53046e-25
-4.53062e-25
-4.5311e-25
-4.53163e-25
-4.5322e-25
-4.53213e-25
-4.53113e-25
-4.5309e-25
-4.53002e-25
-4.52936e-25
-4.52936e-25
-4.52981e-25
-4.53066e-25
-4.52895e-25
-4.52818e-25
-4.52958e-25
-4.52845e-25
-4.52876e-25
-4.5292e-25
-4.52825e-25
-4.52935e-25
-4.53154e-25
-4.53277e-25
-4.53602e-25
-4.53582e-25
-4.53558e-25
-4.53511e-25
-4.53324e-25
-4.53221e-25
-4.53341e-25
-4.53316e-25
-4.53393e-25
-4.53339e-25
-4.5337e-25
-4.53296e-25
-4.53354e-25
-4.53294e-25
-4.53325e-25
-4.53461e-25
-4.53557e-25
-4.53529e-25
-4.53466e-25
-4.53486e-25
-4.53222e-25
-4.53181e-25
-4.53234e-25
-4.53402e-25
-4.53457e-25
-4.534e-25
-4.53404e-25
-4.53457e-25
-4.53495e-25
-4.53459e-25
-4.53629e-25
-4.53759e-25
-4.53922e-25
-4.5396e-25
-4.53929e-25
-4.53945e-25
-4.53902e-25
-4.53836e-25
-4.53609e-25
-4.53396e-25
-4.53162e-25
-4.5295e-25
-4.5298e-25
-4.53e-25
-4.5328e-25
-4.53467e-25
-4.53554e-25
-4.53666e-25
-4.53682e-25
-4.53654e-25
-4.53573e-25
-4.5361e-25
-4.53491e-25
-4.53557e-25
-4.53435e-25
-4.53343e-25
-4.53247e-25
-4.53297e-25
-4.53179e-25
-4.53275e-25
-4.53259e-25
-4.53286e-25
-4.5328e-25
-4.53236e-25
-4.53304e-25
-4.53308e-25
-4.53323e-25
-4.53234e-25
-4.53061e-25
-4.52982e-25
-4.53195e-25
-4.53227e-25
-4.53164e-25
-4.53123e-25
-4.53321e-25
-4.53456e-25
-4.53355e-25
-4.53392e-25
-4.53307e-25
-4.53374e-25
-4.53394e-25
-4.53433e-25
-4.53534e-25
-4.53632e-25
-4.53651e-25
-4.53734e-25
-4.53735e-25
-4.53735e-25
-4.53729e-25
-4.537e-25
-4.5381e-25
-4.53873e-25
-4.54007e-25
-4.54053e-25
-4.54153e-25
-4.54245e-25
-4.54099e-25
-4.53994e-25
-4.53997e-25
-4.53883e-25
-4.53975e-25
-4.53991e-25
-4.54096e-25
-4.54089e-25
-4.54028e-25
-4.53895e-25
-4.5379e-25
-4.537e-25
-4.5376e-25
-4.53669e-25
-4.53753e-25
-4.53805e-25
-4.54045e-25
-4.54041e-25
-4.54062e-25
-4.54096e-25
-4.53986e-25
-4.53866e-25
-4.53578e-25
-4.53428e-25
-4.53224e-25
-4.53105e-25
-4.53052e-25
-4.53073e-25
-4.53234e-25
-4.53392e-25
-4.53578e-25
-4.53695e-25
-4.53797e-25
-4.53956e-25
-4.54054e-25
-4.54016e-25
-4.53864e-25
-4.53558e-25
-4.53498e-25
-4.53438e-25
-4.53239e-25
-4.53204e-25
-4.53341e-25
-4.53418e-25
-4.53505e-25
-4.53391e-25
-4.53393e-25
-4.53552e-25
-4.53686e-25
-4.53877e-25
-4.53977e-25
-4.54112e-25
-4.54215e-25
-4.54202e-25
-4.54275e-25
-4.54157e-25
-4.54103e-25
-4.53917e-25
-4.53841e-25
-4.537e-25
-4.5368e-25
-4.53587e-25
-4.53634e-25
-4.53887e-25
-4.54087e-25
-4.54429e-25
-4.54524e-25
-4.5462e-25
-4.54516e-25
-4.54351e-25
-4.54314e-25
-4.54113e-25
-4.54079e-25
-4.53922e-25
-4.53905e-25
-4.53995e-25
-4.54035e-25
-4.54016e-25
-4.53967e-25
-4.53859e-25
-4.53864e-25
-4.5393e-25
-4.5395e-25
-4.53837e-25
-4.53878e-25
-4.54046e-25
-4.5421e-25
-4.5424e-25
-4.54225e-25
-4.5424e-25
-4.5421e-25
-4.54199e-25
-4.54101e-25
-4.54073e-25
-4.53945e-25
-4.53942e-25
-4.54067e-25
-4.54069e-25
-4.5399e-25
-4.54018e-25
-4.54111e-25
-4.40004e-25
-4.3979e-25
-4.39734e-25
-4.3954e-25
-4.39606e-25
-4.39709e-25
-4.39685e-25
-4.39741e-25
-4.39883e-25
-4.39802e-25
-4.39647e-25
-4.39674e-25
-4.39489e-25
-4.39424e-25
-4.39426e-25
-4.39403e-25
-4.39518e-25
-4.39421e-25
-4.39344e-25
-4.39267e-25
-4.39239e-25
-4.39372e-25
-4.39451e-25
-4.39664e-25
-4.39712e-25
-4.39632e-25
-4.39569e-25
-4.39677e-25
-4.39653e-25
-4.39716e-25
-4.39621e-25
-4.39588e-25
-4.39351e-25
-4.39248e-25
-4.39191e-25
-4.39107e-25
-4.39078e-25
-4.39049e-25
-4.38991e-25
-4.39011e-25
-4.39007e-25
-4.3909e-25
-4.39138e-25
-4.39227e-25
-4.39315e-25
-4.39399e-25
-4.39409e-25
-4.39502e-25
-4.39475e-25
-4.3952e-25
-4.39361e-25
-4.39366e-25
-4.39482e-25
-4.3955e-25
-4.39623e-25
-4.39718e-25
-4.39713e-25
-4.3972e-25
-4.39547e-25
-4.39446e-25
-4.39381e-25
-4.3942e-25
-4.39269e-25
-4.39214e-25
-4.39111e-25
-4.39004e-25
-4.39015e-25
-4.38975e-25
-4.39079e-25
-4.38991e-25
-4.39002e-25
-4.38927e-25
-4.38891e-25
-4.38811e-25
-4.38755e-25
-4.38729e-25
-4.38696e-25
-4.38882e-25
-4.38949e-25
-4.39113e-25
-4.39345e-25
-4.39369e-25
-4.39412e-25
-4.39465e-25
-4.39598e-25
-4.3952e-25
-4.39338e-25
-4.39277e-25
-4.39353e-25
-4.39384e-25
-4.39301e-25
-4.39239e-25
-4.39234e-25
-4.3936e-25
-4.39395e-25
-4.39406e-25
-4.39383e-25
-4.39325e-25
-4.39428e-25
-4.3931e-25
-4.39205e-25
-4.39153e-25
-4.39181e-25
-4.39242e-25
-4.39182e-25
-4.39242e-25
-4.39273e-25
-4.394e-25
-4.39486e-25
-4.39786e-25
-4.39882e-25
-4.39883e-25
-4.39782e-25
-4.39825e-25
-4.39714e-25
-4.39556e-25
-4.39499e-25
-4.39444e-25
-4.39456e-25
-4.39476e-25
-4.39552e-25
-4.39672e-25
-4.39593e-25
-4.39579e-25
-4.39632e-25
-4.39619e-25
-4.39817e-25
-4.39672e-25
-4.39565e-25
-4.39733e-25
-4.39818e-25
-4.39869e-25
-4.3983e-25
-4.39764e-25
-4.39692e-25
-4.39803e-25
-4.39748e-25
-4.39811e-25
-4.39817e-25
-4.39788e-25
-4.39649e-25
-4.39705e-25
-4.39779e-25
-4.39887e-25
-4.39701e-25
-4.39578e-25
-4.39548e-25
-4.39655e-25
-4.39638e-25
-4.3963e-25
-4.39706e-25
-4.39746e-25
-4.39451e-25
-4.39297e-25
-4.39335e-25
-4.39304e-25
-4.39447e-25
-4.39549e-25
-4.39501e-25
-4.39562e-25
-4.395e-25
-4.39505e-25
-4.39553e-25
-4.39573e-25
-4.39576e-25
-4.39589e-25
-4.3963e-25
-4.39592e-25
-4.39874e-25
-4.3993e-25
-4.39952e-25
-4.39917e-25
-4.39936e-25
-4.39955e-25
-4.39791e-25
-4.39812e-25
-4.39861e-25
-4.39957e-25
-4.40017e-25
-4.40021e-25
-4.39986e-25
-4.39748e-25
-4.39704e-25
-4.39661e-25
-4.3959e-25
-4.39721e-25
-4.39824e-25
-4.39886e-25
-4.39862e-25
-4.3997e-25
-4.40226e-25
-4.40269e-25
-4.40053e-25
-4.40043e-25
-4.39935e-25
-4.3982e-25
-4.39831e-25
-4.39751e-25
-4.39739e-25
-4.39617e-25
-4.39495e-25
-4.39514e-25
-4.3942e-25
-4.39503e-25
-4.39562e-25
-4.39682e-25
-4.39871e-25
-4.39863e-25
-4.39907e-25
-4.40021e-25
-4.39776e-25
-4.39647e-25
-4.39448e-25
-4.39258e-25
-4.39212e-25
-4.3916e-25
-4.39323e-25
-4.39295e-25
-4.39271e-25
-4.39357e-25
-4.39594e-25
-4.39739e-25
-4.39854e-25
-4.40035e-25
-4.40008e-25
-4.39904e-25
-4.39854e-25
-4.39757e-25
-4.39773e-25
-4.39696e-25
-4.39703e-25
-4.39606e-25
-4.39735e-25
-4.39741e-25
-4.39815e-25
-4.39872e-25
-4.39942e-25
-4.39923e-25
-4.3983e-25
-4.39758e-25
-4.39744e-25
-4.3969e-25
-4.39615e-25
-4.3954e-25
-4.3937e-25
-4.39286e-25
-4.39163e-25
-4.39078e-25
-4.39059e-25
-4.39093e-25
-4.39102e-25
-4.3923e-25
-4.39375e-25
-4.39544e-25
-4.39672e-25
-4.39705e-25
-4.39771e-25
-4.39649e-25
-4.39697e-25
-4.39692e-25
-4.39658e-25
-4.39695e-25
-4.39706e-25
-4.3969e-25
-4.39605e-25
-4.39563e-25
-4.39463e-25
-4.39568e-25
-4.3952e-25
-4.39409e-25
-4.39393e-25
-4.39415e-25
-4.39268e-25
-4.39336e-25
-4.39358e-25
-4.39383e-25
-4.39421e-25
-4.39499e-25
-4.39508e-25
-4.39652e-25
-4.39537e-25
-4.39461e-25
-4.39378e-25
-4.39408e-25
-4.39463e-25
-4.39556e-25
-4.39458e-25
-4.39534e-25
-4.39475e-25
-4.39399e-25
-4.3932e-25
-4.39346e-25
-4.39295e-25
-4.39272e-25
-4.39308e-25
-4.39467e-25
-4.39576e-25
-4.3981e-25
-4.40007e-25
-4.40102e-25
-4.40155e-25
-4.40151e-25
-4.40321e-25
-4.40276e-25
-4.40156e-25
-4.39917e-25
-4.39825e-25
-4.39784e-25
-4.39788e-25
-4.39809e-25
-4.39806e-25
-4.39843e-25
-4.398e-25
-4.39815e-25
-4.39779e-25
-4.39631e-25
-4.3965e-25
-4.3992e-25
-4.40197e-25
-4.40235e-25
-4.4007e-25
-4.39982e-25
-4.3998e-25
-4.39872e-25
-4.39939e-25
-4.39874e-25
-4.39914e-25
-4.39894e-25
-4.39788e-25
-4.39837e-25
-4.39846e-25
-4.39906e-25
-4.39778e-25
-4.39852e-25
-4.39888e-25
-4.40066e-25
-4.40252e-25
-4.40354e-25
-4.40289e-25
-4.40252e-25
-4.40252e-25
-4.40259e-25
-4.40397e-25
-4.40206e-25
-4.40075e-25
-4.40104e-25
-4.39966e-25
-4.39915e-25
-4.39914e-25
-4.4008e-25
-4.40025e-25
-4.40018e-25
-4.39949e-25
-4.39845e-25
-4.39741e-25
-4.39615e-25
-4.39519e-25
-4.39614e-25
-4.39618e-25
-4.39533e-25
-4.39474e-25
-4.39551e-25
-4.39502e-25
-4.39629e-25
-4.39801e-25
-4.39966e-25
-4.40014e-25
-4.40052e-25
-4.39964e-25
-4.39864e-25
-4.39839e-25
-4.39878e-25
-4.39909e-25
-4.39947e-25
-4.39858e-25
-4.39919e-25
-4.40063e-25
-4.40032e-25
-4.39904e-25
-4.39804e-25
-4.39756e-25
-4.39743e-25
-4.3961e-25
-4.39479e-25
-4.396e-25
-4.39622e-25
-4.39732e-25
-4.39862e-25
-4.40249e-25
-4.40311e-25
-4.404e-25
-4.40371e-25
-4.40382e-25
-4.40382e-25
-4.40362e-25
-4.40299e-25
-4.40247e-25
-4.40238e-25
-4.4014e-25
-4.4009e-25
-4.4016e-25
-4.39997e-25
-4.39884e-25
-4.39768e-25
-4.39733e-25
-4.3959e-25
-4.39673e-25
-4.39802e-25
-4.39929e-25
-4.39953e-25
-4.40112e-25
-4.4008e-25
-4.3992e-25
-4.39709e-25
-4.39538e-25
-4.39409e-25
-4.39284e-25
-4.39263e-25
-4.39274e-25
-4.39148e-25
-4.39208e-25
-4.39106e-25
-4.39191e-25
-4.39271e-25
-4.3923e-25
-4.39197e-25
-4.39226e-25
-4.39334e-25
-4.39292e-25
-4.3932e-25
-4.3922e-25
-4.39273e-25
-4.39308e-25
-4.39223e-25
-4.39281e-25
-4.39267e-25
-4.3936e-25
-4.39428e-25
-4.39458e-25
-4.39529e-25
-4.39635e-25
-4.39747e-25
-4.39846e-25
-4.3988e-25
-4.39961e-25
-4.40194e-25
-4.40201e-25
-4.40166e-25
-4.4015e-25
-4.40132e-25
-4.40071e-25
-4.39943e-25
-4.39862e-25
-4.39788e-25
-4.39819e-25
-4.39786e-25
-4.39678e-25
-4.39698e-25
-4.3973e-25
-4.39751e-25
-4.39801e-25
-4.39889e-25
-4.39946e-25
-4.39822e-25
-4.39825e-25
-4.39673e-25
-4.39596e-25
-4.39558e-25
-4.3951e-25
-4.39636e-25
-4.39706e-25
-4.39881e-25
-4.4e-25
-4.40159e-25
-4.40149e-25
-4.40316e-25
-4.40317e-25
-4.40097e-25
-4.39985e-25
-4.39833e-25
-4.39548e-25
-4.39535e-25
-4.39352e-25
-4.39269e-25
-4.39444e-25
-4.39686e-25
-4.39945e-25
-4.39934e-25
-4.39897e-25
-4.39916e-25
-4.39734e-25
-4.39684e-25
-4.39665e-25
-4.3973e-25
-4.39864e-25
-4.39749e-25
-4.39709e-25
-4.39685e-25
-4.39584e-25
-4.39451e-25
-4.39451e-25
-4.39486e-25
-4.39441e-25
-4.39616e-25
-4.39759e-25
-4.39721e-25
-4.39701e-25
-4.39502e-25
-4.39569e-25
-4.39504e-25
-4.39511e-25
-4.39525e-25
-4.39693e-25
-4.39668e-25
-4.39617e-25
-4.39681e-25
-4.39496e-25
-4.39465e-25
-4.39418e-25
-4.39371e-25
-4.39515e-25
-4.3942e-25
-4.39553e-25
-4.3973e-25
-4.39797e-25
-4.39776e-25
-4.39774e-25
-4.39849e-25
-4.39877e-25
-4.3991e-25
-4.39897e-25
-4.39779e-25
-4.39811e-25
-4.39978e-25
-4.39903e-25
-4.39953e-25
-4.39752e-25
-4.39604e-25
-4.39564e-25
-4.39602e-25
-4.39718e-25
-4.3969e-25
-4.39737e-25
-4.39737e-25
-4.39789e-25
-4.39881e-25
-4.39799e-25
-4.39903e-25
-4.39911e-25
-4.39948e-25
-4.40046e-25
-4.4008e-25
-4.4013e-25
-4.40178e-25
-4.40118e-25
-4.40076e-25
-4.40079e-25
-4.40074e-25
-4.40012e-25
-4.4e-25
-4.39992e-25
-4.3992e-25
-4.39943e-25
-4.39979e-25
-4.40069e-25
-4.40155e-25
-4.40285e-25
-4.40288e-25
-4.40424e-25
-4.40464e-25
-4.40484e-25
-4.40382e-25
-4.40462e-25
-4.40413e-25
-4.40426e-25
-4.40345e-25
-4.40382e-25
-4.40351e-25
-4.4026e-25
-4.40217e-25
-4.40094e-25
-4.40105e-25
-4.40072e-25
-4.40104e-25
-4.40232e-25
-4.40181e-25
-4.40124e-25
-4.40027e-25
-4.4011e-25
-4.39975e-25
-4.39938e-25
-4.39957e-25
-4.39907e-25
-4.39811e-25
-4.39806e-25
-4.39845e-25
-4.39811e-25
-4.39869e-25
-4.39706e-25
-4.39488e-25
-4.39553e-25
-4.39592e-25
-4.39639e-25
-4.39568e-25
-4.39447e-25
-4.39139e-25
-4.39093e-25
-4.39009e-25
-4.38882e-25
-4.388e-25
-4.38887e-25
-4.38874e-25
-4.39031e-25
-4.3904e-25
-4.39158e-25
-4.39407e-25
-4.39522e-25
-4.39587e-25
-4.39619e-25
-4.3956e-25
-4.39299e-25
-4.39284e-25
-4.39265e-25
-4.39307e-25
-4.39208e-25
-4.39163e-25
-4.3902e-25
-4.39095e-25
-4.39007e-25
-4.39082e-25
-4.39114e-25
-4.39147e-25
-4.39169e-25
-4.39084e-25
-4.39057e-25
-4.3898e-25
-4.39002e-25
-4.39028e-25
-4.39083e-25
-4.38957e-25
-4.39013e-25
-4.3902e-25
-4.38945e-25
-4.38874e-25
-4.38853e-25
-4.3898e-25
-4.38791e-25
-4.38748e-25
-4.3887e-25
-4.38924e-25
-4.38883e-25
-4.38876e-25
-4.38856e-25
-4.38842e-25
-4.38776e-25
-4.38719e-25
-4.38749e-25
-4.38785e-25
-4.38629e-25
-4.38626e-25
-4.38473e-25
-4.38459e-25
-4.38417e-25
-4.38507e-25
-4.38546e-25
-4.38734e-25
-4.38854e-25
-4.38997e-25
-4.39225e-25
-4.39256e-25
-4.39432e-25
-4.39464e-25
-4.39469e-25
-4.39558e-25
-4.39553e-25
-4.39391e-25
-4.39328e-25
-4.39241e-25
-4.39275e-25
-4.39255e-25
-4.39234e-25
-4.39477e-25
-4.3969e-25
-4.39915e-25
-4.40103e-25
-4.40075e-25
-4.3995e-25
-4.39924e-25
-4.3967e-25
-4.39591e-25
-4.39562e-25
-4.39508e-25
-4.39391e-25
-4.39343e-25
-4.39436e-25
-4.39396e-25
-4.3947e-25
-4.39577e-25
-4.39499e-25
-4.39539e-25
-4.39664e-25
-4.39592e-25
-4.39569e-25
-4.39466e-25
-4.39438e-25
-4.39408e-25
-4.3947e-25
-4.39454e-25
-4.39454e-25
-4.39628e-25
-4.39784e-25
-4.39698e-25
-4.39742e-25
-4.39753e-25
-4.3973e-25
-4.39837e-25
-4.39686e-25
-4.39693e-25
-4.39672e-25
-4.39592e-25
-4.3955e-25
-4.39535e-25
-4.39444e-25
-4.39404e-25
-4.39436e-25
-4.39426e-25
-4.39494e-25
-4.39495e-25
-4.39447e-25
-4.39802e-25
-4.40043e-25
-4.40347e-25
-4.40537e-25
-4.40415e-25
-4.40368e-25
-4.4017e-25
-4.39837e-25
-4.397e-25
-4.39614e-25
-4.39544e-25
-4.39637e-25
-4.39494e-25
-4.39486e-25
-4.39513e-25
-4.39497e-25
-4.39444e-25
-4.39495e-25
-4.39575e-25
-4.39491e-25
-4.39647e-25
-4.39753e-25
-4.39828e-25
-4.39882e-25
-4.39899e-25
-4.3988e-25
-4.39975e-25
-4.39904e-25
-4.3986e-25
-4.39711e-25
-4.39717e-25
-4.39608e-25
-4.39534e-25
-4.39486e-25
-4.39561e-25
-4.39574e-25
-4.39535e-25
-4.39635e-25
-4.39727e-25
-4.39709e-25
-4.39662e-25
-4.39605e-25
-4.39482e-25
-4.39415e-25
-4.39289e-25
-4.3936e-25
-4.39288e-25
-4.39198e-25
-4.39113e-25
-4.39197e-25
-4.39274e-25
-4.39462e-25
-4.39542e-25
-4.39511e-25
-4.39491e-25
-4.39548e-25
-4.39447e-25
-4.39449e-25
-4.39331e-25
-4.39272e-25
-4.39321e-25
-4.39158e-25
-4.39113e-25
-4.39275e-25
-4.39308e-25
-4.39375e-25
-4.39338e-25
-4.39429e-25
-4.39458e-25
-4.39565e-25
-4.39586e-25
-4.39703e-25
-4.39668e-25
-4.39762e-25
-4.39718e-25
-4.39746e-25
-4.39776e-25
-4.39745e-25
-4.3979e-25
-4.39782e-25
-4.39613e-25
-4.39574e-25
-4.39387e-25
-4.39365e-25
-4.39365e-25
-4.39303e-25
-4.39204e-25
-4.39285e-25
-4.39213e-25
-4.39401e-25
-4.39556e-25
-4.39627e-25
-4.39678e-25
-4.39713e-25
-4.39739e-25
-4.39787e-25
-4.39851e-25
-4.39707e-25
-4.39704e-25
-4.39753e-25
-4.39737e-25
-4.39662e-25
-4.39851e-25
-4.40034e-25
-4.4017e-25
-4.40344e-25
-4.40454e-25
-4.40607e-25
-4.40588e-25
-4.40515e-25
-4.40384e-25
-4.40314e-25
-4.40262e-25
-4.40134e-25
-4.39984e-25
-4.39828e-25
-4.39618e-25
-4.39466e-25
-4.39289e-25
-4.39239e-25
-4.39346e-25
-4.39316e-25
-4.39475e-25
-4.39617e-25
-4.39725e-25
-4.39562e-25
-4.39673e-25
-4.39598e-25
-4.39669e-25
-4.39628e-25
-4.39755e-25
-4.40018e-25
-4.40141e-25
-4.40231e-25
-4.40235e-25
-4.40312e-25
-4.40334e-25
-4.4029e-25
-4.40243e-25
-4.4025e-25
-4.40245e-25
-4.40279e-25
-4.40124e-25
-4.40064e-25
-4.39809e-25
-4.39767e-25
-4.39888e-25
-4.39971e-25
-4.39951e-25
-4.3989e-25
-4.39862e-25
-4.39811e-25
-4.39763e-25
-4.39605e-25
-4.39543e-25
-4.39556e-25
-4.39695e-25
-4.39669e-25
-4.39671e-25
-4.39683e-25
-4.39626e-25
-4.39823e-25
-4.39957e-25
-4.3997e-25
-4.39903e-25
-4.39962e-25
-4.40017e-25
-4.40101e-25
-4.40119e-25
-4.40011e-25
-4.39916e-25
-4.39775e-25
-4.39641e-25
-4.39479e-25
-4.39445e-25
-4.39337e-25
-4.39466e-25
-4.3938e-25
-4.39379e-25
-4.39443e-25
-4.3934e-25
-4.39304e-25
-4.39447e-25
-4.39632e-25
-4.39543e-25
-4.39422e-25
-4.39481e-25
-4.39516e-25
-4.39286e-25
-4.39286e-25
-4.39347e-25
-4.3937e-25
-4.39561e-25
-4.39715e-25
-4.39766e-25
-4.3982e-25
-4.39814e-25
-4.39899e-25
-4.39866e-25
-4.39807e-25
-4.39836e-25
-4.39777e-25
-4.39851e-25
-4.39979e-25
-4.39914e-25
-4.39992e-25
-4.40008e-25
-4.39775e-25
-4.39787e-25
-4.39667e-25
-4.39578e-25
-4.39673e-25
-4.39723e-25
-4.39734e-25
-4.39611e-25
-4.39576e-25
-4.39591e-25
-4.3957e-25
-4.39603e-25
-4.3956e-25
-4.3963e-25
-4.39747e-25
-4.39665e-25
-4.39626e-25
-4.39778e-25
-4.39765e-25
-4.3974e-25
-4.39729e-25
-4.39666e-25
-4.39448e-25
-4.39282e-25
-4.3912e-25
-4.39123e-25
-4.39101e-25
-4.39156e-25
-4.39203e-25
-4.39242e-25
-4.39171e-25
-4.39195e-25
-4.391e-25
-4.39029e-25
-4.38985e-25
-4.38927e-25
-4.38784e-25
-4.38682e-25
-4.38692e-25
-4.38839e-25
-4.38985e-25
-4.39094e-25
-4.3926e-25
-4.39327e-25
-4.39339e-25
-4.39389e-25
-4.39427e-25
-4.39313e-25
-4.39404e-25
-4.39281e-25
-4.39297e-25
-4.39163e-25
-4.39204e-25
-4.39236e-25
-4.39147e-25
-4.39023e-25
-4.38865e-25
-4.38805e-25
-4.38579e-25
-4.38484e-25
-4.38304e-25
-4.38323e-25
-4.38486e-25
-4.38549e-25
