-8.1345e-25
-8.1282e-25
-8.11723e-25
-8.10054e-25
-8.07668e-25
-8.04412e-25
-8.0038e-25
-7.95015e-25
-7.88598e-25
-7.80855e-25
-7.71892e-25
-7.6175e-25
-7.50685e-25
-7.38986e-25
-7.27658e-25
-7.17183e-25
-7.08195e-25
-7.01129e-25
-6.96373e-25
-6.939e-25
-6.93304e-25
-6.94491e-25
-6.96651e-25
-6.99673e-25
-7.03003e-25
-7.06467e-25
-7.09652e-25
-7.12743e-25
-7.15164e-25
-7.17285e-25
-7.18933e-25
-7.20036e-25
-7.2073e-25
-7.21121e-25
-7.21225e-25
-7.20787e-25
-7.19837e-25
-7.18607e-25
-7.17117e-25
-7.15408e-25
-7.13735e-25
-7.12271e-25
-7.11004e-25
-7.1029e-25
-7.1004e-25
-7.10206e-25
-7.11145e-25
-7.12245e-25
-7.13573e-25
-7.1495e-25
-7.16211e-25
-7.17215e-25
-7.17882e-25
-7.18074e-25
-7.1794e-25
-7.17655e-25
-7.17213e-25
-7.16577e-25
-7.16059e-25
-7.15697e-25
-7.15575e-25
-7.15628e-25
-7.15925e-25
-7.1635e-25
-7.16814e-25
-7.17305e-25
-7.17743e-25
-7.18099e-25
-7.18389e-25
-7.18446e-25
-7.18261e-25
-7.17894e-25
-7.17353e-25
-7.16553e-25
-7.15519e-25
-7.14488e-25
-7.13442e-25
-7.12477e-25
-7.11848e-25
-7.11357e-25
-7.11109e-25
-7.1091e-25
-7.1075e-25
-7.10625e-25
-7.10469e-25
-7.10309e-25
-7.09877e-25
-7.09355e-25
-7.08847e-25
-7.08139e-25
-7.07442e-25
-7.06887e-25
-7.06623e-25
-7.06663e-25
-7.07088e-25
-7.07686e-25
-7.08365e-25
-7.09158e-25
-7.10052e-25
-7.10803e-25
-7.11311e-25
-7.11715e-25
-7.11787e-25
-7.11635e-25
-7.11122e-25
-7.10387e-25
-7.09393e-25
-7.08467e-25
-7.07566e-25
-7.0693e-25
-7.06338e-25
-7.06127e-25
-7.06185e-25
-7.06369e-25
-7.06536e-25
-7.07048e-25
-7.07635e-25
-7.08392e-25
-7.09058e-25
-7.09733e-25
-7.10297e-25
-7.10749e-25
-7.10932e-25
-7.10883e-25
-7.10673e-25
-7.10329e-25
-7.10259e-25
-7.1045e-25
-7.11189e-25
-7.12369e-25
-7.13953e-25
-7.15678e-25
-7.17186e-25
-7.18761e-25
-7.19698e-25
-7.20383e-25
-7.20693e-25
-7.20688e-25
-7.20571e-25
-7.20418e-25
-7.20285e-25
-7.2024e-25
-7.20177e-25
-7.2001e-25
-7.19801e-25
-7.19443e-25
-7.18912e-25
-7.18136e-25
-7.17196e-25
-7.1626e-25
-7.15379e-25
-7.14778e-25
-7.14206e-25
-7.13793e-25
-7.13637e-25
-7.13512e-25
-7.13348e-25
-7.13159e-25
-7.12983e-25
-7.1282e-25
-7.12808e-25
-7.12976e-25
-7.13169e-25
-7.13701e-25
-7.14426e-25
-7.15324e-25
-7.16355e-25
-7.173e-25
-7.17911e-25
-7.18243e-25
-7.18251e-25
-7.17745e-25
-7.16806e-25
-7.15647e-25
-7.14246e-25
-7.13085e-25
-7.12115e-25
-7.11465e-25
-7.10878e-25
-7.10407e-25
-7.09916e-25
-7.09558e-25
-7.09208e-25
-7.09008e-25
-7.09233e-25
-7.09779e-25
-7.10671e-25
-7.11812e-25
-7.12917e-25
-7.13897e-25
-7.14638e-25
-7.14939e-25
-7.15122e-25
-7.14925e-25
-7.14479e-25
-7.13959e-25
-7.13316e-25
-7.12643e-25
-7.12229e-25
-7.11515e-25
-7.10895e-25
-7.10247e-25
-7.09861e-25
-7.09666e-25
-7.09797e-25
-7.10401e-25
-7.11384e-25
-7.12694e-25
-7.14266e-25
-7.16137e-25
-7.17812e-25
-7.19187e-25
-7.20189e-25
-7.20838e-25
-7.20977e-25
-7.20693e-25
-7.20092e-25
-7.19073e-25
-7.17782e-25
-7.16453e-25
-7.15097e-25
-7.13666e-25
-7.12498e-25
-7.11691e-25
-7.11104e-25
-7.10647e-25
-7.10452e-25
-7.10414e-25
-7.10439e-25
-7.10442e-25
-7.10576e-25
-7.10662e-25
-7.10817e-25
-7.10998e-25
-7.11431e-25
-7.1178e-25
-7.12188e-25
-7.1252e-25
-7.1272e-25
-7.12734e-25
-7.12627e-25
-7.12394e-25
-7.1204e-25
-7.11648e-25
-7.11384e-25
-7.11275e-25
-7.11153e-25
-7.11249e-25
-7.11528e-25
-7.11852e-25
-7.12214e-25
-7.12597e-25
-7.12804e-25
-7.12928e-25
-7.12802e-25
-7.12596e-25
-7.1235e-25
-7.12008e-25
-7.11665e-25
-7.1134e-25
-7.10999e-25
-7.10661e-25
-7.10382e-25
-7.10073e-25
-7.09585e-25
-7.09219e-25
-7.08919e-25
-7.0863e-25
-7.08375e-25
-7.08084e-25
-7.07953e-25
-7.08012e-25
-7.08122e-25
-7.0849e-25
-7.08953e-25
-7.09342e-25
-7.10019e-25
-7.10842e-25
-7.11683e-25
-7.12468e-25
-7.12994e-25
-7.13448e-25
-7.13727e-25
-7.13924e-25
-7.14132e-25
-7.14205e-25
-7.14209e-25
-7.14154e-25
-7.14185e-25
-7.14436e-25
-7.14898e-25
-7.15478e-25
-7.1617e-25
-7.16954e-25
-7.17577e-25
-7.18004e-25
-7.18149e-25
-7.18109e-25
-7.17625e-25
-7.16819e-25
-7.15564e-25
-7.13885e-25
-7.11922e-25
-7.0976e-25
-7.07726e-25
-7.0601e-25
-7.04919e-25
-7.04502e-25
-7.04869e-25
-7.05833e-25
-7.06909e-25
-7.08217e-25
-7.0916e-25
-7.09671e-25
-7.09784e-25
-7.09535e-25
-7.08646e-25
-7.07528e-25
-7.06263e-25
-7.05037e-25
-7.03993e-25
-7.03157e-25
-7.02677e-25
-7.0267e-25
-7.02983e-25
-7.03384e-25
-7.03972e-25
-7.04705e-25
-7.05486e-25
-7.06112e-25
-7.06808e-25
-7.07398e-25
-7.07788e-25
-7.07995e-25
-7.08183e-25
-7.08338e-25
-7.08314e-25
-7.08418e-25
-7.0828e-25
-7.07898e-25
-7.07243e-25
-7.06317e-25
-7.05244e-25
-7.04039e-25
-7.02833e-25
-7.01673e-25
-7.00947e-25
-7.00591e-25
-7.00675e-25
-7.01225e-25
-7.02138e-25
-7.03177e-25
-7.0423e-25
-7.05435e-25
-7.06262e-25
-7.0671e-25
-7.06858e-25
-7.06921e-25
-7.06794e-25
-7.06546e-25
-7.06209e-25
-7.05872e-25
-7.05857e-25
-7.06089e-25
-7.06559e-25
-7.07147e-25
-7.08139e-25
-7.09301e-25
-7.10649e-25
-7.12141e-25
-7.13732e-25
-7.15333e-25
-7.1685e-25
-7.18143e-25
-7.1923e-25
-7.19915e-25
-7.20142e-25
-7.20197e-25
-7.19884e-25
-7.19276e-25
-7.18453e-25
-7.17587e-25
-7.1657e-25
-7.1562e-25
-7.14693e-25
-7.1394e-25
-7.13186e-25
-7.12532e-25
-7.11735e-25
-7.10921e-25
-7.10019e-25
-7.0926e-25
-7.0857e-25
-7.08003e-25
-7.07292e-25
-7.0672e-25
-7.06054e-25
-7.05476e-25
-7.04719e-25
-7.04032e-25
-7.03591e-25
-7.03119e-25
-7.02986e-25
-7.03133e-25
-7.03621e-25
-7.04381e-25
-7.05257e-25
-7.06341e-25
-7.07422e-25
-7.0876e-25
-7.102e-25
-7.11698e-25
-7.13343e-25
-7.15122e-25
-7.16856e-25
-7.18742e-25
-7.20384e-25
-7.21869e-25
-7.22899e-25
-7.2354e-25
-7.2379e-25
-7.23762e-25
-7.23326e-25
-7.22698e-25
-7.21995e-25
-7.21026e-25
-7.1974e-25
-7.18204e-25
-7.1643e-25
-7.14363e-25
-7.12079e-25
-7.09496e-25
-7.06934e-25
-7.04632e-25
-7.02842e-25
-7.01579e-25
-7.01218e-25
-7.016e-25
-7.02623e-25
-7.04137e-25
-7.05844e-25
-7.0765e-25
-7.09357e-25
-7.10695e-25
-7.11752e-25
-7.12603e-25
-7.12928e-25
-7.13195e-25
-7.13171e-25
-7.12986e-25
-7.1278e-25
-7.12407e-25
-7.12164e-25
-7.12076e-25
-7.11953e-25
-7.11795e-25
-7.11661e-25
-7.11418e-25
-7.11054e-25
-7.10618e-25
-7.09939e-25
-7.09229e-25
-7.08318e-25
-7.07563e-25
-7.06526e-25
-7.05495e-25
-7.04557e-25
-7.03555e-25
-7.02518e-25
-7.01603e-25
-7.01192e-25
-7.00899e-25
-7.01102e-25
-7.01534e-25
-7.02204e-25
-7.0298e-25
-7.04036e-25
-7.05059e-25
-7.06081e-25
-7.06895e-25
-7.08041e-25
-7.09107e-25
-7.10117e-25
-7.11054e-25
-7.11855e-25
-7.12505e-25
-7.1293e-25
-7.13109e-25
-7.13065e-25
-7.12666e-25
-7.12132e-25
-7.11278e-25
-7.10167e-25
-7.08838e-25
-7.0722e-25
-7.05479e-25
-7.03596e-25
-7.01853e-25
-7.00274e-25
-6.98885e-25
-6.97899e-25
-6.97155e-25
-6.96897e-25
-6.96894e-25
-6.97334e-25
-6.981e-25
-6.99192e-25
-7.00467e-25
-7.01778e-25
-7.03083e-25
-7.04396e-25
-7.05441e-25
-7.06455e-25
-7.07199e-25
-7.07644e-25
-7.07716e-25
-7.07647e-25
-7.07376e-25
-7.06845e-25
-7.06184e-25
-7.05296e-25
-7.04303e-25
-7.0312e-25
-7.0214e-25
-7.01283e-25
-7.00735e-25
-7.00379e-25
-7.00436e-25
-7.0066e-25
-7.01135e-25
-7.01722e-25
-7.02501e-25
-7.03258e-25
-7.03952e-25
-7.04594e-25
-7.04978e-25
-7.05112e-25
-7.04955e-25
-7.04509e-25
-7.03887e-25
-7.03217e-25
-7.02535e-25
-7.01834e-25
-7.01425e-25
-7.01149e-25
-7.01304e-25
-7.0155e-25
-7.02026e-25
-7.02754e-25
-7.03518e-25
-7.04114e-25
-7.04667e-25
-7.05362e-25
-7.06007e-25
-7.06824e-25
-7.07507e-25
-7.08159e-25
-7.08828e-25
-7.09421e-25
-7.09791e-25
-7.09931e-25
-7.09944e-25
-7.09669e-25
-7.09367e-25
-7.09023e-25
-7.08557e-25
-7.08237e-25
-7.07822e-25
-7.07424e-25
-7.06821e-25
-7.06417e-25
-7.0586e-25
-7.05112e-25
-7.04245e-25
-7.03382e-25
-7.02439e-25
-7.01366e-25
-7.00271e-25
-6.99149e-25
-6.98007e-25
-6.97058e-25
-6.9623e-25
-6.95335e-25
-6.94655e-25
-6.94032e-25
-6.93369e-25
-6.92795e-25
-6.92545e-25
-6.92301e-25
-6.92351e-25
-6.92418e-25
-6.92447e-25
-6.92747e-25
-6.92888e-25
-6.93139e-25
-6.93529e-25
-6.94068e-25
-6.94537e-25
-6.95132e-25
-6.95704e-25
-6.96162e-25
-6.96735e-25
-6.97372e-25
-6.9807e-25
-6.98996e-25
-7.00072e-25
-7.01402e-25
-7.0293e-25
-7.04395e-25
-7.05795e-25
-7.06825e-25
-7.07531e-25
-7.07938e-25
-7.08039e-25
-7.07745e-25
-7.07041e-25
-7.06084e-25
-7.04843e-25
-7.03551e-25
-7.02177e-25
-7.00867e-25
-6.99554e-25
-6.98545e-25
-6.97738e-25
-6.97228e-25
-6.96982e-25
-6.96999e-25
-6.97154e-25
-6.97341e-25
-6.97768e-25
-6.98269e-25
-6.98836e-25
-6.99396e-25
-6.99949e-25
-7.00646e-25
-7.01274e-25
-7.02055e-25
-7.02785e-25
-7.03575e-25
-7.04244e-25
-7.04789e-25
-7.05055e-25
-7.05045e-25
-7.04757e-25
-7.0425e-25
-7.03447e-25
-7.02644e-25
-7.01699e-25
-7.00732e-25
-6.99943e-25
-6.99215e-25
-6.98675e-25
-6.98428e-25
-6.98228e-25
-6.98035e-25
-6.97721e-25
-6.9743e-25
-6.97065e-25
-6.96603e-25
-6.95927e-25
-6.95373e-25
-6.94775e-25
-6.94193e-25
-6.9375e-25
-6.93476e-25
-6.93378e-25
-6.93478e-25
-6.93704e-25
-6.94122e-25
-6.94649e-25
-6.95286e-25
-6.96054e-25
-6.96974e-25
-6.98031e-25
-6.99019e-25
-7.0003e-25
-7.00993e-25
-7.0176e-25
-7.02461e-25
-7.03251e-25
-7.03772e-25
-7.04306e-25
-7.05e-25
-7.05823e-25
-7.06711e-25
-7.07646e-25
-7.08576e-25
-7.09458e-25
-7.10074e-25
-7.10451e-25
-7.10529e-25
-7.10408e-25
-7.10033e-25
-7.09785e-25
-7.09522e-25
-7.09407e-25
-7.09389e-25
-7.09728e-25
-7.10173e-25
-7.10912e-25
-7.11773e-25
-7.12715e-25
-7.13721e-25
-7.14388e-25
-7.15121e-25
-7.15746e-25
-7.16199e-25
-7.16451e-25
-7.16408e-25
-7.16033e-25
-7.15133e-25
-7.14023e-25
-7.12693e-25
-7.11163e-25
-7.09674e-25
-7.08342e-25
-7.07318e-25
-7.06636e-25
-7.0631e-25
-7.06205e-25
-7.06377e-25
-7.06721e-25
-7.07072e-25
-7.07593e-25
-7.0795e-25
-7.08365e-25
-7.08786e-25
-7.08934e-25
-7.09038e-25
-7.08943e-25
-7.08757e-25
-7.08657e-25
-7.0877e-25
-7.08868e-25
-7.09275e-25
-7.09637e-25
-7.10101e-25
-7.10707e-25
-7.11181e-25
-7.116e-25
-7.11907e-25
-7.12317e-25
-7.12726e-25
-7.13278e-25
-7.13784e-25
-7.14572e-25
-7.15297e-25
-7.1601e-25
-7.1669e-25
-7.17226e-25
-7.17487e-25
-7.17537e-25
-7.17316e-25
-7.16756e-25
-7.15712e-25
-7.14483e-25
-7.13053e-25
-7.11479e-25
-7.09909e-25
-7.08648e-25
-7.07705e-25
-7.07189e-25
-7.0696e-25
-7.06954e-25
-7.07032e-25
-7.07234e-25
-7.07426e-25
-7.07594e-25
-7.07874e-25
-7.08077e-25
-7.08377e-25
-7.0882e-25
-7.09328e-25
-7.09936e-25
-7.1064e-25
-7.11445e-25
-7.12233e-25
-7.12824e-25
-7.13141e-25
-7.12875e-25
-7.12127e-25
-7.11041e-25
-7.09603e-25
-7.08194e-25
-7.06899e-25
-7.06069e-25
-7.05644e-25
-7.05727e-25
-7.06128e-25
-7.06697e-25
-7.07472e-25
-7.08335e-25
-7.09515e-25
-7.10594e-25
-7.12048e-25
-7.13339e-25
-7.14413e-25
-7.15233e-25
-7.1575e-25
-7.15919e-25
-7.15664e-25
-7.15096e-25
-7.14372e-25
-7.13429e-25
-7.1234e-25
-7.11173e-25
-7.09729e-25
-7.0826e-25
-7.06715e-25
-7.05066e-25
-7.03615e-25
-7.02579e-25
-7.02089e-25
-7.02315e-25
-7.03069e-25
-7.04346e-25
-7.06029e-25
-7.07903e-25
-7.09653e-25
-7.11326e-25
-7.12747e-25
-7.13686e-25
-7.14272e-25
-7.14455e-25
-7.14271e-25
-7.13866e-25
-7.13149e-25
-7.12467e-25
-7.11733e-25
-7.1097e-25
-7.10248e-25
-7.09586e-25
-7.08968e-25
-7.08496e-25
-7.08117e-25
-7.07809e-25
-7.07771e-25
-7.08002e-25
-7.08459e-25
-7.09054e-25
-7.09746e-25
-7.10429e-25
-7.11222e-25
-7.11803e-25
-7.12537e-25
-7.13286e-25
-7.14094e-25
-7.14798e-25
-7.15475e-25
-7.15946e-25
-7.16226e-25
-7.16355e-25
-7.16121e-25
-7.15727e-25
-7.15078e-25
-7.1399e-25
-7.12738e-25
-7.11148e-25
-7.09294e-25
-7.0735e-25
-7.0516e-25
-7.03044e-25
-7.01039e-25
-6.9961e-25
-6.98633e-25
-6.98271e-25
-6.9895e-25
-7.00073e-25
-7.01704e-25
-7.03545e-25
-7.05427e-25
-7.07108e-25
-7.08479e-25
-7.09412e-25
-7.09967e-25
-7.10381e-25
-7.10748e-25
-7.10981e-25
-7.11157e-25
-7.11201e-25
-7.11207e-25
-7.11075e-25
-7.10554e-25
-7.09846e-25
-7.08947e-25
-7.07912e-25
-7.06614e-25
-7.05411e-25
-7.04175e-25
-7.029e-25
-7.02014e-25
-7.01486e-25
-7.01416e-25
-7.01949e-25
-7.03053e-25
-7.0445e-25
-7.05992e-25
-7.07419e-25
-7.08521e-25
-7.09264e-25
-7.09525e-25
-7.09355e-25
-7.08934e-25
-7.08292e-25
-7.07708e-25
-7.07268e-25
-7.06861e-25
-7.06699e-25
-7.06628e-25
-7.06861e-25
-7.07399e-25
-7.08206e-25
-7.09139e-25
-7.10281e-25
-7.11328e-25
-7.12506e-25
-7.13442e-25
-7.14131e-25
-7.14427e-25
-7.14593e-25
-7.14359e-25
-7.1401e-25
-7.1357e-25
-7.13125e-25
-7.12718e-25
-7.12424e-25
-7.12393e-25
-7.12459e-25
-7.12344e-25
-7.12248e-25
-7.11895e-25
-7.11614e-25
-7.1143e-25
-7.11794e-25
-7.12372e-25
-7.1327e-25
-7.14259e-25
-7.15267e-25
-7.15806e-25
-7.16039e-25
-7.16051e-25
-7.15662e-25
-7.15049e-25
-7.14173e-25
-7.13289e-25
-7.12252e-25
-7.11201e-25
-7.10133e-25
-7.08926e-25
-7.07737e-25
-7.06508e-25
-7.05235e-25
-7.03883e-25
-7.02524e-25
-7.01237e-25
-7.00011e-25
-6.98976e-25
-6.98215e-25
-6.97848e-25
-6.97792e-25
-6.98215e-25
-6.9917e-25
-7.00454e-25
-7.02031e-25
-7.03811e-25
-7.05353e-25
-7.06884e-25
-7.08309e-25
-7.095e-25
-7.1039e-25
-7.10892e-25
-7.11055e-25
-7.108e-25
-7.10205e-25
-7.09453e-25
-7.08375e-25
-7.07113e-25
-7.06033e-25
-7.05084e-25
-7.04342e-25
-7.03989e-25
-7.03901e-25
-7.04078e-25
-7.04408e-25
-7.04967e-25
-7.05688e-25
-7.06483e-25
-7.07397e-25
-7.08364e-25
-7.09238e-25
-7.09762e-25
-7.10104e-25
-7.10147e-25
-7.09764e-25
-7.09199e-25
-7.08391e-25
-7.07392e-25
-7.06189e-25
-7.04919e-25
-7.03608e-25
-7.01439e-25
-6.98033e-25
-6.94025e-25
-6.89432e-25
-6.84375e-25
-6.79034e-25
-6.73609e-25
-6.68445e-25
-6.63661e-25
-6.59551e-25
-6.56332e-25
-6.54216e-25
-6.53348e-25
-6.53673e-25
-6.55253e-25
-6.57859e-25
-6.61411e-25
-6.65619e-25
-6.70037e-25
-6.74269e-25
-6.78082e-25
-6.81082e-25
-6.8292e-25
-6.83565e-25
-6.82888e-25
-6.80993e-25
-6.78192e-25
-6.74933e-25
-6.71643e-25
-6.68746e-25
-6.66306e-25
-6.64143e-25
-6.62052e-25
-6.59796e-25
-6.57513e-25
-6.55349e-25
-6.53455e-25
-6.52066e-25
-6.51386e-25
-6.51584e-25
-6.52764e-25
-6.54922e-25
-6.57765e-25
-6.6116e-25
-6.64566e-25
-6.67827e-25
-6.70382e-25
-6.72133e-25
-6.73144e-25
-6.73564e-25
-6.73165e-25
-6.72182e-25
-6.70718e-25
-6.68548e-25
-6.65957e-25
-6.63327e-25
-6.60998e-25
-6.58957e-25
-6.57431e-25
-6.56451e-25
-6.5605e-25
-6.56035e-25
-6.56389e-25
-6.56949e-25
-6.58015e-25
-6.59639e-25
-6.61798e-25
-6.64374e-25
-6.67324e-25
-6.70149e-25
-6.72878e-25
-6.75073e-25
-6.76584e-25
-6.77114e-25
-6.76543e-25
-6.74778e-25
-6.7209e-25
-6.68862e-25
-6.65724e-25
-6.63072e-25
-6.61278e-25
-6.60427e-25
-6.60063e-25
-6.60278e-25
-6.60869e-25
-6.61936e-25
-6.63162e-25
-6.64546e-25
-6.65785e-25
-6.66485e-25
-6.66487e-25
-6.65618e-25
-6.64473e-25
-6.63446e-25
-6.62501e-25
-6.62009e-25
-6.61752e-25
-6.61553e-25
-6.61568e-25
-6.61675e-25
-6.6208e-25
-6.63116e-25
-6.64987e-25
-6.67527e-25
-6.70663e-25
-6.74005e-25
-6.76841e-25
-6.79208e-25
-6.80193e-25
-6.79907e-25
-6.78383e-25
-6.75979e-25
-6.73057e-25
-6.70033e-25
-6.6722e-25
-6.65033e-25
-6.63309e-25
-6.62225e-25
-6.6181e-25
-6.61865e-25
-6.62499e-25
-6.63554e-25
-6.64549e-25
-6.65557e-25
-6.66369e-25
-6.66738e-25
-6.66717e-25
-6.65771e-25
-6.64359e-25
-6.62502e-25
-6.60378e-25
-6.58482e-25
-6.57432e-25
-6.57577e-25
-6.58917e-25
-6.60886e-25
-6.63263e-25
-6.65528e-25
-6.67776e-25
-6.69769e-25
-6.71319e-25
-6.72476e-25
-6.72931e-25
-6.72637e-25
-6.71706e-25
-6.70623e-25
-6.69498e-25
-6.68821e-25
-6.68823e-25
-6.69264e-25
-6.70199e-25
-6.7149e-25
-6.72786e-25
-6.73918e-25
-6.74548e-25
-6.74753e-25
-6.7426e-25
-6.73235e-25
-6.71595e-25
-6.69433e-25
-6.66707e-25
-6.63839e-25
-6.60752e-25
-6.57485e-25
-6.54325e-25
-6.51301e-25
-6.48824e-25
-6.47077e-25
-6.4588e-25
-6.45595e-25
-6.46136e-25
-6.47491e-25
-6.49716e-25
-6.52664e-25
-6.56418e-25
-6.60689e-25
-6.64996e-25
-6.69023e-25
-6.72465e-25
-6.7488e-25
-6.75937e-25
-6.75785e-25
-6.74455e-25
-6.7206e-25
-6.69151e-25
-6.66155e-25
-6.63087e-25
-6.60645e-25
-6.58835e-25
-6.57634e-25
-6.56977e-25
-6.5689e-25
-6.57295e-25
-6.58234e-25
-6.59731e-25
-6.61757e-25
-6.64059e-25
-6.66532e-25
-6.69171e-25
-6.71676e-25
-6.74111e-25
-6.76215e-25
-6.77723e-25
-6.78769e-25
-6.79349e-25
-6.795e-25
-6.79418e-25
-6.7909e-25
-6.78423e-25
-6.77334e-25
-6.75549e-25
-6.73458e-25
-6.7105e-25
-6.6889e-25
-6.67329e-25
-6.66992e-25
-6.67912e-25
-6.70077e-25
-6.73034e-25
-6.76181e-25
-6.78855e-25
-6.80713e-25
-6.81754e-25
-6.81661e-25
-6.80737e-25
-6.79032e-25
-6.76745e-25
-6.74156e-25
-6.71662e-25
-6.69225e-25
-6.6713e-25
-6.65179e-25
-6.63704e-25
-6.62563e-25
-6.61488e-25
-6.60374e-25
-6.59314e-25
-6.5809e-25
-6.56914e-25
-6.55667e-25
-6.54739e-25
-6.54157e-25
-6.54087e-25
-6.54602e-25
-6.55713e-25
-6.57377e-25
-6.59045e-25
-6.60689e-25
-6.62113e-25
-6.6335e-25
-6.64505e-25
-6.65362e-25
-6.66225e-25
-6.67138e-25
-6.67953e-25
-6.68656e-25
-6.68848e-25
-6.68495e-25
-6.6733e-25
-6.65559e-25
-6.63534e-25
-6.61449e-25
-6.59755e-25
-6.58587e-25
-6.58204e-25
-6.58454e-25
-6.59356e-25
-6.60465e-25
-6.61955e-25
-6.63854e-25
-6.66031e-25
-6.68303e-25
-6.70136e-25
-6.71549e-25
-6.71937e-25
-6.7149e-25
-6.70066e-25
-6.67997e-25
-6.65586e-25
-6.63083e-25
-6.6098e-25
-6.59427e-25
-6.58836e-25
-6.58826e-25
-6.59617e-25
-6.60762e-25
-6.61808e-25
-6.62767e-25
-6.6337e-25
-6.63688e-25
-6.63701e-25
-6.63946e-25
-6.64339e-25
-6.65157e-25
-6.66456e-25
-6.68197e-25
-6.70114e-25
-6.7215e-25
-6.74181e-25
-6.76103e-25
-6.77752e-25
-6.78983e-25
-6.79519e-25
-6.79359e-25
-6.78203e-25
-6.76259e-25
-6.73758e-25
-6.70848e-25
-6.67753e-25
-6.64928e-25
-6.62298e-25
-6.60174e-25
-6.58721e-25
-6.57873e-25
-6.57398e-25
-6.57096e-25
-6.56539e-25
-6.55747e-25
-6.54634e-25
-6.53358e-25
-6.52104e-25
-6.51497e-25
-6.51495e-25
-6.52709e-25
-6.54958e-25
-6.57643e-25
-6.60432e-25
-6.62654e-25
-6.63857e-25
-6.63971e-25
-6.63278e-25
-6.62021e-25
-6.6046e-25
-6.58606e-25
-6.56834e-25
-6.55032e-25
-6.53278e-25
-6.51735e-25
-6.5031e-25
-6.48893e-25
-6.47705e-25
-6.46899e-25
-6.46177e-25
-6.45773e-25
-6.45257e-25
-6.44669e-25
-6.44338e-25
-6.44573e-25
-6.45624e-25
-6.47763e-25
-6.50734e-25
-6.54147e-25
-6.5729e-25
-6.59753e-25
-6.61244e-25
-6.62002e-25
-6.61999e-25
-6.61596e-25
-6.6092e-25
-6.60389e-25
-6.60109e-25
-6.60399e-25
-6.61126e-25
-6.62413e-25
-6.64215e-25
-6.66321e-25
-6.68796e-25
-6.71522e-25
-6.74085e-25
-6.76594e-25
-6.78681e-25
-6.80209e-25
-6.8108e-25
-6.81206e-25
-6.80367e-25
-6.78677e-25
-6.76476e-25
-6.74108e-25
-6.71896e-25
-6.69933e-25
-6.6825e-25
-6.66739e-25
-6.65388e-25
-6.63887e-25
-6.62341e-25
-6.60907e-25
-6.5941e-25
-6.57997e-25
-6.56677e-25
-6.55698e-25
-6.55226e-25
-6.55343e-25
-6.56131e-25
-6.57637e-25
-6.59524e-25
-6.61488e-25
-6.63159e-25
-6.64167e-25
-6.64412e-25
-6.6388e-25
-6.62795e-25
-6.61797e-25
-6.61012e-25
-6.60764e-25
-6.60981e-25
-6.61504e-25
-6.62151e-25
-6.62757e-25
-6.63204e-25
-6.63557e-25
-6.63793e-25
-6.64055e-25
-6.6425e-25
-6.64858e-25
-6.65755e-25
-6.66766e-25
-6.68082e-25
-6.69519e-25
-6.70649e-25
-6.71847e-25
-6.72602e-25
-6.73228e-25
-6.73595e-25
-6.73589e-25
-6.73031e-25
-6.71922e-25
-6.70632e-25
-6.69241e-25
-6.67694e-25
-6.66381e-25
-6.65223e-25
-6.64608e-25
-6.64288e-25
-6.64225e-25
-6.64282e-25
-6.64174e-25
-6.64029e-25
-6.63536e-25
-6.62749e-25
-6.61532e-25
-6.60095e-25
-6.58463e-25
-6.56655e-25
-6.54988e-25
-6.53371e-25
-6.51918e-25
-6.50813e-25
-6.50358e-25
-6.50657e-25
-6.51933e-25
-6.54091e-25
-6.57139e-25
-6.60535e-25
-6.64026e-25
-6.67649e-25
-6.71142e-25
-6.7451e-25
-6.77817e-25
-6.80705e-25
-6.83013e-25
-6.84646e-25
-6.85632e-25
-6.85605e-25
-6.84721e-25
-6.82953e-25
-6.80555e-25
-6.77291e-25
-6.73618e-25
-6.69724e-25
-6.66294e-25
-6.63665e-25
-6.61812e-25
-6.61071e-25
-6.61411e-25
-6.62456e-25
-6.63522e-25
-6.64376e-25
-6.65003e-25
-6.65188e-25
-6.64874e-25
-6.64027e-25
-6.63165e-25
-6.62182e-25
-6.61281e-25
-6.60446e-25
-6.59751e-25
-6.58882e-25
-6.57819e-25
-6.56556e-25
-6.54856e-25
-6.53041e-25
-6.51162e-25
-6.49461e-25
-6.48355e-25
-6.47971e-25
-6.4852e-25
-6.4998e-25
-6.52049e-25
-6.54554e-25
-6.56902e-25
-6.58595e-25
-6.59434e-25
-6.59415e-25
-6.58755e-25
-6.57854e-25
-6.57242e-25
-6.57248e-25
-6.58025e-25
-6.59403e-25
-6.61106e-25
-6.62506e-25
-6.63384e-25
-6.63864e-25
-6.64055e-25
-6.64021e-25
-6.6378e-25
-6.63475e-25
-6.63143e-25
-6.6283e-25
-6.62527e-25
-6.62233e-25
-6.6193e-25
-6.61873e-25
-6.61931e-25
-6.61991e-25
-6.62229e-25
-6.62667e-25
-6.63554e-25
-6.64665e-25
-6.66001e-25
-6.67708e-25
-6.69154e-25
-6.70531e-25
-6.71491e-25
-6.71802e-25
-6.71556e-25
-6.70796e-25
-6.694e-25
-6.67802e-25
-6.6638e-25
-6.65423e-25
-6.6475e-25
-6.64361e-25
-6.63718e-25
-6.62854e-25
-6.62198e-25
-6.61718e-25
-6.61827e-25
-6.62386e-25
-6.63101e-25
-6.63452e-25
-6.63707e-25
-6.63887e-25
-6.63952e-25
-6.63869e-25
-6.63674e-25
-6.63477e-25
-6.63156e-25
-6.62693e-25
-6.62081e-25
-6.61458e-25
-6.60843e-25
-6.60458e-25
-6.60223e-25
-6.60237e-25
-6.60175e-25
-6.60245e-25
-6.60158e-25
-6.60304e-25
-6.60399e-25
-6.60427e-25
-6.60296e-25
-6.60028e-25
-6.59513e-25
-6.58961e-25
-6.58622e-25
-6.58503e-25
-6.58731e-25
-6.58878e-25
-6.58813e-25
-6.58576e-25
-6.58204e-25
-6.57401e-25
-6.56385e-25
-6.55393e-25
-6.54277e-25
-6.53105e-25
-6.52205e-25
-6.51639e-25
-6.51472e-25
-6.52072e-25
-6.5323e-25
-6.54921e-25
-6.5652e-25
-6.5819e-25
-6.59593e-25
-6.60765e-25
-6.6174e-25
-6.62771e-25
-6.64185e-25
-6.65899e-25
-6.67486e-25
-6.69015e-25
-6.70389e-25
-6.71231e-25
-6.71297e-25
-6.70597e-25
-6.6897e-25
-6.66854e-25
-6.64145e-25
-6.6129e-25
-6.58783e-25
-6.56641e-25
-6.55608e-25
-6.55643e-25
-6.56734e-25
-6.58686e-25
-6.61293e-25
-6.64169e-25
-6.67172e-25
-6.69573e-25
-6.71129e-25
-6.71354e-25
-6.70366e-25
-6.68164e-25
-6.64959e-25
-6.61123e-25
-6.56744e-25
-6.52275e-25
-6.48182e-25
-6.44387e-25
-6.41683e-25
-6.39731e-25
-6.3899e-25
-6.39727e-25
-6.41736e-25
-6.44803e-25
-6.48449e-25
-6.52413e-25
-6.56458e-25
-6.60406e-25
-6.6417e-25
-6.67548e-25
-6.70619e-25
-6.73184e-25
-6.75061e-25
-6.76368e-25
-6.76951e-25
-6.76574e-25
-6.75162e-25
-6.72858e-25
-6.69891e-25
-6.66333e-25
-6.62711e-25
-6.59355e-25
-6.56345e-25
-6.53578e-25
-6.51457e-25
-6.50003e-25
-6.49269e-25
-6.49028e-25
-6.49301e-25
-6.49889e-25
-6.51179e-25
-6.52876e-25
-6.54902e-25
-6.57172e-25
-6.595e-25
-6.61639e-25
-6.63496e-25
-6.65067e-25
-6.66178e-25
-6.66612e-25
-6.66472e-25
-6.66079e-25
-6.65299e-25
-6.64264e-25
-6.6327e-25
-6.62308e-25
-6.61525e-25
-6.61008e-25
-6.60718e-25
-6.60547e-25
-6.60455e-25
-6.60536e-25
-6.60365e-25
-6.60158e-25
-6.60063e-25
-6.59932e-25
-6.59613e-25
-6.59262e-25
-6.58491e-25
-6.57267e-25
-6.55901e-25
-6.54255e-25
-6.52785e-25
-6.51442e-25
-6.50743e-25
-6.50301e-25
-6.50197e-25
-6.50385e-25
-6.50996e-25
-6.52138e-25
-6.53742e-25
-6.55716e-25
-6.58112e-25
-6.6074e-25
-6.63479e-25
-6.66187e-25
-6.68817e-25
-6.71138e-25
-6.73638e-25
-6.76054e-25
-6.78403e-25
-6.80405e-25
-6.82029e-25
-6.82744e-25
-6.82691e-25
-6.81812e-25
-6.80014e-25
-6.77563e-25
-6.74934e-25
-6.72371e-25
-6.70362e-25
-6.68887e-25
-6.67919e-25
-6.67429e-25
-6.67327e-25
-6.67495e-25
-6.68057e-25
-6.69135e-25
-6.70716e-25
-6.72934e-25
-6.75626e-25
-6.7838e-25
-6.8043e-25
-6.81659e-25
-6.81704e-25
-6.80833e-25
-6.79214e-25
-6.77138e-25
-6.74981e-25
-6.72646e-25
-6.70639e-25
-6.68502e-25
-6.66553e-25
-6.65066e-25
-6.64083e-25
-6.63797e-25
-6.63942e-25
-6.64532e-25
-6.6509e-25
-6.65284e-25
-6.64943e-25
-6.6373e-25
-6.61867e-25
-6.59516e-25
-6.56916e-25
-6.54575e-25
-6.52595e-25
-6.5127e-25
-6.50761e-25
-6.5109e-25
-6.52037e-25
-6.53672e-25
-6.55722e-25
-6.57923e-25
-6.59849e-25
-6.61506e-25
-6.62613e-25
-6.63133e-25
-6.63332e-25
-6.63313e-25
-6.63539e-25
-6.64137e-25
-6.65225e-25
-6.66732e-25
-6.68592e-25
-6.70493e-25
-6.7198e-25
-6.73069e-25
-6.73441e-25
-6.73514e-25
-6.73197e-25
-6.7239e-25
-6.71748e-25
-6.70975e-25
-6.70287e-25
-6.69815e-25
-6.69375e-25
-6.68896e-25
-6.68536e-25
-6.68169e-25
-6.67752e-25
-6.67329e-25
-6.6721e-25
-6.67168e-25
-6.67635e-25
-6.68272e-25
-6.69137e-25
-6.69689e-25
-6.69761e-25
-6.69288e-25
-6.68368e-25
-6.67227e-25
-6.66506e-25
-6.66195e-25
-6.66394e-25
-6.66831e-25
-6.67331e-25
-6.67865e-25
-6.6817e-25
-6.68206e-25
-6.67887e-25
-6.67131e-25
-6.66002e-25
-6.64224e-25
-6.62243e-25
-6.60108e-25
-6.57999e-25
-6.56315e-25
-6.55451e-25
-6.55651e-25
-6.56834e-25
-6.58838e-25
-6.61012e-25
-6.63048e-25
-6.64408e-25
-6.65171e-25
-6.65485e-25
-6.65387e-25
-6.65061e-25
-6.64857e-25
-6.65152e-25
-6.65806e-25
-6.6679e-25
-6.67887e-25
-6.6866e-25
-6.69267e-25
-6.69441e-25
-6.69307e-25
-6.68954e-25
-6.68351e-25
-6.68086e-25
-6.67982e-25
-6.67821e-25
-6.67773e-25
-6.6754e-25
-6.67134e-25
-6.66857e-25
-6.66688e-25
-6.66909e-25
-6.67404e-25
-6.68143e-25
-6.68935e-25
-6.69422e-25
-6.69526e-25
-6.69036e-25
-6.68069e-25
-6.66746e-25
-6.65352e-25
-6.64183e-25
-6.63669e-25
-6.63945e-25
-6.64587e-25
-6.65133e-25
-6.65303e-25
-6.65001e-25
-6.6412e-25
-6.63027e-25
-6.61885e-25
-6.60799e-25
-6.59756e-25
-6.58641e-25
-6.57589e-25
-6.56768e-25
-6.56168e-25
-6.55832e-25
-6.56039e-25
-6.56593e-25
-6.57573e-25
-6.58866e-25
-6.60351e-25
-6.61711e-25
-6.63017e-25
-6.64039e-25
-6.6466e-25
-6.65049e-25
-6.65402e-25
-6.65535e-25
-6.6589e-25
-6.66622e-25
-6.67714e-25
-6.69452e-25
-6.71648e-25
-6.74128e-25
-6.76558e-25
-6.78986e-25
-6.81033e-25
-6.82464e-25
-6.83322e-25
-6.83406e-25
-6.8275e-25
-6.81428e-25
-6.79648e-25
-6.77295e-25
-6.74838e-25
-6.71895e-25
-6.68967e-25
-6.66269e-25
-6.64042e-25
-6.62378e-25
-6.61652e-25
-6.61535e-25
-6.61943e-25
-6.62398e-25
-6.62725e-25
-6.6265e-25
-6.62455e-25
-6.62173e-25
-6.61707e-25
-6.61251e-25
-6.60855e-25
-6.60526e-25
-6.60426e-25
-6.60473e-25
-6.6073e-25
-6.61121e-25
-6.61377e-25
-6.61442e-25
-6.61597e-25
-6.6191e-25
-6.62211e-25
-6.62574e-25
-6.62986e-25
-6.63501e-25
-6.63731e-25
-6.63674e-25
-6.63035e-25
-6.62103e-25
-6.60663e-25
-6.58842e-25
-6.56997e-25
-6.55317e-25
-6.53954e-25
-6.53188e-25
-6.52921e-25
-6.53054e-25
-6.53589e-25
-6.54334e-25
-6.55194e-25
-6.56239e-25
-6.57241e-25
-6.5814e-25
-6.58855e-25
-6.5926e-25
-6.59551e-25
-6.59491e-25
-6.59332e-25
-6.59124e-25
-6.59317e-25
-6.59879e-25
-6.60718e-25
-6.6147e-25
-6.61796e-25
-6.6131e-25
-6.59867e-25
-6.57543e-25
-6.54443e-25
-6.51316e-25
-6.48429e-25
-6.46504e-25
-6.45984e-25
-6.46478e-25
-6.47677e-25
-6.49205e-25
-6.50858e-25
-6.52366e-25
-6.53886e-25
-6.55566e-25
-6.57377e-25
-6.59553e-25
-6.61883e-25
-6.64255e-25
-6.66379e-25
-6.68487e-25
-6.70306e-25
-6.71668e-25
-6.72564e-25
-6.72956e-25
-6.72896e-25
-6.72375e-25
-6.71457e-25
-6.70111e-25
-6.68607e-25
-6.67138e-25
-6.65998e-25
-6.65149e-25
-6.64804e-25
-6.64959e-25
-6.6556e-25
-6.65737e-25
-6.6544e-25
-6.64688e-25
-6.63365e-25
-6.61203e-25
-6.58374e-25
-6.55071e-25
-6.51618e-25
-6.48097e-25
-6.45019e-25
-6.42267e-25
-6.40027e-25
-6.3841e-25
-6.37344e-25
-6.37179e-25
-6.38127e-25
-6.40028e-25
-6.42908e-25
-6.46246e-25
-6.49599e-25
-6.52131e-25
-6.53917e-25
-6.55079e-25
-6.55455e-25
-6.55279e-25
-6.54462e-25
-6.53342e-25
-6.5148e-25
-6.49117e-25
-6.46355e-25
-6.43567e-25
-6.41327e-25
-6.40048e-25
-6.39874e-25
-6.40939e-25
-6.42909e-25
-6.45618e-25
-6.48514e-25
-6.51404e-25
-6.5393e-25
-6.56051e-25
-6.57993e-25
-6.60087e-25
-6.6217e-25
-6.63808e-25
-6.649e-25
-6.65019e-25
-6.64118e-25
-6.62299e-25
-6.59753e-25
-6.56942e-25
-6.54102e-25
-6.51559e-25
-6.49878e-25
-6.4868e-25
-6.48263e-25
-6.4841e-25
-6.48798e-25
-6.49361e-25
-6.49961e-25
-6.50551e-25
-6.51096e-25
-6.5181e-25
-6.52381e-25
-6.53241e-25
-6.54019e-25
-6.54972e-25
-6.55788e-25
-6.56526e-25
-6.57203e-25
-6.57624e-25
-6.57865e-25
-6.58268e-25
-6.58874e-25
-6.59825e-25
-6.60819e-25
-6.6146e-25
-6.61536e-25
-6.60703e-25
-6.58961e-25
-6.56585e-25
-6.53828e-25
-6.51499e-25
-6.49666e-25
-6.48462e-25
-6.47994e-25
-6.4786e-25
-6.47758e-25
-6.47787e-25
-6.48115e-25
-6.48894e-25
-6.50271e-25
-6.52101e-25
-6.54363e-25
-6.56726e-25
-6.58754e-25
-6.60194e-25
-6.61242e-25
-6.61878e-25
-6.62371e-25
-6.62507e-25
-6.62432e-25
-6.61652e-25
-6.60381e-25
-6.5882e-25
-6.57237e-25
-6.5583e-25
-6.54674e-25
-6.54015e-25
-6.5319e-25
-6.52554e-25
-6.51373e-25
-6.50046e-25
-6.48421e-25
-6.46683e-25
-6.44863e-25
-6.43313e-25
-6.41595e-25
-6.39863e-25
-6.37897e-25
-6.35707e-25
-6.33216e-25
-6.30663e-25
-6.28336e-25
-6.26705e-25
-6.26145e-25
-6.27052e-25
-6.29205e-25
-6.32614e-25
-6.36479e-25
-6.40335e-25
-6.43745e-25
-6.46417e-25
-6.48679e-25
-6.50689e-25
-6.52765e-25
-6.54815e-25
-6.56821e-25
-6.58345e-25
-6.59146e-25
-6.59305e-25
-6.58511e-25
-6.57225e-25
-6.55734e-25
-6.54217e-25
-6.5281e-25
-6.5182e-25
-6.51489e-25
-6.51672e-25
-6.52316e-25
-6.53073e-25
-6.53653e-25
-6.5373e-25
-6.5328e-25
-6.52157e-25
-6.50341e-25
-6.48374e-25
-6.46308e-25
-6.44572e-25
-6.43432e-25
-6.43154e-25
-6.43595e-25
-6.44853e-25
-6.46911e-25
-6.4934e-25
-6.51974e-25
-6.54123e-25
-6.55748e-25
-6.56565e-25
-6.56163e-25
-6.54386e-25
-6.51405e-25
-6.47224e-25
-6.42519e-25
-6.38114e-25
-6.34837e-25
-6.33573e-25
-6.34818e-25
-6.37425e-25
-6.40725e-25
-6.43911e-25
-6.46626e-25
-6.48386e-25
-6.49751e-25
-6.50609e-25
-6.51091e-25
-6.51411e-25
-6.51795e-25
-6.52108e-25
-6.52359e-25
-6.5236e-25
-6.52127e-25
-6.5172e-25
-6.51436e-25
-6.51295e-25
-6.51237e-25
-6.50947e-25
-6.50458e-25
-6.49559e-25
-6.48233e-25
-6.46328e-25
-6.43939e-25
-6.41481e-25
-6.39266e-25
-6.37929e-25
-6.37617e-25
-6.38073e-25
-6.39284e-25
-6.41139e-25
-6.432e-25
-6.45034e-25
-6.46282e-25
-6.46869e-25
-6.46884e-25
-6.46084e-25
-6.449e-25
-6.43393e-25
-6.41677e-25
-6.3997e-25
-6.38327e-25
-6.36656e-25
-6.35308e-25
-6.33923e-25
-6.3249e-25
-6.30936e-25
-6.29494e-25
-6.28242e-25
-6.27345e-25
-6.26708e-25
-6.2625e-25
-6.26046e-25
-6.26155e-25
-6.2678e-25
-6.28094e-25
-6.30281e-25
-6.33218e-25
-6.37217e-25
-6.41808e-25
-6.467e-25
-6.51395e-25
-6.55291e-25
-6.582e-25
-6.59681e-25
-6.5966e-25
-6.58107e-25
-6.55831e-25
-6.53236e-25
-6.51045e-25
-6.49469e-25
-6.4905e-25
-6.49531e-25
-6.50812e-25
-6.52305e-25
-6.53948e-25
-6.55189e-25
-6.56192e-25
-6.56572e-25
-6.56012e-25
-6.54772e-25
-6.53414e-25
-6.52016e-25
-6.50966e-25
-6.50314e-25
-6.50113e-25
-6.50027e-25
-6.49717e-25
-6.49063e-25
-6.48028e-25
-6.46923e-25
-6.45571e-25
-6.44097e-25
-6.42919e-25
-6.41833e-25
-6.41208e-25
-6.41078e-25
-6.41395e-25
-6.42338e-25
-6.44076e-25
-6.46233e-25
-6.487e-25
-6.51173e-25
-6.53301e-25
-6.55253e-25
-6.57213e-25
-6.59161e-25
-6.60758e-25
-6.62125e-25
-6.63329e-25
-6.64142e-25
-6.64471e-25
-6.64038e-25
-6.62825e-25
-6.60962e-25
-6.58445e-25
-6.55554e-25
-6.52218e-25
-6.48687e-25
-6.45423e-25
-6.42168e-25
-6.38882e-25
-6.3599e-25
-6.33729e-25
-6.32278e-25
-6.31721e-25
-6.32099e-25
-6.33303e-25
-6.35283e-25
-6.37474e-25
-6.40139e-25
-6.42889e-25
-6.45537e-25
-6.48058e-25
-6.501e-25
-6.52072e-25
-6.53769e-25
-6.54984e-25
-6.55583e-25
-6.55381e-25
-6.54295e-25
-6.52657e-25
-6.50646e-25
-6.48646e-25
-6.47151e-25
-6.46234e-25
-6.45965e-25
-6.46074e-25
-6.4659e-25
-6.47004e-25
-6.47187e-25
-6.47061e-25
-6.46475e-25
-6.45828e-25
-6.45468e-25
-6.45485e-25
-6.46067e-25
-6.47289e-25
-6.48838e-25
-6.50642e-25
-6.5252e-25
-6.54008e-25
-6.55057e-25
-6.55042e-25
-6.53818e-25
-6.51648e-25
-6.49282e-25
-6.47145e-25
-6.45691e-25
-6.44777e-25
-6.44114e-25
-6.43311e-25
-6.42446e-25
-6.4156e-25
-6.40736e-25
-6.40085e-25
-6.39886e-25
-6.40264e-25
-6.4175e-25
-6.44283e-25
-6.47607e-25
-6.51343e-25
-6.54959e-25
-6.58108e-25
-6.60628e-25
-6.62737e-25
-6.64215e-25
-6.65116e-25
-6.65505e-25
-6.65446e-25
-6.64676e-25
-6.63227e-25
-6.61222e-25
-6.58578e-25
-6.55646e-25
-6.52634e-25
-6.50017e-25
-6.47968e-25
-6.46738e-25
-6.47017e-25
-6.48146e-25
-6.49814e-25
-6.51559e-25
-6.5295e-25
-6.53757e-25
-6.53694e-25
-6.53306e-25
-6.53032e-25
-6.53312e-25
-6.54787e-25
-6.57628e-25
-6.61492e-25
-6.65727e-25
-6.69381e-25
-6.72085e-25
-6.73513e-25
-6.73355e-25
-6.71978e-25
-6.70095e-25
-6.67912e-25
-6.65973e-25
-6.64047e-25
-6.62166e-25
-6.60248e-25
-6.58304e-25
-6.56613e-25
-6.55805e-25
-6.56263e-25
-6.57972e-25
-6.60565e-25
-6.63416e-25
-6.65863e-25
-6.67438e-25
-6.68187e-25
-6.67989e-25
-6.67002e-25
-6.65711e-25
-6.64202e-25
-6.62649e-25
-6.6097e-25
-6.59552e-25
-6.58097e-25
-6.56382e-25
-6.5453e-25
-6.52219e-25
-6.4965e-25
-6.46937e-25
-6.44005e-25
-6.41213e-25
-6.38978e-25
-6.3754e-25
-6.37302e-25
-6.38153e-25
-6.39912e-25
-6.4229e-25
-6.44766e-25
-6.4701e-25
-6.49117e-25
-6.50947e-25
-6.52562e-25
-6.5432e-25
-6.56261e-25
-6.58571e-25
-6.61174e-25
-6.63819e-25
-6.66457e-25
-6.68549e-25
-6.702e-25
-6.70992e-25
-6.71195e-25
-6.70526e-25
-6.69362e-25
-6.67614e-25
-6.65797e-25
-6.64207e-25
-6.62939e-25
-6.61856e-25
-6.60708e-25
-6.59112e-25
-6.57352e-25
-6.55348e-25
-6.53679e-25
-6.52229e-25
-6.5139e-25
-6.50677e-25
-6.49929e-25
-6.48709e-25
-6.46883e-25
-6.44715e-25
-6.42135e-25
-6.39743e-25
-6.3755e-25
-6.35954e-25
-6.3478e-25
-6.34448e-25
-6.34796e-25
-6.35944e-25
-6.37796e-25
-6.40128e-25
-6.42765e-25
-6.45547e-25
-6.47919e-25
-6.49658e-25
-6.50532e-25
-6.50572e-25
-6.50185e-25
-6.49234e-25
-6.48298e-25
-6.47204e-25
-6.464e-25
-6.45725e-25
-6.45183e-25
-6.44744e-25
-6.44526e-25
-6.44496e-25
-6.44789e-25
-6.45517e-25
-6.46743e-25
-6.48164e-25
-6.49595e-25
-6.50528e-25
-6.50807e-25
-6.50082e-25
-6.48446e-25
-6.45844e-25
-6.42895e-25
-6.39813e-25
-6.36975e-25
-6.34688e-25
-6.33324e-25
-6.3263e-25
-6.33218e-25
-6.35112e-25
-6.38026e-25
-6.41386e-25
-6.44652e-25
-6.47429e-25
-6.49314e-25
-6.50255e-25
-6.50346e-25
-6.49671e-25
-6.4843e-25
-6.47522e-25
-6.4711e-25
-6.47352e-25
-6.47871e-25
-6.48503e-25
-6.48703e-25
-6.48162e-25
-6.46954e-25
-6.45261e-25
-6.43434e-25
-6.42002e-25
-6.41698e-25
-6.42727e-25
-6.451e-25
-6.48418e-25
-6.52585e-25
-6.56949e-25
-6.60933e-25
-6.64336e-25
-6.66194e-25
-6.6695e-25
-6.66332e-25
-6.64374e-25
-6.61637e-25
-6.58576e-25
-6.55711e-25
-6.53836e-25
-6.5282e-25
-6.52734e-25
-6.52923e-25
-6.52974e-25
-6.52595e-25
-6.51889e-25
-6.51243e-25
-6.50595e-25
-6.50223e-25
-6.49998e-25
-6.49742e-25
-6.49416e-25
-6.49133e-25
-6.48703e-25
-6.47932e-25
-6.46939e-25
-6.45886e-25
-6.44703e-25
-6.43692e-25
-6.42961e-25
-6.42696e-25
-6.42768e-25
-6.43119e-25
-6.43613e-25
-6.44229e-25
-6.44501e-25
-6.44575e-25
-6.44335e-25
-6.44037e-25
-6.43983e-25
-6.4437e-25
-6.45377e-25
-6.47129e-25
-6.49295e-25
-6.51413e-25
-6.53187e-25
-6.54207e-25
-6.54453e-25
-6.54026e-25
-6.53303e-25
-6.52539e-25
-6.51672e-25
-6.51216e-25
-6.50987e-25
-6.51154e-25
-6.51997e-25
-6.53582e-25
-6.56495e-25
-6.60195e-25
-6.64729e-25
-6.69197e-25
-6.72854e-25
-6.75252e-25
-6.76143e-25
-6.75402e-25
-6.73234e-25
-6.69687e-25
-6.64878e-25
-6.59146e-25
-6.52986e-25
-6.4674e-25
-6.40855e-25
-6.35619e-25
-6.31446e-25
-6.28778e-25
-6.27778e-25
-6.28222e-25
-6.29763e-25
-6.31769e-25
-6.33919e-25
-6.36141e-25
-6.38566e-25
-6.41104e-25
-6.43704e-25
-6.45889e-25
-6.47208e-25
-6.47556e-25
-6.46573e-25
-6.44694e-25
-6.42573e-25
-6.41048e-25
-6.40819e-25
-6.42118e-25
-6.44713e-25
-6.48417e-25
-6.52592e-25
-6.57059e-25
-6.61449e-25
-6.65045e-25
-6.67803e-25
-6.69498e-25
-6.69993e-25
-6.69282e-25
-6.67432e-25
-6.64694e-25
-6.61271e-25
-6.57319e-25
-6.53203e-25
-6.48937e-25
-6.44529e-25
-6.40572e-25
-6.37118e-25
-6.3445e-25
-6.32516e-25
-6.31347e-25
-6.30988e-25
-6.3153e-25
-6.32637e-25
-6.34358e-25
-6.36651e-25
-6.39194e-25
-6.41876e-25
-6.4462e-25
-6.47145e-25
-6.49317e-25
-6.51217e-25
-6.52883e-25
-6.54442e-25
-6.5572e-25
-6.56761e-25
-6.57437e-25
-6.57859e-25
-6.5786e-25
-6.57446e-25
-6.56484e-25
-6.54903e-25
-6.53105e-25
-6.5124e-25
-6.4961e-25
-6.48447e-25
-6.48087e-25
-6.48475e-25
-6.49486e-25
-6.51334e-25
-6.53434e-25
-6.55584e-25
-6.57392e-25
-6.58661e-25
-6.59141e-25
-6.58857e-25
-6.58042e-25
-6.56904e-25
-6.55652e-25
-6.54156e-25
-6.52498e-25
-6.50379e-25
-6.48059e-25
-6.45441e-25
-6.42691e-25
-6.40362e-25
-6.38558e-25
-6.37466e-25
-6.37115e-25
-6.37391e-25
-6.38094e-25
-6.38823e-25
-6.39806e-25
-6.40826e-25
-6.41614e-25
-6.42535e-25
-6.43465e-25
-6.44515e-25
-6.45401e-25
-6.46398e-25
-6.47192e-25
-6.48112e-25
-6.48975e-25
-6.49806e-25
-6.50743e-25
-6.51663e-25
-6.52382e-25
-6.52868e-25
-6.53329e-25
-6.53342e-25
-6.53032e-25
-6.52402e-25
-6.51627e-25
-6.51089e-25
-6.50962e-25
-6.51648e-25
-6.53169e-25
-6.54989e-25
-6.56488e-25
-6.57511e-25
-6.57456e-25
-6.56397e-25
-6.54575e-25
-6.52247e-25
-6.50067e-25
-6.48492e-25
-6.48025e-25
-6.48525e-25
-6.50055e-25
-6.52226e-25
-6.54249e-25
-6.55884e-25
-6.56487e-25
-6.56002e-25
-6.5419e-25
-6.51267e-25
-6.47835e-25
-6.44378e-25
-6.41736e-25
-6.4063e-25
-6.41205e-25
-6.43047e-25
-6.45983e-25
-6.49236e-25
-6.5191e-25
-6.54031e-25
-6.54914e-25
-6.54579e-25
-6.53653e-25
-6.5224e-25
-6.508e-25
-6.49334e-25
-6.48201e-25
-6.4734e-25
-6.4706e-25
-6.47344e-25
-6.48457e-25
-6.50485e-25
-6.53117e-25
-6.55479e-25
-6.57154e-25
-6.57796e-25
-6.57403e-25
-6.5611e-25
-6.54166e-25
-6.51666e-25
-6.48889e-25
-6.46094e-25
-6.43762e-25
-6.42218e-25
-6.41715e-25
-6.42235e-25
-6.43531e-25
-6.45129e-25
-6.46588e-25
-6.47792e-25
-6.4846e-25
-6.48666e-25
-6.48508e-25
-6.4804e-25
-6.47301e-25
-6.4598e-25
-6.44382e-25
-6.42621e-25
-6.40335e-25
-6.38151e-25
-6.36242e-25
-6.34793e-25
-6.34486e-25
-6.35472e-25
-6.37529e-25
-6.40619e-25
-6.43657e-25
-6.4647e-25
-6.48703e-25
-6.501e-25
-6.509e-25
-6.51331e-25
-6.51121e-25
-6.50594e-25
-6.4957e-25
-6.48319e-25
-6.46739e-25
-6.45197e-25
-6.43614e-25
-6.42364e-25
-6.41575e-25
-6.41143e-25
-6.40933e-25
-6.40917e-25
-6.41064e-25
-6.40865e-25
-6.40721e-25
-6.40437e-25
-6.40017e-25
-6.39247e-25
-6.38159e-25
-6.36958e-25
-6.35694e-25
-6.34457e-25
-6.33511e-25
-6.33614e-25
-6.34995e-25
-6.37916e-25
-6.4196e-25
-6.46586e-25
-6.51206e-25
-6.55068e-25
-6.57693e-25
-6.58591e-25
-6.57771e-25
-6.55248e-25
-6.51345e-25
-6.46818e-25
-6.4219e-25
-6.38625e-25
-6.3654e-25
-6.36334e-25
-6.38064e-25
-6.41149e-25
-6.45019e-25
-6.4908e-25
-6.53044e-25
-6.56341e-25
-6.59167e-25
-6.61124e-25
-6.62515e-25
-6.6344e-25
-6.64184e-25
-6.6452e-25
-6.64866e-25
-6.6492e-25
-6.64875e-25
-6.64706e-25
-6.64442e-25
-6.64226e-25
-6.6383e-25
-6.6325e-25
-6.62294e-25
-6.60913e-25
-6.59236e-25
-6.57445e-25
-6.55138e-25
-6.52569e-25
-6.50081e-25
-6.48043e-25
-6.46164e-25
-6.44218e-25
-6.42565e-25
-6.41026e-25
-6.40025e-25
-6.3951e-25
-6.39606e-25
-6.40289e-25
-6.41303e-25
-6.42343e-25
-6.43376e-25
-6.44166e-25
-6.44769e-25
-6.45148e-25
-6.45232e-25
-6.4517e-25
-6.44854e-25
-6.44532e-25
-6.44154e-25
-6.43893e-25
-6.43626e-25
-6.43041e-25
-6.42389e-25
-6.4181e-25
-6.41231e-25
-6.41133e-25
-6.41315e-25
-6.41908e-25
-6.42595e-25
-6.4328e-25
-6.438e-25
-6.44128e-25
-6.44161e-25
-6.44074e-25
-6.43832e-25
-6.44279e-25
-6.45771e-25
-6.48768e-25
-6.52558e-25
-6.56785e-25
-6.60734e-25
-6.6368e-25
-6.65373e-25
-6.65429e-25
-6.64092e-25
-6.61288e-25
-6.57494e-25
-6.53249e-25
-6.49277e-25
-6.46346e-25
-6.44825e-25
-6.44969e-25
-6.46673e-25
-6.49782e-25
-6.53918e-25
-6.58261e-25
-6.61919e-25
-6.64222e-25
-6.64736e-25
-6.63825e-25
-6.61507e-25
-6.58114e-25
-6.54475e-25
-6.51035e-25
-6.47836e-25
-6.45074e-25
-6.42637e-25
-6.40998e-25
-6.40414e-25
-6.40892e-25
-6.42581e-25
-6.45261e-25
-6.48876e-25
-6.53094e-25
-6.5748e-25
-6.61793e-25
-6.65234e-25
-6.67507e-25
-6.67959e-25
-6.66606e-25
-6.63384e-25
-6.58947e-25
-6.5383e-25
-6.49075e-25
-6.45526e-25
-6.43521e-25
-6.43529e-25
-6.45034e-25
-6.47825e-25
-6.5108e-25
-6.54302e-25
-6.57127e-25
-6.58883e-25
-6.59715e-25
-6.59354e-25
-6.58245e-25
-6.56632e-25
-6.54648e-25
-6.52515e-25
-6.50404e-25
-6.48324e-25
-6.46421e-25
-6.44634e-25
-6.42925e-25
-6.41375e-25
-6.40484e-25
-6.40387e-25
-6.40997e-25
-6.42074e-25
-6.43489e-25
-6.4504e-25
-6.46381e-25
-6.47339e-25
-6.47658e-25
-6.47489e-25
-6.4689e-25
-6.46513e-25
-6.46791e-25
-6.4762e-25
-6.48794e-25
-6.50029e-25
-6.50866e-25
-6.51024e-25
-6.50018e-25
-6.48554e-25
-6.46837e-25
-6.45798e-25
-6.45567e-25
-6.46018e-25
-6.47123e-25
-6.48464e-25
-6.49227e-25
-6.4912e-25
-6.48148e-25
-6.45952e-25
-6.43173e-25
-6.40224e-25
-6.37441e-25
-6.35181e-25
-6.33015e-25
-6.30966e-25
-6.28895e-25
-6.26986e-25
-6.25734e-25
-6.25388e-25
-6.26459e-25
-6.287e-25
-6.31935e-25
-6.35942e-25
-6.40456e-25
-6.44787e-25
-6.48828e-25
-6.52075e-25
-6.54552e-25
-6.55859e-25
-6.56274e-25
-6.55729e-25
-6.54249e-25
-6.52057e-25
-6.49269e-25
-6.46094e-25
-6.42974e-25
-6.40195e-25
-6.38113e-25
-6.36577e-25
-6.3548e-25
-6.34668e-25
-6.34208e-25
-6.34233e-25
-6.35071e-25
-6.36447e-25
-6.38199e-25
-6.39648e-25
-6.41031e-25
-6.42527e-25
-6.44318e-25
-6.46643e-25
-6.49467e-25
-6.5246e-25
-6.55487e-25
-6.58103e-25
-6.60302e-25
-6.61803e-25
-6.62503e-25
-6.62054e-25
-6.60841e-25
-6.58965e-25
-6.56795e-25
-6.5475e-25
-6.52811e-25
-6.51153e-25
-6.49298e-25
-6.47356e-25
-6.45003e-25
-6.42312e-25
-6.39273e-25
-6.36141e-25
-6.33193e-25
-6.30703e-25
-6.29195e-25
-6.28545e-25
-6.29059e-25
-6.30664e-25
-6.32962e-25
-6.36015e-25
-6.39581e-25
-6.43403e-25
-6.46826e-25
-6.49619e-25
-6.51792e-25
-6.53298e-25
-6.54026e-25
-6.54078e-25
-6.538e-25
-6.53434e-25
-6.53227e-25
-6.53063e-25
-6.53016e-25
-6.52984e-25
-6.52808e-25
-6.52538e-25
-6.51683e-25
-6.50403e-25
-6.4868e-25
-6.46519e-25
-6.43949e-25
-6.4104e-25
-6.38418e-25
-6.36398e-25
-6.3555e-25
-6.36033e-25
-6.38113e-25
-6.41045e-25
-6.4439e-25
-6.4762e-25
-6.50611e-25
-6.52819e-25
-6.54205e-25
-6.54892e-25
-6.54906e-25
-6.54566e-25
-6.54097e-25
-6.53781e-25
-6.53725e-25
-6.53685e-25
-6.53833e-25
-6.54049e-25
-6.54108e-25
-6.54237e-25
-6.5389e-25
-6.53559e-25
-6.537e-25
-6.54162e-25
-6.5501e-25
-6.55944e-25
-6.56712e-25
-6.57158e-25
-6.57487e-25
-6.57447e-25
-6.57375e-25
-6.57105e-25
-6.56683e-25
-6.56081e-25
-6.55651e-25
-6.55221e-25
-6.54769e-25
-6.5392e-25
-6.53028e-25
-6.52218e-25
-6.51729e-25
-6.51481e-25
-6.51623e-25
-6.52017e-25
-6.52195e-25
-6.51537e-25
-6.50318e-25
-6.48512e-25
-6.45885e-25
-6.42816e-25
-6.3936e-25
-6.35808e-25
-6.32819e-25
-6.30391e-25
-6.28728e-25
-6.27669e-25
-6.27014e-25
-6.26739e-25
-6.26934e-25
-6.27714e-25
-6.29015e-25
-6.3119e-25
-6.33582e-25
-6.36246e-25
-6.38992e-25
-6.41725e-25
-6.44166e-25
-6.45976e-25
-6.47522e-25
-6.48845e-25
-6.50269e-25
-6.51888e-25
-6.53523e-25
-6.54707e-25
-6.54708e-25
-6.53565e-25
-6.51083e-25
-6.47574e-25
-6.43854e-25
-6.4038e-25
-6.37781e-25
-6.36459e-25
-6.36778e-25
-6.38611e-25
-6.41266e-25
-6.44267e-25
-6.47617e-25
-6.50577e-25
-6.52894e-25
-6.54517e-25
-6.55212e-25
-6.55228e-25
-6.54463e-25
-6.53055e-25
-6.51164e-25
-6.48667e-25
-6.46165e-25
-6.43936e-25
-6.42563e-25
-6.42347e-25
-6.42969e-25
-6.44332e-25
-6.45993e-25
-6.47123e-25
-6.47949e-25
-6.48131e-25
-6.47638e-25
-6.46495e-25
-6.44464e-25
-6.41744e-25
-6.38034e-25
-6.33836e-25
-6.29817e-25
-6.26769e-25
-6.25083e-25
-6.25002e-25
-6.26314e-25
-6.28203e-25
-6.30323e-25
-6.32499e-25
-6.3447e-25
-6.36338e-25
-6.37901e-25
-6.39386e-25
-6.40699e-25
-6.42292e-25
-6.4395e-25
-6.45981e-25
-6.48361e-25
-6.51111e-25
-6.54035e-25
-6.57011e-25
-6.59966e-25
-6.62752e-25
-6.65072e-25
-6.66736e-25
-6.67555e-25
-6.67252e-25
-6.65861e-25
-6.6319e-25
-6.59394e-25
-6.54808e-25
-6.50009e-25
-6.4567e-25
-6.42542e-25
-6.40734e-25
-6.40063e-25
-6.40083e-25
-6.40344e-25
-6.40652e-25
-6.40583e-25
-6.40406e-25
-6.39903e-25
-6.39165e-25
-6.38408e-25
-6.37669e-25
-6.37069e-25
-6.36663e-25
-6.36628e-25
-6.36895e-25
-6.37694e-25
-6.38544e-25
-6.39321e-25
-6.39948e-25
-6.40238e-25
-6.40089e-25
-6.40219e-25
-6.40758e-25
-6.4195e-25
-6.4369e-25
-6.45679e-25
-6.47459e-25
-6.48977e-25
-6.497e-25
-6.49887e-25
-6.49549e-25
-6.48952e-25
-6.48213e-25
-6.47572e-25
-6.46928e-25
-6.46567e-25
-6.45892e-25
-6.44632e-25
-6.42486e-25
-6.39475e-25
-6.35636e-25
-6.316e-25
-6.28141e-25
-6.26062e-25
-6.25682e-25
-6.2727e-25
-6.30427e-25
-6.34672e-25
-6.39632e-25
-6.44891e-25
-6.50303e-25
-6.55083e-25
-6.58976e-25
-6.61624e-25
-6.63138e-25
-6.6344e-25
-6.62712e-25
-6.61234e-25
-6.5933e-25
-6.57359e-25
-6.553e-25
-6.53173e-25
-6.50679e-25
-6.47778e-25
-6.45206e-25
-6.43836e-25
-6.43937e-25
-6.44891e-25
-6.4571e-25
-6.45795e-25
-6.44888e-25
-6.43085e-25
-6.41229e-25
-6.39549e-25
-6.3855e-25
-6.38002e-25
-6.3762e-25
-6.37393e-25
-6.37011e-25
-6.36622e-25
-6.36172e-25
-6.36318e-25
-6.37072e-25
-6.38764e-25
-6.41241e-25
-6.44224e-25
-6.47335e-25
-6.50454e-25
-6.5333e-25
-6.55767e-25
-6.57799e-25
-6.58942e-25
-6.59592e-25
-6.59889e-25
-6.59563e-25
-6.58954e-25
-6.58127e-25
-6.5732e-25
-6.56268e-25
-6.55343e-25
-6.5447e-25
-6.53578e-25
-6.5252e-25
-6.51144e-25
-6.49544e-25
-6.48031e-25
-6.46447e-25
-6.44774e-25
-6.42984e-25
-6.4111e-25
-6.39025e-25
-6.37385e-25
-6.36432e-25
-6.3623e-25
-6.36429e-25
-6.36672e-25
-6.36431e-25
-6.3569e-25
-6.34751e-25
-6.34028e-25
-6.33842e-25
-6.34412e-25
-6.35587e-25
-6.37467e-25
-6.39705e-25
-6.41677e-25
-6.43059e-25
-6.43619e-25
-6.43182e-25
-6.41773e-25
-6.39487e-25
-6.36828e-25
-6.34456e-25
-6.324e-25
-6.31178e-25
-6.30986e-25
-6.32201e-25
-6.34198e-25
-6.37096e-25
-6.40391e-25
-6.43845e-25
-6.47053e-25
-6.49751e-25
-6.51787e-25
-6.5324e-25
-6.54319e-25
-6.55155e-25
-6.56087e-25
-6.57175e-25
-6.57787e-25
-6.57767e-25
-6.56604e-25
-6.5407e-25
-6.49993e-25
-6.45264e-25
-6.40876e-25
-6.38236e-25
-6.38187e-25
-6.4067e-25
-6.44045e-25
-6.47002e-25
-6.48879e-25
-6.49712e-25
-6.49837e-25
-6.49654e-25
-6.49621e-25
-6.49869e-25
-6.50286e-25
-6.51144e-25
-6.52014e-25
-6.53176e-25
-6.54389e-25
-6.55487e-25
-6.56527e-25
-6.57428e-25
-6.58036e-25
-6.57952e-25
-6.57284e-25
-6.55826e-25
-6.53981e-25
-6.51773e-25
-6.49288e-25
-6.4691e-25
-6.44486e-25
-6.42266e-25
-6.40238e-25
-6.38556e-25
-6.37506e-25
-6.37275e-25
-6.37957e-25
-6.39508e-25
-6.41681e-25
-6.44294e-25
-6.47181e-25
-6.49786e-25
-6.52208e-25
-6.5449e-25
-6.56604e-25
-6.58477e-25
-6.60019e-25
-6.61243e-25
-6.61991e-25
-6.62247e-25
-6.61754e-25
-6.60467e-25
-6.58659e-25
-6.56416e-25
-6.54105e-25
-6.5227e-25
-6.51285e-25
-6.51047e-25
-6.50918e-25
-6.50516e-25
-6.49006e-25
-6.46396e-25
-6.4282e-25
-6.38754e-25
-6.35121e-25
-6.32407e-25
-6.31234e-25
-6.31591e-25
-6.33496e-25
-6.36491e-25
-6.40484e-25
-6.4451e-25
-6.4782e-25
-6.5016e-25
-6.51032e-25
-6.50243e-25
-6.48307e-25
-6.45083e-25
-6.41431e-25
-6.38452e-25
-6.36882e-25
-6.36949e-25
-6.37847e-25
-6.39053e-25
-6.40203e-25
-6.40988e-25
-6.41901e-25
-6.42983e-25
-6.44377e-25
-6.46155e-25
-6.48078e-25
-6.50396e-25
-6.52727e-25
-6.54552e-25
-6.55636e-25
-6.56159e-25
-6.56288e-25
-6.56279e-25
-6.56756e-25
-6.57644e-25
-6.58795e-25
-6.60266e-25
-6.61635e-25
-6.63102e-25
-6.64061e-25
-6.646e-25
-6.6466e-25
-6.6451e-25
-6.64003e-25
-6.63482e-25
-6.63152e-25
-6.62567e-25
-6.61933e-25
-6.60889e-25
-6.5936e-25
-6.57619e-25
-6.55481e-25
-6.53747e-25
-6.52542e-25
-6.51883e-25
-6.51772e-25
-6.52153e-25
-6.52881e-25
-6.53686e-25
-6.54595e-25
-6.55651e-25
-6.56913e-25
-6.58682e-25
-6.6083e-25
-6.62731e-25
-6.64445e-25
-6.65341e-25
-6.65596e-25
-6.65294e-25
-6.64565e-25
-6.63619e-25
-6.62395e-25
-6.61156e-25
-6.59729e-25
-6.5813e-25
-6.56315e-25
-6.54162e-25
-6.5228e-25
-6.50747e-25
-6.50048e-25
-6.50398e-25
-6.5157e-25
-6.53301e-25
-6.55147e-25
-6.56639e-25
-6.57642e-25
-6.5801e-25
-6.57586e-25
-6.56278e-25
-6.54248e-25
-6.5162e-25
-6.48606e-25
-6.45717e-25
-6.43225e-25
-6.41426e-25
-6.40326e-25
-6.39879e-25
-6.39776e-25
-6.40201e-25
-6.40925e-25
-6.42034e-25
-6.4339e-25
-6.45213e-25
-6.47069e-25
-6.49007e-25
-6.50708e-25
-6.52217e-25
-6.53204e-25
-6.53608e-25
-6.5357e-25
-6.53093e-25
-6.52571e-25
-6.51991e-25
-6.51573e-25
-6.51382e-25
-6.51113e-25
-6.50879e-25
-6.50601e-25
-6.50519e-25
-6.50336e-25
-6.50536e-25
-6.51276e-25
-6.52572e-25
-6.54465e-25
-6.56932e-25
-6.59631e-25
-6.62099e-25
-6.64203e-25
-6.65455e-25
-6.6599e-25
-6.66227e-25
-6.6599e-25
-6.65423e-25
-6.64434e-25
-6.63021e-25
-6.60923e-25
-6.58472e-25
-6.55325e-25
-6.5155e-25
-6.47431e-25
-6.43384e-25
-6.39496e-25
-6.36394e-25
-6.34064e-25
-6.32966e-25
-6.33174e-25
-6.34314e-25
-6.36226e-25
-6.38606e-25
-6.41061e-25
-6.43172e-25
-6.45121e-25
-6.46423e-25
-6.46936e-25
-6.46332e-25
-6.44843e-25
-6.42577e-25
-6.40268e-25
-6.37932e-25
-6.36092e-25
-6.34554e-25
-6.33333e-25
-6.3246e-25
-6.31939e-25
-6.3199e-25
-6.32453e-25
-6.33331e-25
-6.34359e-25
-6.35438e-25
-6.36272e-25
-6.37142e-25
-6.37698e-25
-6.37825e-25
-6.37603e-25
-6.37159e-25
-6.36712e-25
-6.35923e-25
-6.3537e-25
-6.35183e-25
-6.35229e-25
-6.35534e-25
-6.36219e-25
-6.37155e-25
-6.38225e-25
-6.39231e-25
-6.40118e-25
-6.40865e-25
-6.41283e-25
-6.41019e-25
-6.40215e-25
-6.38379e-25
-6.35728e-25
-6.3225e-25
-6.28525e-25
-6.24978e-25
-6.22415e-25
-6.21044e-25
-6.21128e-25
-6.22688e-25
-6.25263e-25
-6.28934e-25
-6.33129e-25
-6.37684e-25
-6.42425e-25
-6.46836e-25
-6.5047e-25
-6.53185e-25
-6.54537e-25
-6.54559e-25
-6.53289e-25
-6.51372e-25
-6.49925e-25
-6.49478e-25
-6.505e-25
-6.52829e-25
-6.55777e-25
-6.58845e-25
-6.61736e-25
-6.63855e-25
-6.65537e-25
-6.6672e-25
-6.6746e-25
-6.67857e-25
-6.68169e-25
-6.68558e-25
-6.68789e-25
-6.69114e-25
-6.69424e-25
-6.69411e-25
-6.69237e-25
-6.68715e-25
-6.67482e-25
-6.65811e-25
-6.63705e-25
-6.61498e-25
-6.59284e-25
-6.57312e-25
-6.5558e-25
-6.54364e-25
-6.53919e-25
-6.53968e-25
-6.54045e-25
-6.54236e-25
-6.5418e-25
-6.53825e-25
-6.53428e-25
-6.52743e-25
-6.52277e-25
-6.51827e-25
-6.51213e-25
-6.50319e-25
-6.48965e-25
-6.46997e-25
-6.44607e-25
-6.41953e-25
-6.39068e-25
-6.36245e-25
-6.33579e-25
-6.31465e-25
-6.30882e-25
-6.31821e-25
-6.34641e-25
-6.38739e-25
-6.43003e-25
-6.46885e-25
-6.49568e-25
-6.50888e-25
-6.51283e-25
-6.50882e-25
-6.49993e-25
-6.49094e-25
-6.48002e-25
-6.47169e-25
-6.46468e-25
-6.45774e-25
-6.4508e-25
-6.44574e-25
-6.44266e-25
-6.44063e-25
-6.44456e-25
-6.45232e-25
-6.46493e-25
-6.48295e-25
-6.50538e-25
-6.52957e-25
-6.55303e-25
-6.56924e-25
-6.57793e-25
-6.57765e-25
-6.5726e-25
-6.56218e-25
-6.54972e-25
-6.53624e-25
-6.52336e-25
-6.51028e-25
-6.49905e-25
-6.49416e-25
-6.49602e-25
-6.50355e-25
-6.5155e-25
-6.52901e-25
-6.54067e-25
-6.54927e-25
-6.55156e-25
-6.54826e-25
-6.53473e-25
-6.51184e-25
-6.48091e-25
-6.44724e-25
-6.4154e-25
-6.39319e-25
-6.3818e-25
-6.37986e-25
-6.38432e-25
-6.39142e-25
-6.39569e-25
-6.39801e-25
-6.39521e-25
-6.38892e-25
-6.38023e-25
-6.36745e-25
-6.35595e-25
-6.34856e-25
-6.34291e-25
-6.34071e-25
-6.33999e-25
-6.34234e-25
-6.34523e-25
-6.34984e-25
-6.35508e-25
-6.36419e-25
-6.37675e-25
-6.39745e-25
-6.42427e-25
-6.45804e-25
-6.49498e-25
-6.53047e-25
-6.56178e-25
-6.5839e-25
-6.59266e-25
-6.58919e-25
-6.5716e-25
-6.54685e-25
-6.5183e-25
-6.48811e-25
-6.45724e-25
-6.4281e-25
-6.39868e-25
-6.37558e-25
-6.35861e-25
-6.34928e-25
-6.34887e-25
-6.35662e-25
-6.37044e-25
-6.38744e-25
-6.40362e-25
-6.41279e-25
-6.41587e-25
-6.41186e-25
-6.40188e-25
-6.38944e-25
-6.38136e-25
-6.37819e-25
-6.38266e-25
-6.39822e-25
-6.42475e-25
-6.46137e-25
-6.50139e-25
-6.54025e-25
-6.57314e-25
-6.59846e-25
-6.61488e-25
-6.62154e-25
-6.61895e-25
-6.60684e-25
-6.58445e-25
-6.55395e-25
-6.5172e-25
-6.47895e-25
-6.44215e-25
-6.40584e-25
-6.37498e-25
-6.34848e-25
-6.32565e-25
-6.30226e-25
-6.28188e-25
-6.25928e-25
-6.23951e-25
-6.22378e-25
-6.21895e-25
-6.22657e-25
-6.24268e-25
-6.26536e-25
-6.29098e-25
-6.31856e-25
-6.34476e-25
-6.36819e-25
-6.38901e-25
-6.4075e-25
-6.4222e-25
-6.43206e-25
-6.43301e-25
-6.4269e-25
-6.41155e-25
-6.39377e-25
-6.37746e-25
-6.36516e-25
-6.3591e-25
-6.35955e-25
-6.36385e-25
-6.36695e-25
-6.36595e-25
-6.35913e-25
-6.34988e-25
-6.33987e-25
-6.33104e-25
-6.32136e-25
-6.31356e-25
-6.30843e-25
-6.30618e-25
-6.3106e-25
-6.31849e-25
-6.32867e-25
-6.34106e-25
-6.35808e-25
-6.3797e-25
-6.40764e-25
-6.44122e-25
-6.47801e-25
-6.51566e-25
-6.54894e-25
-6.57435e-25
-6.58938e-25
-6.59567e-25
-6.59298e-25
-6.58689e-25
-6.57494e-25
-6.56147e-25
-6.54697e-25
-6.52977e-25
-6.51298e-25
-6.49848e-25
-6.48543e-25
-6.47062e-25
-6.45571e-25
-6.4415e-25
-6.42491e-25
-6.40351e-25
-6.38337e-25
-6.36482e-25
-6.34913e-25
-6.34006e-25
-6.33636e-25
-6.33712e-25
-6.34231e-25
-6.34946e-25
-6.35769e-25
-6.36258e-25
-6.36344e-25
-6.36153e-25
-6.35697e-25
-6.35524e-25
-6.35926e-25
-6.36947e-25
-6.38976e-25
-6.41553e-25
-6.43984e-25
-6.46233e-25
-6.47596e-25
-6.48204e-25
-6.48429e-25
-6.48362e-25
-6.4828e-25
-6.48193e-25
-6.48277e-25
-6.48403e-25
-6.48456e-25
-6.48611e-25
-6.48922e-25
-6.49767e-25
-6.5121e-25
-6.53025e-25
-6.55359e-25
-6.58177e-25
-6.60861e-25
-6.63257e-25
-6.65103e-25
-6.66137e-25
-6.66182e-25
-6.65506e-25
-6.64233e-25
-6.62795e-25
-6.61327e-25
-6.60205e-25
-6.59419e-25
-6.5879e-25
-6.57896e-25
-6.56667e-25
-6.54762e-25
-6.52331e-25
-6.49444e-25
-6.4613e-25
-6.42392e-25
-6.38511e-25
-6.34836e-25
-6.31775e-25
-6.29593e-25
-6.28559e-25
-6.28883e-25
-6.30295e-25
-6.32549e-25
-6.35359e-25
-6.38314e-25
-6.41023e-25
-6.43716e-25
-6.45938e-25
-6.48053e-25
-6.49812e-25
-6.51577e-25
-6.53133e-25
-6.54208e-25
-6.54592e-25
-6.53929e-25
-6.52068e-25
-6.48678e-25
-6.44262e-25
-6.39035e-25
-6.33772e-25
-6.28796e-25
-6.24072e-25
