2.10766e-25
2.1018e-25
2.09132e-25
2.07559e-25
2.05374e-25
2.02468e-25
1.98704e-25
1.93931e-25
1.88004e-25
1.80798e-25
1.72258e-25
1.62445e-25
1.51599e-25
1.40159e-25
1.2875e-25
1.18102e-25
1.08899e-25
1.01656e-25
9.66356e-26
9.38338e-26
9.3036e-26
9.38868e-26
9.59674e-26
9.88529e-26
1.0216e-25
1.0557e-25
1.08838e-25
1.11793e-25
1.14335e-25
1.16425e-25
1.18059e-25
1.19262e-25
1.20054e-25
1.20447e-25
1.20437e-25
1.2002e-25
1.19205e-25
1.18027e-25
1.16561e-25
1.1492e-25
1.13242e-25
1.11681e-25
1.10397e-25
1.09537e-25
1.09211e-25
1.09456e-25
1.10215e-25
1.11346e-25
1.12665e-25
1.13992e-25
1.15177e-25
1.16114e-25
1.16737e-25
1.17021e-25
1.16975e-25
1.16655e-25
1.16149e-25
1.15572e-25
1.15043e-25
1.14662e-25
1.14497e-25
1.14566e-25
1.14844e-25
1.15277e-25
1.15794e-25
1.16326e-25
1.16811e-25
1.17198e-25
1.17445e-25
1.17521e-25
1.17397e-25
1.17052e-25
1.16476e-25
1.15677e-25
1.14697e-25
1.13613e-25
1.1254e-25
1.11595e-25
1.10865e-25
1.10371e-25
1.10069e-25
1.09882e-25
1.0974e-25
1.09598e-25
1.09426e-25
1.09197e-25
1.08873e-25
1.08422e-25
1.07847e-25
1.072e-25
1.06572e-25
1.06076e-25
1.05804e-25
1.05815e-25
1.06116e-25
1.06672e-25
1.07415e-25
1.0826e-25
1.09118e-25
1.09901e-25
1.10526e-25
1.10918e-25
1.11021e-25
1.10804e-25
1.10281e-25
1.09509e-25
1.08582e-25
1.07615e-25
1.06721e-25
1.05988e-25
1.0547e-25
1.05178e-25
1.051e-25
1.05209e-25
1.05478e-25
1.05881e-25
1.06399e-25
1.07013e-25
1.07694e-25
1.08391e-25
1.09024e-25
1.09497e-25
1.09727e-25
1.09684e-25
1.0943e-25
1.09118e-25
1.08963e-25
1.09168e-25
1.09857e-25
1.11031e-25
1.1257e-25
1.14271e-25
1.15912e-25
1.17307e-25
1.18341e-25
1.18986e-25
1.19288e-25
1.1934e-25
1.19251e-25
1.19118e-25
1.19001e-25
1.18915e-25
1.18834e-25
1.18713e-25
1.18497e-25
1.18136e-25
1.17603e-25
1.16901e-25
1.16067e-25
1.15172e-25
1.14302e-25
1.1355e-25
1.12978e-25
1.12603e-25
1.12395e-25
1.12284e-25
1.12198e-25
1.1209e-25
1.11954e-25
1.11826e-25
1.11764e-25
1.11839e-25
1.12106e-25
1.12597e-25
1.13303e-25
1.1417e-25
1.15104e-25
1.15984e-25
1.16678e-25
1.17066e-25
1.17058e-25
1.16615e-25
1.1577e-25
1.14631e-25
1.13368e-25
1.12155e-25
1.11124e-25
1.10318e-25
1.09697e-25
1.09181e-25
1.08706e-25
1.08266e-25
1.0792e-25
1.07772e-25
1.07924e-25
1.08434e-25
1.09278e-25
1.10347e-25
1.11475e-25
1.12493e-25
1.13264e-25
1.13715e-25
1.13833e-25
1.13661e-25
1.13271e-25
1.12742e-25
1.12142e-25
1.11509e-25
1.10864e-25
1.10225e-25
1.09619e-25
1.09095e-25
1.08727e-25
1.08601e-25
1.08793e-25
1.09358e-25
1.10304e-25
1.11585e-25
1.13102e-25
1.1472e-25
1.16291e-25
1.17673e-25
1.18749e-25
1.1944e-25
1.197e-25
1.19518e-25
1.18917e-25
1.1795e-25
1.16701e-25
1.15285e-25
1.13829e-25
1.12461e-25
1.11288e-25
1.10376e-25
1.09743e-25
1.0936e-25
1.09169e-25
1.09102e-25
1.09103e-25
1.09142e-25
1.09215e-25
1.09333e-25
1.09519e-25
1.09788e-25
1.10137e-25
1.1054e-25
1.10951e-25
1.1131e-25
1.11562e-25
1.11669e-25
1.11616e-25
1.11416e-25
1.11108e-25
1.10756e-25
1.10428e-25
1.10191e-25
1.10092e-25
1.10153e-25
1.10361e-25
1.10677e-25
1.11038e-25
1.1137e-25
1.11609e-25
1.11709e-25
1.11656e-25
1.11463e-25
1.11166e-25
1.10809e-25
1.10429e-25
1.10045e-25
1.09665e-25
1.09288e-25
1.08913e-25
1.08544e-25
1.0819e-25
1.07859e-25
1.07557e-25
1.07284e-25
1.07045e-25
1.06846e-25
1.06707e-25
1.06658e-25
1.06734e-25
1.06969e-25
1.07377e-25
1.07945e-25
1.08633e-25
1.09376e-25
1.10106e-25
1.10766e-25
1.11321e-25
1.11767e-25
1.12113e-25
1.12375e-25
1.1257e-25
1.12706e-25
1.12792e-25
1.12853e-25
1.12936e-25
1.13116e-25
1.13462e-25
1.14003e-25
1.14704e-25
1.15468e-25
1.1618e-25
1.16726e-25
1.17016e-25
1.16991e-25
1.16603e-25
1.15818e-25
1.14624e-25
1.13038e-25
1.11139e-25
1.09078e-25
1.07082e-25
1.05414e-25
1.04315e-25
1.03922e-25
1.04226e-25
1.05071e-25
1.0621e-25
1.07374e-25
1.08329e-25
1.08904e-25
1.09008e-25
1.08631e-25
1.07836e-25
1.0674e-25
1.055e-25
1.04282e-25
1.03234e-25
1.02463e-25
1.02025e-25
1.01928e-25
1.02137e-25
1.02593e-25
1.03226e-25
1.03953e-25
1.04698e-25
1.0539e-25
1.05983e-25
1.06451e-25
1.06793e-25
1.0703e-25
1.07186e-25
1.07286e-25
1.07345e-25
1.07341e-25
1.07219e-25
1.069e-25
1.06313e-25
1.05434e-25
1.04304e-25
1.03029e-25
1.01756e-25
1.00649e-25
9.98469e-26
9.94476e-26
9.9488e-26
9.99428e-26
1.00731e-25
1.01737e-25
1.02827e-25
1.0387e-25
1.04756e-25
1.05404e-25
1.05774e-25
1.05863e-25
1.05717e-25
1.05421e-25
1.05082e-25
1.0481e-25
1.04698e-25
1.04808e-25
1.05175e-25
1.05812e-25
1.06721e-25
1.07879e-25
1.09247e-25
1.10766e-25
1.12356e-25
1.13925e-25
1.15381e-25
1.1664e-25
1.17639e-25
1.18337e-25
1.18712e-25
1.18761e-25
1.18496e-25
1.17953e-25
1.17187e-25
1.16272e-25
1.15296e-25
1.1434e-25
1.13461e-25
1.1268e-25
1.11978e-25
1.11305e-25
1.10609e-25
1.09859e-25
1.09057e-25
1.08239e-25
1.07448e-25
1.06719e-25
1.0606e-25
1.05446e-25
1.0484e-25
1.04207e-25
1.03548e-25
1.02896e-25
1.02325e-25
1.01928e-25
1.01786e-25
1.01941e-25
1.02383e-25
1.03065e-25
1.03926e-25
1.04921e-25
1.06029e-25
1.07258e-25
1.08625e-25
1.10146e-25
1.11816e-25
1.13605e-25
1.15454e-25
1.17271e-25
1.18952e-25
1.20389e-25
1.21495e-25
1.22214e-25
1.22541e-25
1.22507e-25
1.22175e-25
1.21606e-25
1.20844e-25
1.19895e-25
1.1873e-25
1.173e-25
1.15559e-25
1.13486e-25
1.11112e-25
1.08541e-25
1.05949e-25
1.03573e-25
1.01665e-25
1.00441e-25
1.00018e-25
1.00384e-25
1.0141e-25
1.0289e-25
1.04605e-25
1.06358e-25
1.08004e-25
1.09444e-25
1.10609e-25
1.11455e-25
1.11967e-25
1.12166e-25
1.12106e-25
1.11874e-25
1.11573e-25
1.11291e-25
1.11079e-25
1.10946e-25
1.1086e-25
1.10764e-25
1.106e-25
1.10331e-25
1.0994e-25
1.09436e-25
1.08843e-25
1.08178e-25
1.07448e-25
1.06644e-25
1.0575e-25
1.04767e-25
1.03717e-25
1.02654e-25
1.01663e-25
1.00841e-25
1.00284e-25
1.00053e-25
1.00165e-25
1.00588e-25
1.01257e-25
1.02097e-25
1.03047e-25
1.04065e-25
1.05123e-25
1.06206e-25
1.07294e-25
1.08364e-25
1.09382e-25
1.1031e-25
1.11107e-25
1.11737e-25
1.12164e-25
1.12367e-25
1.12329e-25
1.12034e-25
1.11469e-25
1.10624e-25
1.09501e-25
1.0812e-25
1.0652e-25
1.04769e-25
1.02964e-25
1.01209e-25
9.96099e-26
9.82516e-26
9.71942e-26
9.64734e-26
9.61027e-26
9.60843e-26
9.6413e-26
9.70707e-26
9.80203e-26
9.91996e-26
1.00521e-25
1.01885e-25
1.0319e-25
1.0435e-25
1.05309e-25
1.06038e-25
1.06526e-25
1.06777e-25
1.06789e-25
1.06562e-25
1.06093e-25
1.05396e-25
1.04504e-25
1.03481e-25
1.02414e-25
1.01403e-25
1.00546e-25
9.99139e-26
9.95493e-26
9.94633e-26
9.96436e-26
1.00058e-25
1.00667e-25
1.01416e-25
1.0223e-25
1.0301e-25
1.03652e-25
1.04063e-25
1.04188e-25
1.0402e-25
1.03597e-25
1.02989e-25
1.02284e-25
1.01578e-25
1.0096e-25
1.00511e-25
1.00288e-25
1.00321e-25
1.00601e-25
1.01081e-25
1.01685e-25
1.02333e-25
1.0297e-25
1.03583e-25
1.04197e-25
1.04855e-25
1.05588e-25
1.06382e-25
1.07191e-25
1.07946e-25
1.08575e-25
1.09023e-25
1.09262e-25
1.09294e-25
1.0915e-25
1.08877e-25
1.08521e-25
1.08116e-25
1.07683e-25
1.0723e-25
1.06757e-25
1.06255e-25
1.05702e-25
1.05077e-25
1.04359e-25
1.0354e-25
1.02628e-25
1.01634e-25
1.00584e-25
9.95094e-26
9.84422e-26
9.74115e-26
9.64369e-26
9.55253e-26
9.46813e-26
9.3915e-26
9.32428e-26
9.26837e-26
9.22513e-26
9.19497e-26
9.17717e-26
9.16969e-26
9.16995e-26
9.1762e-26
9.18816e-26
9.20721e-26
9.23525e-26
9.27326e-26
9.32049e-26
9.3746e-26
9.43203e-26
9.48944e-26
9.54502e-26
9.60021e-26
9.65939e-26
9.72957e-26
9.81804e-26
9.92918e-26
1.00622e-25
1.02102e-25
1.03611e-25
1.05009e-25
1.06167e-25
1.06987e-25
1.07415e-25
1.07439e-25
1.07084e-25
1.06393e-25
1.05421e-25
1.04236e-25
1.02915e-25
1.01541e-25
1.00203e-25
9.89898e-26
9.79764e-26
9.72193e-26
9.67395e-26
9.65259e-26
9.6542e-26
9.67398e-26
9.70705e-26
9.74909e-26
9.79682e-26
9.84755e-26
9.89958e-26
9.95276e-26
1.00085e-25
1.00689e-25
1.01349e-25
1.02055e-25
1.02771e-25
1.03431e-25
1.03955e-25
1.04265e-25
1.04304e-25
1.04046e-25
1.03506e-25
1.02741e-25
1.01831e-25
1.00868e-25
9.99325e-26
9.90924e-26
9.83883e-26
9.78342e-26
9.74193e-26
9.71145e-26
9.68787e-26
9.6662e-26
9.6415e-26
9.60976e-26
9.56842e-26
9.51719e-26
9.45839e-26
9.39665e-26
9.3379e-26
9.28842e-26
9.25355e-26
9.23615e-26
9.23671e-26
9.25385e-26
9.2864e-26
9.33376e-26
9.396e-26
9.47325e-26
9.56409e-26
9.66515e-26
9.77144e-26
9.8768e-26
9.97594e-26
1.00653e-25
1.01441e-25
1.02141e-25
1.02798e-25
1.03464e-25
1.04189e-25
1.05002e-25
1.05903e-25
1.06855e-25
1.07791e-25
1.08629e-25
1.09287e-25
1.09708e-25
1.0987e-25
1.0979e-25
1.09525e-25
1.09165e-25
1.08818e-25
1.08589e-25
1.08566e-25
1.08801e-25
1.09298e-25
1.10019e-25
1.10889e-25
1.11828e-25
1.12761e-25
1.1363e-25
1.14395e-25
1.15017e-25
1.15453e-25
1.15653e-25
1.15565e-25
1.15147e-25
1.14379e-25
1.1328e-25
1.11913e-25
1.10391e-25
1.08856e-25
1.07464e-25
1.06349e-25
1.05591e-25
1.05193e-25
1.051e-25
1.05234e-25
1.05526e-25
1.05926e-25
1.06403e-25
1.06914e-25
1.07394e-25
1.0777e-25
1.07993e-25
1.08054e-25
1.07988e-25
1.07861e-25
1.07755e-25
1.0774e-25
1.07862e-25
1.08138e-25
1.08547e-25
1.09044e-25
1.09572e-25
1.10088e-25
1.10569e-25
1.11014e-25
1.11443e-25
1.11887e-25
1.12376e-25
1.12932e-25
1.13559e-25
1.14241e-25
1.14937e-25
1.15587e-25
1.16119e-25
1.16461e-25
1.16541e-25
1.16296e-25
1.15696e-25
1.14743e-25
1.13482e-25
1.12009e-25
1.10455e-25
1.08967e-25
1.0768e-25
1.06686e-25
1.06021e-25
1.05667e-25
1.05562e-25
1.05628e-25
1.05786e-25
1.05977e-25
1.06165e-25
1.06348e-25
1.06548e-25
1.06801e-25
1.07155e-25
1.07647e-25
1.08298e-25
1.09087e-25
1.09948e-25
1.10767e-25
1.11403e-25
1.1172e-25
1.11616e-25
1.11049e-25
1.10058e-25
1.08774e-25
1.074e-25
1.06174e-25
1.05301e-25
1.04887e-25
1.04911e-25
1.05267e-25
1.05839e-25
1.06561e-25
1.07428e-25
1.08457e-25
1.09638e-25
1.10914e-25
1.12175e-25
1.1329e-25
1.14142e-25
1.14656e-25
1.14803e-25
1.146e-25
1.14098e-25
1.13356e-25
1.12429e-25
1.11353e-25
1.10142e-25
1.0879e-25
1.07296e-25
1.05699e-25
1.04099e-25
1.0266e-25
1.01578e-25
1.01028e-25
1.01112e-25
1.01826e-25
1.03077e-25
1.04711e-25
1.06555e-25
1.08427e-25
1.10161e-25
1.11616e-25
1.12693e-25
1.13342e-25
1.13565e-25
1.13414e-25
1.12975e-25
1.12349e-25
1.11632e-25
1.10898e-25
1.10189e-25
1.09521e-25
1.08893e-25
1.08309e-25
1.0779e-25
1.07378e-25
1.07128e-25
1.07087e-25
1.07276e-25
1.07676e-25
1.08238e-25
1.08904e-25
1.09621e-25
1.10356e-25
1.11092e-25
1.11827e-25
1.12557e-25
1.13271e-25
1.13942e-25
1.14533e-25
1.15e-25
1.15299e-25
1.15392e-25
1.15243e-25
1.14819e-25
1.14103e-25
1.13085e-25
1.11766e-25
1.10163e-25
1.08312e-25
1.06268e-25
1.0412e-25
1.01994e-25
1.00056e-25
9.85013e-26
9.75161e-26
9.72345e-26
9.76885e-26
9.87939e-26
1.0037e-25
1.02182e-25
1.03997e-25
1.05627e-25
1.06955e-25
1.07941e-25
1.08619e-25
1.09069e-25
1.09388e-25
1.09644e-25
1.09863e-25
1.10014e-25
1.10036e-25
1.09868e-25
1.09468e-25
1.08823e-25
1.07946e-25
1.0687e-25
1.05642e-25
1.04327e-25
1.03009e-25
1.01794e-25
1.00818e-25
1.00225e-25
1.00139e-25
1.00616e-25
1.01616e-25
1.02987e-25
1.04508e-25
1.05937e-25
1.07076e-25
1.07806e-25
1.0809e-25
1.07975e-25
1.07558e-25
1.06965e-25
1.06322e-25
1.05737e-25
1.05293e-25
1.0505e-25
1.0505e-25
1.05313e-25
1.05845e-25
1.06629e-25
1.07621e-25
1.08754e-25
1.09937e-25
1.11067e-25
1.12043e-25
1.12779e-25
1.13221e-25
1.13359e-25
1.13226e-25
1.12892e-25
1.12456e-25
1.12025e-25
1.11683e-25
1.11472e-25
1.11375e-25
1.11325e-25
1.11238e-25
1.11055e-25
1.10785e-25
1.10515e-25
1.10403e-25
1.10596e-25
1.11158e-25
1.12016e-25
1.12986e-25
1.13859e-25
1.14469e-25
1.14737e-25
1.14665e-25
1.14302e-25
1.13709e-25
1.12944e-25
1.12051e-25
1.11061e-25
1.09997e-25
1.08877e-25
1.07712e-25
1.06508e-25
1.05263e-25
1.03976e-25
1.02647e-25
1.01289e-25
9.99405e-26
9.8664e-26
9.75491e-26
9.66977e-26
9.62129e-26
9.61683e-26
9.66009e-26
9.74939e-26
9.87821e-26
1.00357e-25
1.02089e-25
1.03848e-25
1.05511e-25
1.06979e-25
1.0818e-25
1.09064e-25
1.09603e-25
1.09782e-25
1.09601e-25
1.09078e-25
1.08255e-25
1.07213e-25
1.06069e-25
1.0496e-25
1.04009e-25
1.03298e-25
1.02859e-25
1.02687e-25
1.02764e-25
1.03071e-25
1.03591e-25
1.04296e-25
1.05138e-25
1.0605e-25
1.06946e-25
1.07739e-25
1.08344e-25
1.08694e-25
1.08749e-25
1.08493e-25
1.07937e-25
1.07115e-25
1.06076e-25
1.04885e-25
1.03617e-25
1.02359e-25
2.08891e-25
2.05751e-25
2.01777e-25
1.97177e-25
1.92153e-25
1.86884e-25
1.81552e-25
1.76361e-25
1.71545e-25
1.67359e-25
1.64041e-25
1.61791e-25
1.6074e-25
1.60941e-25
1.62364e-25
1.64906e-25
1.68378e-25
1.72517e-25
1.76981e-25
1.81378e-25
1.85298e-25
1.88379e-25
1.90341e-25
1.91021e-25
1.90393e-25
1.88584e-25
1.85872e-25
1.82658e-25
1.7939e-25
1.76415e-25
1.73858e-25
1.71616e-25
1.69485e-25
1.67314e-25
1.6509e-25
1.62929e-25
1.61018e-25
1.5957e-25
1.5881e-25
1.58931e-25
1.60049e-25
1.62137e-25
1.65012e-25
1.68361e-25
1.71799e-25
1.74968e-25
1.77605e-25
1.79563e-25
1.80785e-25
1.8126e-25
1.80992e-25
1.80002e-25
1.78348e-25
1.76162e-25
1.73649e-25
1.71069e-25
1.68687e-25
1.66714e-25
1.65251e-25
1.643e-25
1.638e-25
1.6369e-25
1.63949e-25
1.64602e-25
1.65699e-25
1.67274e-25
1.69329e-25
1.7181e-25
1.74602e-25
1.77524e-25
1.8032e-25
1.8269e-25
1.84329e-25
1.84969e-25
1.84458e-25
1.828e-25
1.8019e-25
1.7701e-25
1.73788e-25
1.71062e-25
1.69194e-25
1.68224e-25
1.67941e-25
1.68101e-25
1.686e-25
1.69456e-25
1.70654e-25
1.72035e-25
1.73287e-25
1.74069e-25
1.74146e-25
1.73512e-25
1.72412e-25
1.71238e-25
1.70315e-25
1.69751e-25
1.69457e-25
1.69289e-25
1.69196e-25
1.69261e-25
1.69659e-25
1.70609e-25
1.72287e-25
1.74735e-25
1.7779e-25
1.81077e-25
1.84101e-25
1.86389e-25
1.87593e-25
1.87532e-25
1.86237e-25
1.83951e-25
1.81081e-25
1.78086e-25
1.75331e-25
1.73033e-25
1.7129e-25
1.70144e-25
1.69611e-25
1.69668e-25
1.70238e-25
1.71187e-25
1.72329e-25
1.73447e-25
1.74332e-25
1.74808e-25
1.74748e-25
1.74078e-25
1.72783e-25
1.7095e-25
1.68832e-25
1.66905e-25
1.6575e-25
1.65771e-25
1.66936e-25
1.68872e-25
1.71156e-25
1.73502e-25
1.75747e-25
1.7777e-25
1.79423e-25
1.80545e-25
1.81011e-25
1.808e-25
1.8003e-25
1.78942e-25
1.77857e-25
1.77078e-25
1.76811e-25
1.77119e-25
1.77933e-25
1.79087e-25
1.80347e-25
1.81467e-25
1.82221e-25
1.82446e-25
1.82056e-25
1.81035e-25
1.79429e-25
1.77314e-25
1.74779e-25
1.71919e-25
1.6883e-25
1.65625e-25
1.62453e-25
1.59493e-25
1.56945e-25
1.54995e-25
1.53777e-25
1.53371e-25
1.53807e-25
1.55095e-25
1.57236e-25
1.60202e-25
1.63893e-25
1.68092e-25
1.72461e-25
1.76593e-25
1.8008e-25
1.82588e-25
1.83889e-25
1.83887e-25
1.82635e-25
1.80345e-25
1.77382e-25
1.74192e-25
1.712e-25
1.68716e-25
1.66879e-25
1.65677e-25
1.65027e-25
1.64856e-25
1.65154e-25
1.65962e-25
1.67309e-25
1.69155e-25
1.71387e-25
1.73863e-25
1.76441e-25
1.78978e-25
1.81325e-25
1.83334e-25
1.84892e-25
1.85948e-25
1.86533e-25
1.86735e-25
1.86658e-25
1.86354e-25
1.85777e-25
1.84795e-25
1.83279e-25
1.81233e-25
1.78874e-25
1.76634e-25
1.75056e-25
1.74608e-25
1.7551e-25
1.77631e-25
1.80539e-25
1.83659e-25
1.86431e-25
1.88456e-25
1.89521e-25
1.89583e-25
1.88724e-25
1.87104e-25
1.84935e-25
1.82461e-25
1.79922e-25
1.77521e-25
1.75394e-25
1.73602e-25
1.72136e-25
1.70935e-25
1.69906e-25
1.68945e-25
1.67951e-25
1.66855e-25
1.65648e-25
1.64415e-25
1.63326e-25
1.626e-25
1.62428e-25
1.62899e-25
1.63958e-25
1.65439e-25
1.67118e-25
1.6879e-25
1.70312e-25
1.71611e-25
1.72673e-25
1.73544e-25
1.74331e-25
1.75143e-25
1.75981e-25
1.76675e-25
1.76943e-25
1.76548e-25
1.75415e-25
1.73672e-25
1.71602e-25
1.69555e-25
1.67851e-25
1.66715e-25
1.66245e-25
1.66417e-25
1.67135e-25
1.683e-25
1.6985e-25
1.71739e-25
1.73862e-25
1.76013e-25
1.7789e-25
1.79183e-25
1.7966e-25
1.79226e-25
1.77938e-25
1.7598e-25
1.7363e-25
1.71211e-25
1.69064e-25
1.67497e-25
1.66724e-25
1.6679e-25
1.67546e-25
1.6869e-25
1.69883e-25
1.70855e-25
1.71475e-25
1.71762e-25
1.71859e-25
1.71992e-25
1.72387e-25
1.73198e-25
1.74455e-25
1.76088e-25
1.77968e-25
1.79977e-25
1.82012e-25
1.83951e-25
1.85636e-25
1.86883e-25
1.87508e-25
1.87372e-25
1.86413e-25
1.8466e-25
1.82236e-25
1.7934e-25
1.76232e-25
1.73192e-25
1.70478e-25
1.68294e-25
1.66739e-25
1.65779e-25
1.65255e-25
1.64911e-25
1.64474e-25
1.63737e-25
1.62637e-25
1.61295e-25
1.60013e-25
1.59201e-25
1.59251e-25
1.60376e-25
1.62502e-25
1.65251e-25
1.68049e-25
1.70312e-25
1.71623e-25
1.71859e-25
1.71183e-25
1.6991e-25
1.6833e-25
1.66618e-25
1.64866e-25
1.63136e-25
1.61471e-25
1.59882e-25
1.58371e-25
1.56977e-25
1.55783e-25
1.5487e-25
1.54223e-25
1.53718e-25
1.53207e-25
1.52672e-25
1.52306e-25
1.52467e-25
1.53513e-25
1.55592e-25
1.5852e-25
1.61828e-25
1.64959e-25
1.67462e-25
1.69102e-25
1.69865e-25
1.69902e-25
1.69456e-25
1.68804e-25
1.68215e-25
1.67915e-25
1.68059e-25
1.68731e-25
1.69946e-25
1.71663e-25
1.73809e-25
1.76277e-25
1.78935e-25
1.81621e-25
1.84155e-25
1.86345e-25
1.87995e-25
1.88927e-25
1.89007e-25
1.88197e-25
1.86593e-25
1.84448e-25
1.82101e-25
1.79866e-25
1.77911e-25
1.76226e-25
1.74688e-25
1.73184e-25
1.71664e-25
1.70137e-25
1.68624e-25
1.67141e-25
1.65719e-25
1.64437e-25
1.63438e-25
1.62909e-25
1.63015e-25
1.6383e-25
1.65282e-25
1.67144e-25
1.69083e-25
1.70725e-25
1.71766e-25
1.72049e-25
1.71617e-25
1.70715e-25
1.69707e-25
1.68941e-25
1.68625e-25
1.68781e-25
1.69279e-25
1.69939e-25
1.70592e-25
1.71131e-25
1.71517e-25
1.71781e-25
1.72019e-25
1.72369e-25
1.7295e-25
1.73802e-25
1.74874e-25
1.76067e-25
1.77292e-25
1.78486e-25
1.79599e-25
1.80566e-25
1.81298e-25
1.81686e-25
1.81632e-25
1.81085e-25
1.80075e-25
1.78714e-25
1.77176e-25
1.75656e-25
1.74335e-25
1.73333e-25
1.72701e-25
1.72409e-25
1.72367e-25
1.72439e-25
1.72478e-25
1.72339e-25
1.719e-25
1.71093e-25
1.69911e-25
1.68406e-25
1.66674e-25
1.64832e-25
1.63002e-25
1.61307e-25
1.59862e-25
1.58789e-25
1.5825e-25
1.58462e-25
1.59619e-25
1.61746e-25
1.64638e-25
1.67985e-25
1.71524e-25
1.75109e-25
1.78666e-25
1.82126e-25
1.85383e-25
1.88295e-25
1.90701e-25
1.92462e-25
1.9347e-25
1.93645e-25
1.92947e-25
1.91362e-25
1.88929e-25
1.85766e-25
1.82105e-25
1.783e-25
1.74779e-25
1.71964e-25
1.70155e-25
1.69444e-25
1.69685e-25
1.70554e-25
1.71655e-25
1.72634e-25
1.73248e-25
1.73385e-25
1.73056e-25
1.72354e-25
1.71428e-25
1.70443e-25
1.6953e-25
1.68742e-25
1.68027e-25
1.6725e-25
1.66255e-25
1.6493e-25
1.63262e-25
1.61347e-25
1.59382e-25
1.57625e-25
1.56358e-25
1.55849e-25
1.5628e-25
1.5767e-25
1.59818e-25
1.62315e-25
1.64665e-25
1.66433e-25
1.67362e-25
1.67423e-25
1.66811e-25
1.65914e-25
1.65217e-25
1.65146e-25
1.65867e-25
1.67204e-25
1.68754e-25
1.70129e-25
1.71109e-25
1.71666e-25
1.71884e-25
1.71869e-25
1.71699e-25
1.71421e-25
1.71075e-25
1.70703e-25
1.70357e-25
1.70075e-25
1.69878e-25
1.69773e-25
1.69764e-25
1.69868e-25
1.70126e-25
1.70597e-25
1.71355e-25
1.72452e-25
1.73859e-25
1.75442e-25
1.76999e-25
1.78331e-25
1.79278e-25
1.79722e-25
1.79577e-25
1.78801e-25
1.7747e-25
1.75842e-25
1.74328e-25
1.73262e-25
1.72652e-25
1.72208e-25
1.71626e-25
1.7085e-25
1.70097e-25
1.69669e-25
1.69729e-25
1.70201e-25
1.70837e-25
1.71381e-25
1.71699e-25
1.718e-25
1.71775e-25
1.71713e-25
1.71637e-25
1.7149e-25
1.71189e-25
1.70687e-25
1.70027e-25
1.6934e-25
1.68782e-25
1.6845e-25
1.68333e-25
1.68325e-25
1.68306e-25
1.68243e-25
1.68206e-25
1.68281e-25
1.6845e-25
1.6857e-25
1.68484e-25
1.68143e-25
1.67636e-25
1.67132e-25
1.6679e-25
1.66685e-25
1.66784e-25
1.66953e-25
1.67022e-25
1.66852e-25
1.66375e-25
1.65616e-25
1.64654e-25
1.63574e-25
1.62441e-25
1.6132e-25
1.60323e-25
1.5962e-25
1.59412e-25
1.59848e-25
1.60929e-25
1.6249e-25
1.64242e-25
1.65895e-25
1.67271e-25
1.68367e-25
1.69343e-25
1.70412e-25
1.71722e-25
1.73281e-25
1.74963e-25
1.76569e-25
1.77886e-25
1.7871e-25
1.7887e-25
1.7825e-25
1.76834e-25
1.74721e-25
1.72122e-25
1.69343e-25
1.66756e-25
1.6475e-25
1.63636e-25
1.63565e-25
1.64521e-25
1.66373e-25
1.68924e-25
1.71877e-25
1.74829e-25
1.77318e-25
1.7894e-25
1.79422e-25
1.78657e-25
1.76684e-25
1.73667e-25
1.69856e-25
1.65564e-25
1.6113e-25
1.56885e-25
1.53124e-25
1.50101e-25
1.48057e-25
1.47224e-25
1.47747e-25
1.49578e-25
1.52462e-25
1.56039e-25
1.59981e-25
1.64043e-25
1.68045e-25
1.71837e-25
1.75293e-25
1.78316e-25
1.80837e-25
1.82795e-25
1.84096e-25
1.84627e-25
1.84267e-25
1.82951e-25
1.80729e-25
1.77782e-25
1.74387e-25
1.70843e-25
1.6739e-25
1.64209e-25
1.61451e-25
1.59248e-25
1.5769e-25
1.56778e-25
1.56445e-25
1.56629e-25
1.5732e-25
1.58521e-25
1.60195e-25
1.62231e-25
1.64471e-25
1.66747e-25
1.68905e-25
1.70813e-25
1.7235e-25
1.73415e-25
1.73944e-25
1.73932e-25
1.73446e-25
1.72598e-25
1.71537e-25
1.70424e-25
1.69406e-25
1.68599e-25
1.68054e-25
1.67762e-25
1.67655e-25
1.67636e-25
1.67623e-25
1.67572e-25
1.67484e-25
1.67372e-25
1.67227e-25
1.66998e-25
1.66593e-25
1.65912e-25
1.64896e-25
1.63573e-25
1.62088e-25
1.60658e-25
1.59492e-25
1.58697e-25
1.58261e-25
1.58129e-25
1.58285e-25
1.58797e-25
1.59772e-25
1.61283e-25
1.63308e-25
1.6573e-25
1.68383e-25
1.71103e-25
1.7378e-25
1.76379e-25
1.78916e-25
1.8142e-25
1.83881e-25
1.8623e-25
1.88308e-25
1.89897e-25
1.90772e-25
1.90755e-25
1.89794e-25
1.87991e-25
1.85601e-25
1.82975e-25
1.80477e-25
1.78397e-25
1.76882e-25
1.75939e-25
1.75467e-25
1.75336e-25
1.75476e-25
1.75924e-25
1.76814e-25
1.78309e-25
1.80465e-25
1.83109e-25
1.8581e-25
1.88032e-25
1.89346e-25
1.89576e-25
1.88811e-25
1.87308e-25
1.85359e-25
1.83195e-25
1.80959e-25
1.78734e-25
1.76602e-25
1.74681e-25
1.73129e-25
1.72105e-25
1.71699e-25
1.71872e-25
1.72422e-25
1.73015e-25
1.7328e-25
1.72916e-25
1.7178e-25
1.69922e-25
1.67549e-25
1.6497e-25
1.62522e-25
1.60504e-25
1.59144e-25
1.58572e-25
1.5882e-25
1.59816e-25
1.61403e-25
1.6337e-25
1.65475e-25
1.67464e-25
1.69108e-25
1.7025e-25
1.70858e-25
1.71048e-25
1.71069e-25
1.71226e-25
1.71776e-25
1.72833e-25
1.74342e-25
1.76112e-25
1.77891e-25
1.79433e-25
1.80551e-25
1.81151e-25
1.81233e-25
1.80876e-25
1.80208e-25
1.79381e-25
1.78544e-25
1.77804e-25
1.77203e-25
1.76715e-25
1.7629e-25
1.7589e-25
1.75503e-25
1.75139e-25
1.74842e-25
1.74684e-25
1.74768e-25
1.75164e-25
1.75839e-25
1.76612e-25
1.77198e-25
1.77326e-25
1.76872e-25
1.75945e-25
1.74873e-25
1.74052e-25
1.73726e-25
1.73886e-25
1.74344e-25
1.74884e-25
1.75353e-25
1.75659e-25
1.75724e-25
1.75462e-25
1.74789e-25
1.73665e-25
1.72119e-25
1.70241e-25
1.68174e-25
1.66125e-25
1.64406e-25
1.6341e-25
1.63459e-25
1.64601e-25
1.6655e-25
1.688e-25
1.70842e-25
1.72326e-25
1.73134e-25
1.73361e-25
1.73227e-25
1.72994e-25
1.72901e-25
1.7312e-25
1.73718e-25
1.74623e-25
1.75643e-25
1.76538e-25
1.77107e-25
1.77264e-25
1.77062e-25
1.76661e-25
1.76244e-25
1.75944e-25
1.75789e-25
1.75705e-25
1.75571e-25
1.75313e-25
1.74951e-25
1.74606e-25
1.74431e-25
1.74543e-25
1.7497e-25
1.75635e-25
1.76373e-25
1.76965e-25
1.77193e-25
1.76895e-25
1.76022e-25
1.74691e-25
1.73228e-25
1.72098e-25
1.71677e-25
1.72008e-25
1.72751e-25
1.73424e-25
1.73667e-25
1.7336e-25
1.72593e-25
1.71539e-25
1.70363e-25
1.69177e-25
1.68032e-25
1.66949e-25
1.65946e-25
1.65069e-25
1.64403e-25
1.6405e-25
1.64098e-25
1.64589e-25
1.65493e-25
1.66722e-25
1.68139e-25
1.69582e-25
1.7089e-25
1.71942e-25
1.7269e-25
1.7316e-25
1.73447e-25
1.73691e-25
1.74063e-25
1.74736e-25
1.75855e-25
1.77486e-25
1.79583e-25
1.82003e-25
1.84532e-25
1.86928e-25
1.88965e-25
1.90457e-25
1.91288e-25
1.91406e-25
1.90818e-25
1.89576e-25
1.8777e-25
1.85513e-25
1.82928e-25
1.80134e-25
1.77263e-25
1.74501e-25
1.72122e-25
1.70434e-25
1.6962e-25
1.69594e-25
1.70018e-25
1.70503e-25
1.70798e-25
1.70826e-25
1.7063e-25
1.70282e-25
1.69842e-25
1.69366e-25
1.6894e-25
1.68668e-25
1.68622e-25
1.68787e-25
1.6906e-25
1.69322e-25
1.69509e-25
1.69634e-25
1.69765e-25
1.69972e-25
1.70282e-25
1.70677e-25
1.7111e-25
1.71499e-25
1.71733e-25
1.71674e-25
1.71198e-25
1.70237e-25
1.68818e-25
1.67076e-25
1.65228e-25
1.63522e-25
1.62171e-25
1.61314e-25
1.60978e-25
1.61108e-25
1.61595e-25
1.62322e-25
1.6319e-25
1.64134e-25
1.651e-25
1.66009e-25
1.66765e-25
1.67274e-25
1.67497e-25
1.67475e-25
1.67337e-25
1.67267e-25
1.67431e-25
1.67904e-25
1.68615e-25
1.69326e-25
1.69689e-25
1.69347e-25
1.68061e-25
1.65807e-25
1.62816e-25
1.59566e-25
1.56684e-25
1.54757e-25
1.54075e-25
1.54514e-25
1.55684e-25
1.57177e-25
1.58734e-25
1.60265e-25
1.61799e-25
1.63426e-25
1.65234e-25
1.67271e-25
1.69509e-25
1.71841e-25
1.74115e-25
1.76174e-25
1.77896e-25
1.79206e-25
1.80069e-25
1.8047e-25
1.804e-25
1.79866e-25
1.78908e-25
1.77625e-25
1.76168e-25
1.74725e-25
1.73496e-25
1.72657e-25
1.72334e-25
1.72554e-25
2.11534e-25
2.11885e-25
2.11776e-25
2.11087e-25
2.09736e-25
2.077e-25
2.05025e-25
2.01857e-25
1.98417e-25
1.94961e-25
1.91733e-25
1.88914e-25
1.86602e-25
1.84832e-25
1.83677e-25
1.83322e-25
1.84002e-25
1.8583e-25
1.8865e-25
1.92022e-25
1.95369e-25
1.98187e-25
2.00194e-25
2.01358e-25
2.01798e-25
2.01655e-25
2.01004e-25
1.99825e-25
1.98046e-25
1.9566e-25
1.92845e-25
1.89995e-25
1.87621e-25
1.86191e-25
1.85969e-25
1.86961e-25
1.88945e-25
1.91588e-25
1.94531e-25
1.97441e-25
2.00061e-25
2.02312e-25
2.04323e-25
2.06316e-25
2.08329e-25
2.10092e-25
2.11193e-25
2.11337e-25
2.10457e-25
2.08678e-25
2.06239e-25
2.03446e-25
2.0063e-25
1.98117e-25
1.96191e-25
1.95013e-25
1.94569e-25
1.94691e-25
1.95136e-25
1.95696e-25
1.9626e-25
1.96794e-25
1.97319e-25
1.97873e-25
1.9851e-25
1.99278e-25
2.0018e-25
2.01151e-25
2.02076e-25
2.02835e-25
2.03362e-25
2.03683e-25
2.03921e-25
2.04266e-25
2.04879e-25
2.05787e-25
2.06806e-25
2.07589e-25
2.07762e-25
2.07079e-25
2.05497e-25
2.03196e-25
2.00528e-25
1.97969e-25
1.95966e-25
1.94742e-25
1.94201e-25
1.94046e-25
1.94016e-25
1.94052e-25
1.94306e-25
1.95026e-25
1.96377e-25
1.98315e-25
2.00582e-25
2.02829e-25
2.04765e-25
2.0625e-25
2.07315e-25
2.08073e-25
2.08591e-25
2.08819e-25
2.08637e-25
2.07948e-25
2.06776e-25
2.05291e-25
2.0374e-25
2.02347e-25
2.01239e-25
2.00387e-25
1.99639e-25
1.98808e-25
1.97751e-25
1.96412e-25
1.94826e-25
1.93097e-25
1.91334e-25
1.89605e-25
1.87906e-25
1.86165e-25
1.84276e-25
1.82151e-25
1.79778e-25
1.77282e-25
1.74956e-25
1.7322e-25
1.72534e-25
1.73235e-25
1.75388e-25
1.78707e-25
1.82642e-25
1.86584e-25
1.90073e-25
1.92924e-25
1.95228e-25
1.9725e-25
1.9926e-25
2.01346e-25
2.03356e-25
2.04975e-25
2.05913e-25
2.06037e-25
2.05406e-25
2.04203e-25
2.02673e-25
2.01072e-25
1.99653e-25
1.98633e-25
1.98165e-25
1.98292e-25
1.989e-25
1.99714e-25
2.00368e-25
2.00544e-25
2.00066e-25
1.98911e-25
1.97181e-25
1.95098e-25
1.92979e-25
1.91157e-25
1.8991e-25
1.89416e-25
1.89753e-25
1.90914e-25
1.92778e-25
1.95101e-25
1.9755e-25
1.9976e-25
2.014e-25
2.02182e-25
2.01863e-25
2.00275e-25
1.97381e-25
1.93351e-25
1.88671e-25
1.84173e-25
1.80879e-25
1.79587e-25
1.80444e-25
1.82915e-25
1.86146e-25
1.89366e-25
1.92087e-25
1.94112e-25
1.9546e-25
1.96299e-25
1.96855e-25
1.9733e-25
1.97827e-25
1.98304e-25
1.98618e-25
1.98649e-25
1.98417e-25
1.98069e-25
1.97774e-25
1.97602e-25
1.97505e-25
1.97345e-25
1.96948e-25
1.96137e-25
1.9479e-25
1.92896e-25
1.90594e-25
1.88166e-25
1.85999e-25
1.84483e-25
1.83896e-25
1.84314e-25
1.8559e-25
1.87411e-25
1.89398e-25
1.91192e-25
1.92516e-25
1.9321e-25
1.93216e-25
1.92572e-25
1.91394e-25
1.89855e-25
1.88146e-25
1.86432e-25
1.84816e-25
1.8331e-25
1.81864e-25
1.80405e-25
1.78899e-25
1.7738e-25
1.75943e-25
1.74704e-25
1.7374e-25
1.73057e-25
1.72616e-25
1.72406e-25
1.72496e-25
1.73046e-25
1.74247e-25
1.76268e-25
1.79207e-25
1.83046e-25
1.87602e-25
1.9252e-25
1.97315e-25
2.01458e-25
2.0448e-25
2.06073e-25
2.0616e-25
2.04914e-25
2.02741e-25
2.00206e-25
1.97922e-25
1.96371e-25
1.95794e-25
1.96153e-25
1.97224e-25
1.9871e-25
2.00318e-25
2.01765e-25
2.02768e-25
2.0309e-25
2.02627e-25
2.0148e-25
1.99962e-25
1.98498e-25
1.97436e-25
1.96891e-25
1.96708e-25
1.96592e-25
1.96291e-25
1.95671e-25
1.94708e-25
1.93453e-25
1.92014e-25
1.90553e-25
1.89236e-25
1.88195e-25
1.87511e-25
1.87256e-25
1.87532e-25
1.88447e-25
1.90026e-25
1.92142e-25
1.94539e-25
1.96945e-25
1.9919e-25
2.01237e-25
2.03132e-25
2.04917e-25
2.06569e-25
2.08019e-25
2.09179e-25
2.0996e-25
2.10248e-25
2.09921e-25
2.08879e-25
2.07105e-25
2.04684e-25
2.01774e-25
1.98556e-25
1.95187e-25
1.91786e-25
1.88443e-25
1.85267e-25
1.82428e-25
1.80138e-25
1.78603e-25
1.77954e-25
1.78206e-25
1.79278e-25
1.81041e-25
1.83343e-25
1.85987e-25
1.88738e-25
1.91385e-25
1.93815e-25
1.96013e-25
1.98006e-25
1.99754e-25
2.01114e-25
2.01881e-25
2.01877e-25
2.01044e-25
1.99502e-25
1.9755e-25
1.95587e-25
1.93982e-25
1.92963e-25
1.92576e-25
1.92704e-25
1.93111e-25
1.93519e-25
1.93695e-25
1.93527e-25
1.93059e-25
1.92486e-25
1.92075e-25
1.92079e-25
1.92642e-25
1.93757e-25
1.95292e-25
1.97064e-25
1.98857e-25
2.00406e-25
2.01378e-25
2.01431e-25
2.00358e-25
1.983e-25
1.9582e-25
1.93642e-25
1.92157e-25
1.91227e-25
1.90501e-25
1.89761e-25
1.8896e-25
1.88114e-25
1.87283e-25
1.86605e-25
1.8633e-25
1.86774e-25
1.88194e-25
1.90649e-25
1.93931e-25
1.97614e-25
2.01239e-25
2.04459e-25
2.07115e-25
2.09185e-25
2.10698e-25
2.11673e-25
2.12083e-25
2.11874e-25
2.11015e-25
2.09513e-25
2.07426e-25
2.04861e-25
2.01986e-25
1.99042e-25
1.96343e-25
1.94251e-25
1.93107e-25
1.93082e-25
1.94052e-25
1.95628e-25
1.97328e-25
1.98728e-25
1.99544e-25
1.99697e-25
1.99373e-25
1.99031e-25
1.99277e-25
2.00642e-25
2.03319e-25
2.0705e-25
2.11207e-25
2.1503e-25
2.1786e-25
2.19301e-25
2.19297e-25
2.18111e-25
2.16212e-25
2.14105e-25
2.12126e-25
2.1034e-25
2.08602e-25
2.06738e-25
2.04772e-25
2.03031e-25
2.02058e-25
2.02322e-25
2.03912e-25
2.06445e-25
2.09266e-25
2.11736e-25
2.13423e-25
2.14153e-25
2.13961e-25
2.13034e-25
2.11639e-25
2.10042e-25
2.08443e-25
2.06929e-25
2.05472e-25
2.03971e-25
2.02298e-25
2.00359e-25
1.98117e-25
1.95593e-25
1.92857e-25
1.90039e-25
1.87353e-25
1.85113e-25
1.83657e-25
1.83248e-25
1.83955e-25
1.85615e-25
1.87895e-25
1.90406e-25
1.92826e-25
1.94966e-25
1.96801e-25
1.98461e-25
2.00164e-25
2.02128e-25
2.0446e-25
2.07099e-25
2.09844e-25
2.12434e-25
2.14633e-25
2.1627e-25
2.17231e-25
2.17451e-25
2.16931e-25
2.15764e-25
2.1416e-25
2.12417e-25
2.10821e-25
2.09506e-25
2.08379e-25
2.07176e-25
2.05673e-25
2.03858e-25
2.01944e-25
2.00224e-25
1.98887e-25
1.97922e-25
1.97146e-25
1.96287e-25
1.95091e-25
1.93412e-25
1.91265e-25
1.88817e-25
1.86335e-25
1.84103e-25
1.82353e-25
1.81227e-25
1.80804e-25
1.81116e-25
1.82171e-25
1.83938e-25
1.86298e-25
1.89013e-25
1.91738e-25
1.94106e-25
1.95824e-25
1.96741e-25
1.96873e-25
1.9638e-25
1.95511e-25
1.94518e-25
1.93585e-25
1.92803e-25
1.92173e-25
1.91659e-25
1.91248e-25
1.90973e-25
1.90916e-25
1.91173e-25
1.91821e-25
1.92874e-25
1.94237e-25
1.95645e-25
1.96711e-25
1.97058e-25
1.96453e-25
1.9487e-25
1.92487e-25
1.89607e-25
1.86579e-25
1.83727e-25
1.8134e-25
1.79693e-25
1.79059e-25
1.79637e-25
1.81438e-25
1.84218e-25
1.87517e-25
1.90794e-25
1.93565e-25
1.95489e-25
1.96414e-25
1.96396e-25
1.95677e-25
1.94636e-25
1.93714e-25
1.93262e-25
1.9341e-25
1.94e-25
1.9465e-25
1.94926e-25
1.9452e-25
1.93362e-25
1.91647e-25
1.89787e-25
1.88323e-25
1.87803e-25
1.88612e-25
1.90832e-25
1.94228e-25
1.98352e-25
2.02684e-25
2.06722e-25
2.10027e-25
2.12241e-25
2.13119e-25
2.12581e-25
2.10756e-25
2.08005e-25
2.04889e-25
2.02042e-25
1.99975e-25
1.98885e-25
1.98603e-25
1.98719e-25
1.98794e-25
1.98548e-25
1.97964e-25
1.97225e-25
1.9656e-25
1.96091e-25
1.95795e-25
1.95576e-25
1.9535e-25
1.95057e-25
1.94643e-25
1.94047e-25
1.9323e-25
1.92213e-25
1.91091e-25
1.90026e-25
1.89187e-25
1.88708e-25
1.88642e-25
1.88943e-25
1.89465e-25
1.89995e-25
1.90333e-25
1.90378e-25
1.90175e-25
1.89908e-25
1.89839e-25
1.90226e-25
1.91244e-25
1.929e-25
1.95001e-25
1.97191e-25
1.99056e-25
2.00268e-25
2.00689e-25
2.00399e-25
1.99647e-25
1.98746e-25
1.97972e-25
1.97483e-25
1.97335e-25
1.97558e-25
1.98279e-25
1.99802e-25
2.02457e-25
2.06271e-25
2.10792e-25
2.15284e-25
2.19045e-25
2.21584e-25
2.22632e-25
2.22088e-25
2.19992e-25
2.1648e-25
2.11774e-25
2.06172e-25
2.00026e-25
1.93733e-25
1.87704e-25
1.82341e-25
1.78024e-25
1.75104e-25
1.7382e-25
1.74123e-25
1.75581e-25
1.77599e-25
1.79763e-25
1.81992e-25
1.84395e-25
1.86997e-25
1.89597e-25
1.91823e-25
1.93276e-25
1.93647e-25
1.92834e-25
1.91063e-25
1.88934e-25
1.87278e-25
1.86826e-25
1.87896e-25
1.90368e-25
1.93893e-25
1.98063e-25
2.02487e-25
2.06776e-25
2.10558e-25
2.1351e-25
2.15382e-25
2.16022e-25
2.15412e-25
2.13666e-25
2.10989e-25
2.07622e-25
2.03785e-25
1.99651e-25
1.95371e-25
1.91123e-25
1.87127e-25
1.83629e-25
1.80843e-25
1.78883e-25
1.7775e-25
1.77378e-25
1.77698e-25
1.78681e-25
1.80302e-25
1.82488e-25
1.8508e-25
1.87853e-25
1.90575e-25
1.93071e-25
1.95272e-25
1.97196e-25
1.98901e-25
2.00421e-25
2.0174e-25
2.02825e-25
2.03645e-25
2.0416e-25
2.04283e-25
2.03905e-25
2.02961e-25
2.01501e-25
1.99704e-25
1.97831e-25
1.96166e-25
1.94963e-25
1.94415e-25
1.94629e-25
1.95606e-25
1.97227e-25
1.99263e-25
2.01401e-25
2.03292e-25
2.04628e-25
2.05224e-25
2.05068e-25
2.04303e-25
2.03153e-25
2.01816e-25
2.0037e-25
1.98756e-25
1.96846e-25
1.94563e-25
1.91966e-25
1.89284e-25
1.86854e-25
1.84998e-25
1.83904e-25
1.83563e-25
1.83811e-25
1.8443e-25
1.85226e-25
1.86074e-25
1.8692e-25
1.87765e-25
1.88626e-25
1.89514e-25
1.90427e-25
1.91352e-25
1.92273e-25
1.93183e-25
1.94084e-25
1.94985e-25
1.95894e-25
1.96795e-25
1.97646e-25
1.98396e-25
1.99013e-25
1.99457e-25
1.99636e-25
1.99462e-25
1.98921e-25
1.9817e-25
1.97541e-25
1.97423e-25
1.98068e-25
1.99434e-25
2.01168e-25
2.02749e-25
2.037e-25
2.03726e-25
2.0276e-25
2.00965e-25
1.98699e-25
1.96449e-25
1.94753e-25
1.94055e-25
1.94537e-25
1.96026e-25
1.98074e-25
2.00142e-25
2.01749e-25
2.02511e-25
2.02149e-25
2.00538e-25
1.97789e-25
1.94318e-25
1.90819e-25
1.88098e-25
1.86791e-25
1.87146e-25
1.88978e-25
1.91809e-25
1.9502e-25
1.97982e-25
2.00164e-25
2.01258e-25
2.01254e-25
2.00395e-25
1.99032e-25
1.97482e-25
1.95981e-25
1.94718e-25
1.93849e-25
1.93509e-25
1.93834e-25
1.94959e-25
1.9688e-25
1.99297e-25
2.01659e-25
2.03416e-25
2.04238e-25
2.0404e-25
2.0291e-25
2.01012e-25
1.98555e-25
1.95792e-25
1.93052e-25
1.90717e-25
1.89156e-25
1.88605e-25
1.89072e-25
1.90311e-25
1.91915e-25
1.93475e-25
1.94702e-25
1.95459e-25
1.9573e-25
1.95572e-25
1.95059e-25
1.94235e-25
1.93085e-25
1.91564e-25
1.89663e-25
1.8749e-25
1.85275e-25
1.83322e-25
1.81968e-25
1.81551e-25
1.82318e-25
1.84252e-25
1.87016e-25
1.90075e-25
1.92912e-25
1.95192e-25
1.96776e-25
1.97679e-25
1.9799e-25
1.97805e-25
1.97201e-25
1.96231e-25
1.94949e-25
1.93442e-25
1.91843e-25
1.90321e-25
1.89038e-25
1.88114e-25
1.87586e-25
1.87404e-25
1.87451e-25
1.87578e-25
1.87643e-25
1.8754e-25
1.87203e-25
1.86615e-25
1.8579e-25
1.84759e-25
1.83554e-25
1.82236e-25
1.80962e-25
1.80052e-25
1.79985e-25
1.81236e-25
1.83994e-25
1.88e-25
1.92657e-25
1.97261e-25
2.01166e-25
2.03857e-25
2.04982e-25
2.04375e-25
2.02086e-25
1.98394e-25
1.93838e-25
1.89191e-25
1.85344e-25
1.83073e-25
1.8278e-25
1.84398e-25
1.87467e-25
1.91366e-25
1.95507e-25
1.99434e-25
2.0285e-25
2.05609e-25
2.07689e-25
2.09172e-25
2.10193e-25
2.10887e-25
2.11341e-25
2.11591e-25
2.11661e-25
2.11589e-25
2.11427e-25
2.11206e-25
2.10922e-25
2.10522e-25
2.09928e-25
2.0906e-25
2.07852e-25
2.06254e-25
2.04251e-25
2.01911e-25
1.99405e-25
1.96958e-25
1.94723e-25
1.92709e-25
1.90863e-25
1.89173e-25
1.87718e-25
1.8665e-25
1.86116e-25
1.86174e-25
1.86755e-25
1.87671e-25
1.88693e-25
1.89642e-25
1.90431e-25
1.91034e-25
1.91419e-25
1.91532e-25
1.9136e-25
1.90981e-25
1.90524e-25
1.90101e-25
1.89739e-25
1.89381e-25
1.88943e-25
1.88396e-25
1.87813e-25
1.87348e-25
1.87158e-25
1.87323e-25
1.87812e-25
1.88506e-25
1.89253e-25
1.89905e-25
1.90338e-25
1.90461e-25
1.90314e-25
1.90163e-25
1.90526e-25
1.91966e-25
1.94722e-25
1.98517e-25
2.02723e-25
2.06638e-25
2.09694e-25
2.11507e-25
2.11851e-25
2.10664e-25
2.08064e-25
2.04389e-25
2.00197e-25
1.96204e-25
1.93112e-25
1.91433e-25
1.91391e-25
1.92978e-25
1.95985e-25
1.99961e-25
2.04207e-25
2.07904e-25
2.10358e-25
2.11178e-25
2.10327e-25
2.08069e-25
2.04875e-25
2.01271e-25
1.97694e-25
1.94417e-25
1.91569e-25
1.89246e-25
1.87606e-25
1.86862e-25
1.87205e-25
1.88703e-25
1.91284e-25
1.94765e-25
1.98878e-25
2.03277e-25
2.07519e-25
2.11077e-25
2.13404e-25
2.14042e-25
2.12764e-25
2.09684e-25
2.05267e-25
2.00242e-25
1.9544e-25
1.91639e-25
1.89434e-25
1.89101e-25
1.9051e-25
1.93205e-25
1.96564e-25
1.99951e-25
2.02813e-25
2.0477e-25
2.05636e-25
2.05432e-25
2.0434e-25
2.02637e-25
2.00612e-25
1.98499e-25
1.96437e-25
1.94465e-25
1.92557e-25
1.90704e-25
1.88975e-25
1.87539e-25
1.86606e-25
1.86341e-25
1.86787e-25
1.87834e-25
1.89264e-25
1.908e-25
1.92171e-25
1.93141e-25
1.93557e-25
1.93417e-25
1.92945e-25
1.92571e-25
1.92724e-25
1.93551e-25
1.94803e-25
1.9601e-25
1.96755e-25
2.1102e-25
2.10229e-25
2.0882e-25
2.07297e-25
2.06193e-25
2.05857e-25
2.06333e-25
2.07382e-25
2.0858e-25
2.09425e-25
2.09473e-25
2.08474e-25
2.06463e-25
2.03749e-25
2.00799e-25
1.98038e-25
1.95663e-25
1.93594e-25
1.91621e-25
1.89627e-25
1.87747e-25
1.86362e-25
1.85937e-25
1.86795e-25
1.88988e-25
1.92303e-25
1.96373e-25
2.00779e-25
2.05134e-25
2.09112e-25
2.12454e-25
2.14965e-25
2.16508e-25
2.17026e-25
2.16539e-25
2.15142e-25
2.12979e-25
2.10221e-25
2.07102e-25
2.03963e-25
2.01188e-25
1.99023e-25
1.97439e-25
1.96252e-25
1.95353e-25
1.94809e-25
1.94825e-25
1.95568e-25
1.96971e-25
1.98679e-25
2.00286e-25
2.01666e-25
2.03045e-25
2.04769e-25
2.0702e-25
2.09748e-25
2.12748e-25
2.15767e-25
2.18556e-25
2.20855e-25
2.22422e-25
2.23082e-25
2.22784e-25
2.21627e-25
2.19854e-25
2.17791e-25
2.15734e-25
2.13836e-25
2.12074e-25
2.10307e-25
2.08353e-25
2.06076e-25
2.03422e-25
2.00462e-25
1.97386e-25
1.94464e-25
1.92007e-25
1.90312e-25
1.89596e-25
1.89947e-25
1.9132e-25
1.93593e-25
1.96603e-25
2.00116e-25
2.03806e-25
2.07305e-25
2.10281e-25
2.12515e-25
2.13945e-25
2.14642e-25
2.14777e-25
2.14561e-25
2.142e-25
2.13867e-25
2.13668e-25
2.13611e-25
2.13601e-25
2.13483e-25
2.13109e-25
2.12373e-25
2.11198e-25
2.09527e-25
2.07339e-25
2.04706e-25
2.01859e-25
1.99176e-25
1.97125e-25
1.9615e-25
1.96547e-25
1.98328e-25
2.01163e-25
2.04507e-25
2.07839e-25
2.10785e-25
2.13104e-25
2.14649e-25
2.15392e-25
2.15462e-25
2.1511e-25
2.14621e-25
2.14229e-25
2.14052e-25
2.14092e-25
2.14254e-25
2.14417e-25
2.14489e-25
2.1442e-25
2.14217e-25
2.13994e-25
2.13966e-25
2.14345e-25
2.15142e-25
2.16114e-25
2.16948e-25
2.17466e-25
2.17685e-25
2.17699e-25
2.17564e-25
2.17288e-25
2.16895e-25
2.16432e-25
2.15945e-25
2.15442e-25
2.14882e-25
2.14219e-25
2.1345e-25
2.1267e-25
2.12074e-25
2.11843e-25
2.11993e-25
2.12311e-25
2.1245e-25
2.12086e-25
2.11021e-25
2.09177e-25
2.06582e-25
2.03368e-25
1.99811e-25
1.96307e-25
1.93256e-25
1.90891e-25
1.89222e-25
1.88116e-25
1.8744e-25
1.87162e-25
1.87345e-25
1.88084e-25
1.89423e-25
1.91317e-25
1.93652e-25
1.96294e-25
1.99075e-25
2.01789e-25
2.04211e-25
2.06186e-25
2.0771e-25
2.08984e-25
2.10311e-25
2.11871e-25
2.13502e-25
2.14721e-25
2.14961e-25
2.13861e-25
2.11422e-25
2.07985e-25
2.04133e-25
2.00556e-25
1.97896e-25
1.96597e-25
1.96808e-25
1.98385e-25
2.00997e-25
2.04214e-25
2.07574e-25
2.10642e-25
2.13075e-25
2.14686e-25
2.15462e-25
2.15488e-25
2.14846e-25
2.13561e-25
2.11651e-25
2.09247e-25
2.06662e-25
2.04374e-25
2.02881e-25
2.02476e-25
2.03106e-25
2.04426e-25
2.05972e-25
2.07347e-25
2.08302e-25
2.08682e-25
2.0838e-25
2.07283e-25
2.05304e-25
2.02421e-25
1.9874e-25
1.94565e-25
1.9046e-25
1.87175e-25
1.85344e-25
1.85148e-25
1.86278e-25
1.88195e-25
1.9042e-25
1.92645e-25
1.94713e-25
1.96565e-25
1.98205e-25
1.99683e-25
2.01093e-25
2.02557e-25
2.04209e-25
2.06166e-25
2.08489e-25
2.11168e-25
2.14112e-25
2.17181e-25
2.20208e-25
2.23008e-25
2.25382e-25
2.2712e-25
2.28015e-25
2.27882e-25
2.26575e-25
2.24027e-25
2.20315e-25
2.15749e-25
2.10917e-25
2.06568e-25
2.03312e-25
2.01359e-25
2.00519e-25
2.00411e-25
2.00638e-25
2.00881e-25
2.00934e-25
2.00709e-25
2.0021e-25
1.99507e-25
1.98713e-25
1.97962e-25
1.97379e-25
1.97058e-25
1.97065e-25
1.97433e-25
1.98126e-25
1.99024e-25
1.99912e-25
2.00554e-25
2.00823e-25
2.00821e-25
2.00883e-25
2.01399e-25
2.02566e-25
2.04269e-25
2.06181e-25
2.07951e-25
2.09325e-25
2.10163e-25
2.10426e-25
2.10172e-25
2.09543e-25
2.0875e-25
2.08016e-25
2.0747e-25
2.07033e-25
2.06417e-25
2.05233e-25
2.03166e-25
2.00129e-25
1.96342e-25
1.92328e-25
1.88832e-25
1.86596e-25
1.86106e-25
1.87461e-25
1.9042e-25
1.9457e-25
1.99477e-25
2.04741e-25
2.09982e-25
2.14806e-25
2.1882e-25
2.21707e-25
2.23313e-25
2.23656e-25
2.22924e-25
2.21426e-25
2.19524e-25
2.17515e-25
2.155e-25
2.13358e-25
2.109e-25
2.08147e-25
2.05556e-25
2.03917e-25
2.0374e-25
2.04656e-25
2.0564e-25
2.05813e-25
2.04908e-25
2.03214e-25
2.0129e-25
1.99675e-25
1.98636e-25
1.98108e-25
1.97831e-25
1.97555e-25
1.97165e-25
1.96716e-25
1.96394e-25
1.96466e-25
1.97184e-25
1.98698e-25
2.00989e-25
2.0387e-25
2.07046e-25
2.10201e-25
2.13078e-25
2.15507e-25
2.17402e-25
2.18736e-25
2.19517e-25
2.19785e-25
2.19597e-25
2.19039e-25
2.18213e-25
2.1724e-25
2.16242e-25
2.15325e-25
2.1452e-25
2.13733e-25
2.12778e-25
2.11529e-25
2.10025e-25
2.08417e-25
2.0683e-25
2.05241e-25
2.03511e-25
2.01559e-25
1.99523e-25
1.97756e-25
1.9663e-25
1.96263e-25
1.96415e-25
1.9662e-25
1.96467e-25
1.95826e-25
1.94912e-25
1.9415e-25
1.93933e-25
1.94465e-25
1.95729e-25
1.97548e-25
1.99641e-25
2.01645e-25
2.03156e-25
2.03815e-25
2.03427e-25
2.0203e-25
1.99877e-25
1.97349e-25
1.94855e-25
1.92777e-25
1.91446e-25
1.91124e-25
1.91952e-25
1.93887e-25
1.96697e-25
2.0002e-25
2.03462e-25
2.06672e-25
2.09389e-25
2.11489e-25
2.12994e-25
2.14081e-25
2.15015e-25
2.15997e-25
2.17015e-25
2.1779e-25
2.17883e-25
2.16836e-25
2.14337e-25
2.10403e-25
2.05591e-25
2.01074e-25
1.98308e-25
1.98233e-25
2.00558e-25
2.03966e-25
2.07082e-25
2.0917e-25
2.10175e-25
2.10428e-25
2.1037e-25
2.10357e-25
2.10595e-25
2.11137e-25
2.11935e-25
2.12908e-25
2.13986e-25
2.15118e-25
2.16257e-25
2.1733e-25
2.18201e-25
2.18701e-25
2.1866e-25
2.17964e-25
2.16606e-25
2.14707e-25
2.12465e-25
2.10066e-25
2.07629e-25
2.05219e-25
2.02906e-25
2.00809e-25
1.99097e-25
1.97977e-25
1.9764e-25
1.98211e-25
1.99662e-25
2.018e-25
2.04333e-25
2.06988e-25
2.09585e-25
2.12041e-25
2.1434e-25
2.16472e-25
2.18406e-25
2.20075e-25
2.21381e-25
2.22203e-25
2.22428e-25
2.21968e-25
2.20789e-25
2.1896e-25
2.16686e-25
2.14355e-25
2.12468e-25
2.11396e-25
2.11101e-25
2.11096e-25
2.10691e-25
2.09333e-25
2.068e-25
2.03261e-25
1.99244e-25
1.95485e-25
1.92701e-25
1.91353e-25
1.91591e-25
1.93337e-25
1.96342e-25
2.00169e-25
2.04193e-25
2.07723e-25
2.10175e-25
2.11198e-25
2.10695e-25
2.08772e-25
2.05731e-25
2.02162e-25
1.99007e-25
1.97196e-25
1.97004e-25
1.97912e-25
1.99156e-25
2.00287e-25
2.01255e-25
2.02217e-25
2.03318e-25
2.04647e-25
2.06291e-25
2.0833e-25
2.10687e-25
2.13042e-25
2.14968e-25
2.16186e-25
2.16708e-25
2.16802e-25
2.16838e-25
2.1714e-25
2.17885e-25
2.19074e-25
2.20566e-25
2.22133e-25
2.23533e-25
2.24557e-25
2.25089e-25
2.25135e-25
2.24818e-25
2.24336e-25
2.23865e-25
2.23471e-25
2.2307e-25
2.22468e-25
2.21471e-25
2.19989e-25
2.18103e-25
2.1606e-25
2.14194e-25
2.12813e-25
2.12086e-25
2.11996e-25
2.1238e-25
2.13032e-25
2.13809e-25
2.14686e-25
2.15753e-25
2.17134e-25
2.18871e-25
2.20852e-25
2.22828e-25
2.24492e-25
2.25589e-25
2.25992e-25
2.2573e-25
2.24963e-25
2.23901e-25
2.22705e-25
2.2142e-25
2.19992e-25
2.18341e-25
2.16433e-25
2.14363e-25
2.12377e-25
2.10837e-25
2.101e-25
2.10353e-25
2.1149e-25
2.13171e-25
2.14969e-25
2.1652e-25
2.17566e-25
2.17931e-25
2.17512e-25
2.16266e-25
2.14248e-25
2.11628e-25
2.08685e-25
2.05774e-25
2.03247e-25
2.01357e-25
2.00171e-25
1.99594e-25
1.99488e-25
1.99777e-25
2.00461e-25
2.01549e-25
2.03008e-25
2.04751e-25
2.06655e-25
2.08581e-25
2.10364e-25
2.11835e-25
2.12853e-25
2.13348e-25
2.13353e-25
2.13e-25
2.12466e-25
2.11919e-25
2.11469e-25
2.1115e-25
2.10932e-25
2.10755e-25
2.10574e-25
2.10409e-25
2.10361e-25
2.10599e-25
2.11319e-25
2.12665e-25
2.14654e-25
2.17126e-25
2.19786e-25
2.22288e-25
2.24333e-25
2.25749e-25
2.26502e-25
2.26674e-25
2.26397e-25
2.25784e-25
2.24866e-25
2.23574e-25
2.21784e-25
2.19379e-25
2.16316e-25
2.12668e-25
2.08631e-25
2.04498e-25
2.00622e-25
1.97363e-25
1.95024e-25
1.93808e-25
1.93767e-25
1.94792e-25
1.96638e-25
1.98987e-25
2.01501e-25
2.03873e-25
2.05837e-25
2.07157e-25
2.0763e-25
2.07125e-25
2.0568e-25
2.03557e-25
2.01174e-25
1.98925e-25
1.9701e-25
1.9544e-25
1.94186e-25
1.93292e-25
1.92855e-25
1.92933e-25
1.93473e-25
1.94329e-25
1.95331e-25
1.96354e-25
1.97315e-25
1.98128e-25
1.98678e-25
1.9888e-25
1.98729e-25
1.98306e-25
1.97732e-25
1.97132e-25
1.96622e-25
1.96313e-25
1.96305e-25
1.96651e-25
1.97344e-25
1.98298e-25
1.99383e-25
2.00454e-25
2.01398e-25
2.02116e-25
2.02498e-25
2.02389e-25
2.01589e-25
1.99906e-25
1.97269e-25
1.93833e-25
1.90018e-25
1.86432e-25
1.83682e-25
1.82191e-25
1.82131e-25
1.83462e-25
1.86007e-25
1.89502e-25
1.93665e-25
1.98216e-25
2.02867e-25
2.07283e-25
2.11079e-25
2.13857e-25
2.15296e-25
2.15284e-25
2.14035e-25
2.12138e-25
2.10448e-25
2.09788e-25
2.10585e-25
2.12726e-25
2.15703e-25
2.18894e-25
2.21812e-25
2.24185e-25
2.25945e-25
2.27158e-25
2.27952e-25
2.28466e-25
2.28826e-25
2.29122e-25
2.29394e-25
2.29644e-25
2.29847e-25
2.29913e-25
2.29698e-25
2.29051e-25
2.2789e-25
2.26242e-25
2.24239e-25
2.22059e-25
2.19876e-25
2.17842e-25
2.16126e-25
2.1491e-25
2.14291e-25
2.14184e-25
2.14346e-25
2.14494e-25
2.14427e-25
2.14094e-25
2.13591e-25
2.13057e-25
2.12584e-25
2.12155e-25
2.11621e-25
2.1077e-25
2.0943e-25
2.07553e-25
2.05204e-25
2.02517e-25
1.99642e-25
1.96752e-25
1.94084e-25
1.92018e-25
1.91079e-25
1.91778e-25
1.94295e-25
1.98201e-25
2.02588e-25
2.06517e-25
2.09398e-25
2.11051e-25
2.11583e-25
2.11269e-25
2.10449e-25
2.09456e-25
2.08509e-25
2.07682e-25
2.06955e-25
2.06277e-25
2.05637e-25
2.05078e-25
2.0469e-25
2.04571e-25
2.04809e-25
2.05479e-25
2.06665e-25
2.08413e-25
2.10639e-25
2.13077e-25
2.15328e-25
2.1702e-25
2.17933e-25
2.18054e-25
2.17543e-25
2.1661e-25
2.15439e-25
2.14139e-25
2.12775e-25
2.11454e-25
2.1037e-25
2.09781e-25
2.09875e-25
2.10646e-25
2.11887e-25
2.13296e-25
2.14585e-25
2.15512e-25
2.15867e-25
2.15466e-25
2.14185e-25
2.11986e-25
2.08977e-25
2.05528e-25
2.02266e-25
1.99856e-25
1.98637e-25
1.98475e-25
1.98941e-25
1.99594e-25
2.00123e-25
2.00352e-25
2.0019e-25
1.9962e-25
1.98702e-25
1.97586e-25
1.96483e-25
1.9558e-25
1.94983e-25
1.94696e-25
1.94661e-25
1.94805e-25
1.95065e-25
1.95419e-25
1.95921e-25
1.96715e-25
1.98007e-25
1.99983e-25
2.0271e-25
2.06058e-25
2.09722e-25
2.13302e-25
2.16387e-25
2.18607e-25
2.19652e-25
2.19345e-25
2.17773e-25
2.1532e-25
2.12465e-25
2.09508e-25
2.06521e-25
2.03525e-25
2.00654e-25
1.98157e-25
1.96306e-25
1.95301e-25
1.95209e-25
1.95949e-25
1.97305e-25
1.98957e-25
2.00511e-25
2.01573e-25
2.01883e-25
2.01433e-25
2.0045e-25
1.99283e-25
1.98285e-25
1.97784e-25
1.98096e-25
1.99478e-25
2.02021e-25
2.05531e-25
2.09551e-25
2.13511e-25
2.16931e-25
2.19532e-25
2.21227e-25
2.22021e-25
2.21911e-25
2.20856e-25
2.18827e-25
2.15928e-25
2.1243e-25
2.08657e-25
2.0487e-25
2.01268e-25
1.98023e-25
1.95231e-25
1.9284e-25
1.90665e-25
1.88515e-25
1.8633e-25
1.84283e-25
1.8275e-25
1.8214e-25
1.82639e-25
1.84127e-25
1.86305e-25
1.88863e-25
1.91544e-25
1.94142e-25
1.9653e-25
1.98657e-25
2.00499e-25
2.01975e-25
2.02927e-25
2.03177e-25
2.02627e-25
2.01345e-25
1.9961e-25
1.97858e-25
1.96545e-25
1.95959e-25
1.96065e-25
1.96523e-25
1.96883e-25
1.96832e-25
1.96309e-25
1.95446e-25
1.94431e-25
1.93409e-25
1.92467e-25
1.91686e-25
1.9116e-25
1.90992e-25
1.91237e-25
1.91892e-25
1.92897e-25
1.94203e-25
1.95846e-25
1.97953e-25
2.00663e-25
2.04003e-25
2.0779e-25
2.11651e-25
2.15119e-25
2.17794e-25
2.19459e-25
2.20122e-25
2.19961e-25
2.19223e-25
2.18115e-25
2.16767e-25
2.15254e-25
2.13637e-25
2.11994e-25
2.104e-25
2.0891e-25
2.07519e-25
2.06149e-25
2.04669e-25
2.02975e-25
2.01065e-25
1.99051e-25
1.97135e-25
1.95543e-25
1.94445e-25
1.93921e-25
1.93946e-25
1.94411e-25
1.95132e-25
1.9587e-25
1.96391e-25
1.96537e-25
1.96317e-25
1.95921e-25
1.95673e-25
1.95947e-25
1.97033e-25
1.98985e-25
2.01545e-25
2.04208e-25
2.06446e-25
2.07929e-25
2.08627e-25
2.08756e-25
2.08639e-25
2.08546e-25
2.08582e-25
2.08701e-25
2.08813e-25
2.08886e-25
2.09008e-25
2.09362e-25
2.10136e-25
2.11463e-25
2.1336e-25
2.15733e-25
2.184e-25
2.21097e-25
2.23517e-25
2.25374e-25
2.26471e-25
2.26734e-25
2.26224e-25
2.25113e-25
2.23672e-25
2.22226e-25
2.21049e-25
2.20216e-25
2.19548e-25
2.18725e-25
2.17471e-25
2.15662e-25
2.13303e-25
2.1046e-25
2.07203e-25
2.03608e-25
1.99829e-25
1.96144e-25
1.92936e-25
1.90608e-25
1.89465e-25
1.89622e-25
1.90968e-25
1.93211e-25
1.9597e-25
1.98887e-25
2.0171e-25
2.04313e-25
2.06657e-25
2.08756e-25
2.10649e-25
2.12373e-25
2.13897e-25
2.15062e-25
2.15569e-25
2.15063e-25
2.13263e-25
2.101e-25
2.05778e-25
2.00731e-25
1.95449e-25
1.90309e-25
1.85524e-25
