1.13481e-23
1.13194e-23
1.12676e-23
1.11894e-23
1.10802e-23
1.0934e-23
1.07432e-23
1.04999e-23
1.01956e-23
9.82361e-24
9.38022e-24
8.86851e-24
8.3009e-24
7.70092e-24
7.10127e-24
6.5413e-24
6.0578e-24
5.67839e-24
5.41693e-24
5.27326e-24
5.23614e-24
5.28609e-24
5.40132e-24
5.55862e-24
5.73779e-24
5.92167e-24
6.09747e-24
6.25566e-24
6.39179e-24
6.50319e-24
6.59012e-24
6.65406e-24
6.6961e-24
6.71669e-24
6.71567e-24
6.69319e-24
6.64963e-24
6.58656e-24
6.508e-24
6.42015e-24
6.33021e-24
6.24633e-24
6.17742e-24
6.13098e-24
6.11324e-24
6.12637e-24
6.16664e-24
6.22719e-24
6.29776e-24
6.36863e-24
6.43181e-24
6.48172e-24
6.51482e-24
6.52992e-24
6.52742e-24
6.51001e-24
6.48261e-24
6.45162e-24
6.42316e-24
6.40273e-24
6.3939e-24
6.39782e-24
6.41301e-24
6.43658e-24
6.46483e-24
6.49389e-24
6.5205e-24
6.54189e-24
6.55579e-24
6.56061e-24
6.55478e-24
6.53708e-24
6.50687e-24
6.4647e-24
6.41281e-24
6.35509e-24
6.29789e-24
6.24765e-24
6.20868e-24
6.18257e-24
6.16672e-24
6.15714e-24
6.14997e-24
6.14272e-24
6.13389e-24
6.1219e-24
6.10507e-24
6.08128e-24
6.0505e-24
6.01589e-24
5.98227e-24
5.95551e-24
5.94063e-24
5.94076e-24
5.95627e-24
5.98551e-24
6.02487e-24
6.06972e-24
6.11511e-24
6.15656e-24
6.18975e-24
6.21029e-24
6.21541e-24
6.20331e-24
6.17491e-24
6.13312e-24
6.08324e-24
6.03106e-24
5.98293e-24
5.94335e-24
5.91555e-24
5.89972e-24
5.89522e-24
5.90085e-24
5.91526e-24
5.93653e-24
5.96401e-24
5.99646e-24
6.03275e-24
6.06987e-24
6.10365e-24
6.12871e-24
6.14058e-24
6.1376e-24
6.12303e-24
6.10529e-24
6.09559e-24
6.1053e-24
6.14087e-24
6.20264e-24
6.28395e-24
6.37415e-24
6.46142e-24
6.535e-24
6.58976e-24
6.62353e-24
6.63901e-24
6.64136e-24
6.63629e-24
6.62906e-24
6.62293e-24
6.61856e-24
6.61471e-24
6.60898e-24
6.5982e-24
6.57977e-24
6.55214e-24
6.51559e-24
6.47202e-24
6.42504e-24
6.37935e-24
6.3397e-24
6.3099e-24
6.29077e-24
6.28036e-24
6.27519e-24
6.27133e-24
6.26616e-24
6.25929e-24
6.25268e-24
6.24939e-24
6.25325e-24
6.26772e-24
6.294e-24
6.33192e-24
6.37856e-24
6.42881e-24
6.47631e-24
6.51416e-24
6.53564e-24
6.53582e-24
6.51274e-24
6.46811e-24
6.40759e-24
6.3405e-24
6.2758e-24
6.22077e-24
6.17758e-24
6.14446e-24
6.11678e-24
6.09115e-24
6.06695e-24
6.04774e-24
6.03903e-24
6.04612e-24
6.07249e-24
6.11676e-24
6.17313e-24
6.23292e-24
6.28688e-24
6.32768e-24
6.35148e-24
6.35724e-24
6.34761e-24
6.3265e-24
6.29791e-24
6.26571e-24
6.23188e-24
6.19699e-24
6.16293e-24
6.13046e-24
6.10247e-24
6.08262e-24
6.07562e-24
6.08562e-24
6.11536e-24
6.16549e-24
6.23354e-24
6.31419e-24
6.39998e-24
6.48351e-24
6.55708e-24
6.6144e-24
6.65108e-24
6.6649e-24
6.65507e-24
6.62274e-24
6.57098e-24
6.5042e-24
6.42836e-24
6.3505e-24
6.2777e-24
6.21541e-24
6.16709e-24
6.13393e-24
6.11454e-24
6.10534e-24
6.10278e-24
6.10388e-24
6.10712e-24
6.11195e-24
6.11939e-24
6.13045e-24
6.14604e-24
6.16575e-24
6.18857e-24
6.21175e-24
6.23223e-24
6.24702e-24
6.25409e-24
6.2525e-24
6.24295e-24
6.22763e-24
6.20989e-24
6.19332e-24
6.18151e-24
6.17739e-24
6.18176e-24
6.19403e-24
6.21223e-24
6.23289e-24
6.25193e-24
6.26608e-24
6.27273e-24
6.27128e-24
6.26225e-24
6.24758e-24
6.22973e-24
6.2106e-24
6.19125e-24
6.17212e-24
6.15305e-24
6.13391e-24
6.11502e-24
6.09708e-24
6.08004e-24
6.0643e-24
6.04997e-24
6.03724e-24
6.02661e-24
6.0189e-24
6.01567e-24
6.01915e-24
6.03092e-24
6.052e-24
6.08203e-24
6.11821e-24
6.1572e-24
6.19541e-24
6.22978e-24
6.25881e-24
6.28186e-24
6.29964e-24
6.3129e-24
6.32242e-24
6.3289e-24
6.33268e-24
6.33512e-24
6.33866e-24
6.34716e-24
6.36456e-24
6.39264e-24
6.42943e-24
6.46973e-24
6.50745e-24
6.53641e-24
6.55176e-24
6.55007e-24
6.52909e-24
6.48676e-24
6.42248e-24
6.3372e-24
6.23491e-24
6.12386e-24
6.01604e-24
5.92577e-24
5.86588e-24
5.8439e-24
5.85923e-24
5.90358e-24
5.96402e-24
6.02548e-24
6.07596e-24
6.10609e-24
6.11084e-24
6.08962e-24
6.0463e-24
5.98678e-24
5.91959e-24
5.85367e-24
5.79689e-24
5.75523e-24
5.73154e-24
5.72599e-24
5.73689e-24
5.76146e-24
5.79553e-24
5.83469e-24
5.8748e-24
5.91234e-24
5.94435e-24
5.96974e-24
5.98867e-24
6.00213e-24
6.01136e-24
6.01776e-24
6.0223e-24
6.02338e-24
6.01843e-24
6.00306e-24
5.97334e-24
5.92789e-24
5.86866e-24
5.80142e-24
5.73414e-24
5.67571e-24
5.63329e-24
5.61232e-24
5.61475e-24
5.63917e-24
5.68128e-24
5.73504e-24
5.7933e-24
5.84857e-24
5.89567e-24
5.93017e-24
5.94962e-24
5.95365e-24
5.94487e-24
5.92789e-24
5.90863e-24
5.89302e-24
5.88566e-24
5.89014e-24
5.90828e-24
5.94116e-24
5.98833e-24
6.04898e-24
6.12098e-24
6.20111e-24
6.28508e-24
6.36805e-24
6.44501e-24
6.51162e-24
6.5644e-24
6.60131e-24
6.62135e-24
6.62383e-24
6.6098e-24
6.58097e-24
6.54038e-24
6.49183e-24
6.44023e-24
6.38981e-24
6.34375e-24
6.30294e-24
6.26657e-24
6.23177e-24
6.19594e-24
6.15713e-24
6.11565e-24
6.07298e-24
6.03168e-24
5.99368e-24
5.95972e-24
5.92808e-24
5.89692e-24
5.86411e-24
5.83001e-24
5.79608e-24
5.76611e-24
5.74563e-24
5.73858e-24
5.74737e-24
5.77133e-24
5.80789e-24
5.85399e-24
5.90693e-24
5.96585e-24
6.03078e-24
6.10302e-24
6.18349e-24
6.27188e-24
6.36651e-24
6.46449e-24
6.56053e-24
6.64941e-24
6.72521e-24
6.78351e-24
6.82122e-24
6.838e-24
6.83554e-24
6.81745e-24
6.78692e-24
6.74612e-24
6.69569e-24
6.63408e-24
6.55845e-24
6.46616e-24
6.35604e-24
6.22963e-24
6.09269e-24
5.95447e-24
5.82766e-24
5.7258e-24
5.66077e-24
5.63852e-24
5.65869e-24
5.71421e-24
5.79399e-24
5.8863e-24
5.9805e-24
6.06889e-24
6.1464e-24
6.20913e-24
6.25455e-24
6.2824e-24
6.29301e-24
6.28981e-24
6.27744e-24
6.2613e-24
6.24661e-24
6.2357e-24
6.22905e-24
6.22521e-24
6.22106e-24
6.21328e-24
6.19998e-24
6.18029e-24
6.15461e-24
6.12445e-24
6.09048e-24
6.05331e-24
6.01177e-24
5.96569e-24
5.91446e-24
5.85924e-24
5.80317e-24
5.7508e-24
5.70731e-24
5.67736e-24
5.66497e-24
5.67045e-24
5.69253e-24
5.72754e-24
5.77163e-24
5.82114e-24
5.87428e-24
5.92947e-24
5.98625e-24
6.04279e-24
6.09842e-24
6.15131e-24
6.19945e-24
6.24065e-24
6.27295e-24
6.29462e-24
6.30438e-24
6.30141e-24
6.285e-24
6.25408e-24
6.20839e-24
6.14788e-24
6.07357e-24
5.98774e-24
5.89388e-24
5.79722e-24
5.70324e-24
5.61759e-24
5.54499e-24
5.4884e-24
5.45005e-24
5.43028e-24
5.42958e-24
5.44737e-24
5.48285e-24
5.53397e-24
5.59754e-24
5.66897e-24
5.74276e-24
5.81329e-24
5.87627e-24
5.92821e-24
5.96788e-24
5.99472e-24
6.009e-24
6.01042e-24
5.9989e-24
5.97444e-24
5.93757e-24
5.89029e-24
5.8359e-24
5.77928e-24
5.72545e-24
5.67984e-24
5.6462e-24
5.62699e-24
5.6225e-24
5.63246e-24
5.65494e-24
5.68801e-24
5.72859e-24
5.7728e-24
5.81534e-24
5.85034e-24
5.87306e-24
5.88039e-24
5.87199e-24
5.84996e-24
5.818e-24
5.78081e-24
5.74352e-24
5.71116e-24
5.68766e-24
5.67643e-24
5.67861e-24
5.69432e-24
5.72064e-24
5.75332e-24
5.78832e-24
5.82287e-24
5.85605e-24
5.88899e-24
5.9244e-24
5.96359e-24
6.00646e-24
6.0502e-24
6.09092e-24
6.12482e-24
6.14911e-24
6.16219e-24
6.1641e-24
6.1568e-24
6.1425e-24
6.12373e-24
6.1026e-24
6.07975e-24
6.05608e-24
6.03138e-24
6.00546e-24
5.9765e-24
5.94382e-24
5.90632e-24
5.86349e-24
5.81543e-24
5.76298e-24
5.7076e-24
5.65082e-24
5.59441e-24
5.53997e-24
5.48823e-24
5.43968e-24
5.39486e-24
5.35387e-24
5.31789e-24
5.28812e-24
5.26512e-24
5.24879e-24
5.23922e-24
5.23486e-24
5.23471e-24
5.2379e-24
5.24377e-24
5.25378e-24
5.26856e-24
5.28861e-24
5.31351e-24
5.34231e-24
5.3727e-24
5.40307e-24
5.43255e-24
5.46157e-24
5.49261e-24
5.52962e-24
5.57639e-24
5.63552e-24
5.70646e-24
5.78549e-24
5.86643e-24
5.94156e-24
6.00412e-24
6.04876e-24
6.0724e-24
6.07438e-24
6.05621e-24
6.02024e-24
5.96931e-24
5.90711e-24
5.8375e-24
5.76508e-24
5.69443e-24
5.63051e-24
5.57698e-24
5.53705e-24
5.5117e-24
5.50034e-24
5.50092e-24
5.51097e-24
5.52797e-24
5.54919e-24
5.57313e-24
5.59835e-24
5.62407e-24
5.65025e-24
5.67754e-24
5.70745e-24
5.74027e-24
5.77591e-24
5.81213e-24
5.84564e-24
5.87209e-24
5.88739e-24
5.88832e-24
5.87346e-24
5.84355e-24
5.80183e-24
5.75225e-24
5.70001e-24
5.64948e-24
5.60401e-24
5.56604e-24
5.53612e-24
5.51347e-24
5.49688e-24
5.48412e-24
5.47263e-24
5.45946e-24
5.44252e-24
5.42045e-24
5.39325e-24
5.36168e-24
5.32856e-24
5.29708e-24
5.27051e-24
5.25175e-24
5.24237e-24
5.24259e-24
5.25171e-24
5.26898e-24
5.29416e-24
5.3273e-24
5.36843e-24
5.41675e-24
5.47043e-24
5.52705e-24
5.58307e-24
5.63566e-24
5.68311e-24
5.72479e-24
5.7615e-24
5.7962e-24
5.8314e-24
5.86964e-24
5.91264e-24
5.96045e-24
6.01106e-24
6.0609e-24
6.10539e-24
6.14034e-24
6.16255e-24
6.17089e-24
6.16607e-24
6.15138e-24
6.13114e-24
6.11156e-24
6.09825e-24
6.09617e-24
6.10779e-24
6.13378e-24
6.17167e-24
6.21772e-24
6.26752e-24
6.31695e-24
6.36347e-24
6.40424e-24
6.43742e-24
6.46076e-24
6.47155e-24
6.46699e-24
6.44486e-24
6.40433e-24
6.34592e-24
6.27314e-24
6.1921e-24
6.11038e-24
6.03634e-24
5.97723e-24
5.9374e-24
5.91699e-24
5.91315e-24
5.92141e-24
5.93813e-24
5.96081e-24
5.98741e-24
6.01616e-24
6.04305e-24
6.06414e-24
6.07709e-24
6.08106e-24
6.0782e-24
6.07202e-24
6.06678e-24
6.06612e-24
6.07302e-24
6.08783e-24
6.11005e-24
6.13686e-24
6.16507e-24
6.19273e-24
6.21843e-24
6.24224e-24
6.26494e-24
6.28843e-24
6.31416e-24
6.34371e-24
6.37679e-24
6.41318e-24
6.45045e-24
6.48536e-24
6.51421e-24
6.53313e-24
6.53807e-24
6.52568e-24
6.49422e-24
6.44415e-24
6.37738e-24
6.29916e-24
6.21668e-24
6.13776e-24
6.06939e-24
6.0166e-24
5.98123e-24
5.96248e-24
5.95701e-24
5.96065e-24
5.96901e-24
5.97904e-24
5.98882e-24
5.998e-24
6.00811e-24
6.02101e-24
6.0392e-24
6.065e-24
6.09941e-24
6.14148e-24
6.18745e-24
6.23123e-24
6.26529e-24
6.28219e-24
6.27675e-24
6.24641e-24
6.1931e-24
6.12401e-24
6.04978e-24
5.9834e-24
5.93569e-24
5.91268e-24
5.91301e-24
5.93108e-24
5.96068e-24
5.99824e-24
6.04362e-24
6.09742e-24
6.15998e-24
6.22728e-24
6.29417e-24
6.35348e-24
6.39886e-24
6.42618e-24
6.43397e-24
6.42327e-24
6.39668e-24
6.3573e-24
6.3082e-24
6.25133e-24
6.18722e-24
6.11579e-24
6.03654e-24
5.95167e-24
5.86665e-24
5.79e-24
5.73222e-24
5.70279e-24
5.70713e-24
5.74529e-24
5.81213e-24
5.89943e-24
5.99792e-24
6.09808e-24
6.19068e-24
6.26826e-24
6.32568e-24
6.36e-24
6.37149e-24
6.3629e-24
6.33878e-24
6.30487e-24
6.26594e-24
6.22616e-24
6.18785e-24
6.15174e-24
6.11772e-24
6.08602e-24
6.05756e-24
6.03484e-24
6.02089e-24
6.01803e-24
6.0274e-24
6.04811e-24
6.07758e-24
6.1126e-24
6.15052e-24
6.18924e-24
6.22839e-24
6.26731e-24
6.30605e-24
6.34394e-24
6.37978e-24
6.4114e-24
6.43662e-24
6.45308e-24
6.45857e-24
6.45139e-24
6.42946e-24
6.39187e-24
6.33837e-24
6.26856e-24
6.18366e-24
6.08535e-24
5.9764e-24
5.86193e-24
5.7483e-24
5.64467e-24
5.561e-24
5.50789e-24
5.49251e-24
5.51602e-24
5.57476e-24
5.65869e-24
5.75527e-24
5.85192e-24
5.93869e-24
6.00924e-24
6.06165e-24
6.09774e-24
6.12164e-24
6.13844e-24
6.15226e-24
6.16433e-24
6.17306e-24
6.17489e-24
6.16657e-24
6.14611e-24
6.1125e-24
6.06637e-24
6.00945e-24
5.94453e-24
5.87453e-24
5.80425e-24
5.73961e-24
5.68739e-24
5.65562e-24
5.65099e-24
5.67654e-24
5.73003e-24
5.80361e-24
5.88523e-24
5.96195e-24
6.02312e-24
6.06219e-24
6.07741e-24
6.07117e-24
6.04869e-24
6.0169e-24
5.98226e-24
5.95064e-24
5.92681e-24
5.91376e-24
5.91399e-24
5.92829e-24
5.95692e-24
5.99905e-24
6.0525e-24
6.11336e-24
6.17714e-24
6.2378e-24
6.2903e-24
6.3299e-24
6.35382e-24
6.3611e-24
6.35397e-24
6.33587e-24
6.3122e-24
6.28881e-24
6.27019e-24
6.25859e-24
6.2528e-24
6.24939e-24
6.24406e-24
6.23326e-24
6.21781e-24
6.20215e-24
6.19491e-24
6.20368e-24
6.23252e-24
6.2773e-24
6.32824e-24
6.37377e-24
6.40552e-24
6.41883e-24
6.41373e-24
6.3933e-24
6.36058e-24
6.3189e-24
6.27034e-24
6.2168e-24
6.15938e-24
6.09899e-24
6.03656e-24
5.97205e-24
5.90546e-24
5.83668e-24
5.76575e-24
5.69329e-24
5.62116e-24
5.55288e-24
5.49317e-24
5.44751e-24
5.42144e-24
5.41915e-24
5.44246e-24
5.49035e-24
5.55957e-24
5.64414e-24
5.73714e-24
5.83197e-24
5.92153e-24
6.00053e-24
6.0652e-24
6.11291e-24
6.14217e-24
6.1522e-24
6.14304e-24
6.1155e-24
6.0717e-24
6.01624e-24
5.9554e-24
5.89613e-24
5.84534e-24
5.80743e-24
5.7839e-24
5.7746e-24
5.77851e-24
5.79489e-24
5.82259e-24
5.86027e-24
5.90543e-24
5.9543e-24
6.00233e-24
6.04489e-24
6.07773e-24
6.09692e-24
6.10038e-24
6.08743e-24
6.05829e-24
6.01487e-24
5.95981e-24
5.89667e-24
5.8294e-24
5.76264e-24
1.19087e-23
1.17425e-23
1.15314e-23
1.12871e-23
1.10201e-23
1.07401e-23
1.04566e-23
1.01803e-23
9.92385e-24
9.70074e-24
9.52384e-24
9.40382e-24
9.34772e-24
9.35857e-24
9.43471e-24
9.57077e-24
9.75664e-24
9.97826e-24
1.02176e-23
1.04535e-23
1.06639e-23
1.08294e-23
1.09351e-23
1.09719e-23
1.09388e-23
1.08425e-23
1.06979e-23
1.05264e-23
1.03523e-23
1.0194e-23
1.00583e-23
9.93981e-24
9.8272e-24
9.71232e-24
9.59416e-24
9.4788e-24
9.3763e-24
9.29809e-24
9.2563e-24
9.26144e-24
9.31988e-24
9.43024e-24
9.58302e-24
9.76112e-24
9.94413e-24
1.01126e-23
1.0253e-23
1.03572e-23
1.04221e-23
1.04469e-23
1.04322e-23
1.03787e-23
1.02894e-23
1.01718e-23
1.00369e-23
9.89829e-24
9.77019e-24
9.66418e-24
9.58556e-24
9.53424e-24
9.50679e-24
9.50005e-24
9.51282e-24
9.54682e-24
9.60426e-24
9.68716e-24
9.79558e-24
9.92687e-24
1.00749e-23
1.02303e-23
1.03793e-23
1.05057e-23
1.0593e-23
1.06269e-23
1.05989e-23
1.05096e-23
1.0369e-23
1.01978e-23
1.00241e-23
9.87721e-24
9.77654e-24
9.72424e-24
9.70921e-24
9.71766e-24
9.74418e-24
9.78965e-24
9.85388e-24
9.92811e-24
9.99557e-24
1.0038e-23
1.00426e-23
1.00093e-23
9.95065e-24
9.88778e-24
9.8389e-24
9.80936e-24
9.79444e-24
9.78639e-24
9.78203e-24
9.78597e-24
9.80767e-24
9.85873e-24
9.94857e-24
1.008e-23
1.0244e-23
1.04206e-23
1.05835e-23
1.07065e-23
1.07716e-23
1.07687e-23
1.06995e-23
1.05768e-23
1.04227e-23
1.02619e-23
1.01143e-23
9.99116e-24
9.89819e-24
9.83741e-24
9.80964e-24
9.81392e-24
9.84583e-24
9.89818e-24
9.96146e-24
1.00235e-23
1.0073e-23
1.01006e-23
1.00992e-23
1.00655e-23
9.99779e-24
9.90087e-24
9.78834e-24
9.68571e-24
9.62438e-24
9.62615e-24
9.68938e-24
9.79419e-24
9.91744e-24
1.00441e-23
1.01651e-23
1.02741e-23
1.03633e-23
1.04237e-23
1.04487e-23
1.04373e-23
1.03957e-23
1.03367e-23
1.02777e-23
1.02349e-23
1.02193e-23
1.02349e-23
1.02778e-23
1.0339e-23
1.04062e-23
1.0466e-23
1.05065e-23
1.05185e-23
1.04976e-23
1.0443e-23
1.03571e-23
1.02441e-23
1.01088e-23
9.95603e-24
9.79092e-24
9.61965e-24
9.44994e-24
9.29162e-24
9.15506e-24
9.05015e-24
8.98467e-24
8.96233e-24
8.98502e-24
9.05332e-24
9.16716e-24
9.32541e-24
9.52251e-24
9.74702e-24
9.98113e-24
1.02028e-23
1.03901e-23
1.05252e-23
1.0596e-23
1.05968e-23
1.05306e-23
1.04087e-23
1.02505e-23
1.00798e-23
9.92016e-24
9.78753e-24
9.6895e-24
9.62544e-24
9.59076e-24
9.58128e-24
9.59665e-24
9.63906e-24
9.71019e-24
9.80794e-24
9.92653e-24
1.00582e-23
1.01954e-23
1.03304e-23
1.04552e-23
1.0562e-23
1.06449e-23
1.0701e-23
1.07319e-23
1.07426e-23
1.07385e-23
1.07226e-23
1.06924e-23
1.06407e-23
1.05606e-23
1.04516e-23
1.03256e-23
1.02057e-23
1.01212e-23
1.00973e-23
1.01461e-23
1.02605e-23
1.04172e-23
1.05853e-23
1.07348e-23
1.08441e-23
1.09016e-23
1.09053e-23
1.08593e-23
1.07724e-23
1.06561e-23
1.05234e-23
1.03871e-23
1.02583e-23
1.01443e-23
1.00486e-23
9.97034e-24
9.90623e-24
9.85167e-24
9.80096e-24
9.7484e-24
9.69043e-24
9.62629e-24
9.56072e-24
9.50254e-24
9.46383e-24
9.45499e-24
9.48074e-24
9.53813e-24
9.61787e-24
9.70852e-24
9.79872e-24
9.88076e-24
9.95066e-24
1.00074e-23
1.00539e-23
1.00958e-23
1.01389e-23
1.01839e-23
1.02211e-23
1.02357e-23
1.02144e-23
1.01534e-23
1.00594e-23
9.9477e-24
9.83716e-24
9.74495e-24
9.68333e-24
9.65733e-24
9.66583e-24
9.70349e-24
9.76562e-24
9.84855e-24
9.94967e-24
1.00637e-23
1.01794e-23
1.0281e-23
1.03512e-23
1.03782e-23
1.03563e-23
1.02887e-23
1.01852e-23
1.00604e-23
9.93201e-24
9.81785e-24
9.73487e-24
9.69418e-24
9.69892e-24
9.74046e-24
9.80268e-24
9.86741e-24
9.91968e-24
9.9526e-24
9.96703e-24
9.97102e-24
9.97621e-24
9.99531e-24
1.00365e-23
1.01015e-23
1.01863e-23
1.02844e-23
1.03894e-23
1.04958e-23
1.05972e-23
1.06852e-23
1.07499e-23
1.07816e-23
1.07726e-23
1.07202e-23
1.06253e-23
1.04946e-23
1.03388e-23
1.01719e-23
1.00086e-23
9.86351e-24
9.74717e-24
9.66493e-24
9.61502e-24
9.58882e-24
9.57248e-24
9.55144e-24
9.51412e-24
9.45701e-24
9.38649e-24
9.31895e-24
9.27621e-24
9.28006e-24
9.34145e-24
9.4567e-24
9.60585e-24
9.75772e-24
9.88099e-24
9.9532e-24
9.96768e-24
9.93305e-24
9.86646e-24
9.7836e-24
9.69408e-24
9.60234e-24
9.51192e-24
9.42498e-24
9.34174e-24
9.26246e-24
9.18926e-24
9.12643e-24
9.07817e-24
9.04412e-24
9.0169e-24
8.989e-24
8.95932e-24
8.938e-24
8.94456e-24
8.99859e-24
9.10807e-24
9.26336e-24
9.43915e-24
9.60561e-24
9.73845e-24
9.82504e-24
9.86424e-24
9.86454e-24
9.83873e-24
9.80203e-24
9.76867e-24
9.75095e-24
9.75696e-24
9.79154e-24
9.85528e-24
9.94605e-24
1.00601e-23
1.01916e-23
1.03331e-23
1.04767e-23
1.06122e-23
1.07295e-23
1.08182e-23
1.08684e-23
1.0873e-23
1.08301e-23
1.07449e-23
1.06308e-23
1.05061e-23
1.03876e-23
1.02846e-23
1.01963e-23
1.01161e-23
1.00375e-23
9.95817e-24
9.87837e-24
9.79897e-24
9.72111e-24
9.64614e-24
9.5784e-24
9.52547e-24
9.49744e-24
9.50334e-24
9.54726e-24
9.62525e-24
9.72529e-24
9.82936e-24
9.91738e-24
9.97312e-24
9.98789e-24
9.96411e-24
9.91498e-24
9.85974e-24
9.8175e-24
9.79932e-24
9.80654e-24
9.83228e-24
9.86669e-24
9.90071e-24
9.92859e-24
9.94813e-24
9.96101e-24
9.97245e-24
9.99032e-24
1.00204e-23
1.00653e-23
1.01224e-23
1.0186e-23
1.02514e-23
1.03157e-23
1.03758e-23
1.04287e-23
1.04691e-23
1.04911e-23
1.04893e-23
1.04612e-23
1.04084e-23
1.03365e-23
1.02549e-23
1.01744e-23
1.01045e-23
1.00521e-23
1.00193e-23
1.00048e-23
1.00037e-23
1.00088e-23
1.00123e-23
1.0006e-23
9.98355e-24
9.94115e-24
9.87852e-24
9.79814e-24
9.70526e-24
9.60624e-24
9.50733e-24
9.41538e-24
9.33654e-24
9.27724e-24
9.24599e-24
9.25467e-24
9.31386e-24
9.42511e-24
9.5772e-24
9.75379e-24
9.94081e-24
1.01301e-23
1.03182e-23
1.05014e-23
1.06738e-23
1.08282e-23
1.0956e-23
1.10496e-23
1.11032e-23
1.11128e-23
1.10758e-23
1.09916e-23
1.08617e-23
1.0693e-23
1.04976e-23
1.02944e-23
1.01062e-23
9.95566e-24
9.85967e-24
9.82267e-24
9.83666e-24
9.88427e-24
9.94466e-24
9.99852e-24
1.00324e-23
1.00406e-23
1.00236e-23
9.98689e-24
9.93773e-24
9.88558e-24
9.83739e-24
9.7961e-24
9.75874e-24
9.71834e-24
9.66608e-24
9.59588e-24
9.50715e-24
9.40469e-24
9.29935e-24
9.205e-24
9.1366e-24
9.10882e-24
9.13157e-24
9.20601e-24
9.32159e-24
9.45598e-24
9.5826e-24
9.67816e-24
9.72866e-24
9.73247e-24
9.70012e-24
9.65234e-24
9.6153e-24
9.61214e-24
9.65186e-24
9.72485e-24
9.80918e-24
9.88411e-24
9.93772e-24
9.9682e-24
9.98006e-24
9.97897e-24
9.96927e-24
9.95338e-24
9.93335e-24
9.91156e-24
9.89081e-24
9.87333e-24
9.86037e-24
9.85189e-24
9.84835e-24
9.85104e-24
9.8619e-24
9.88429e-24
9.92199e-24
9.97831e-24
1.00518e-23
1.0135e-23
1.02175e-23
1.0288e-23
1.03384e-23
1.03624e-23
1.0355e-23
1.03137e-23
1.02429e-23
1.01562e-23
1.00757e-23
1.00194e-23
9.9882e-24
9.96584e-24
9.93612e-24
9.89582e-24
9.85629e-24
9.83425e-24
9.83826e-24
9.86424e-24
9.89892e-24
9.92886e-24
9.94618e-24
9.95139e-24
9.94969e-24
9.94604e-24
9.94178e-24
9.93362e-24
9.91705e-24
9.88957e-24
9.85347e-24
9.81589e-24
9.78544e-24
9.76721e-24
9.76065e-24
9.75976e-24
9.75839e-24
9.75428e-24
9.75188e-24
9.75535e-24
9.76416e-24
9.77043e-24
9.76545e-24
9.74647e-24
9.71861e-24
9.69094e-24
9.67191e-24
9.66576e-24
9.67046e-24
9.67932e-24
9.6832e-24
9.67427e-24
9.64869e-24
9.60825e-24
9.55709e-24
9.49935e-24
9.43892e-24
9.37924e-24
9.32579e-24
9.28801e-24
9.27693e-24
9.30019e-24
9.35821e-24
9.442e-24
9.53638e-24
9.62507e-24
9.69865e-24
9.75691e-24
9.80865e-24
9.86541e-24
9.93495e-24
1.00178e-23
1.01079e-23
1.01939e-23
1.02643e-23
1.03084e-23
1.03171e-23
1.02839e-23
1.02081e-23
1.00946e-23
9.95508e-24
9.80577e-24
9.66645e-24
9.55856e-24
9.49827e-24
9.494e-24
9.54487e-24
9.64404e-24
9.78102e-24
9.94005e-24
1.00991e-23
1.02339e-23
1.03223e-23
1.035e-23
1.03109e-23
1.02071e-23
1.00474e-23
9.84477e-24
9.61649e-24
9.38041e-24
9.1541e-24
8.95381e-24
8.79229e-24
8.68331e-24
8.63896e-24
8.66689e-24
8.76481e-24
8.91894e-24
9.11006e-24
9.32054e-24
9.5373e-24
9.75068e-24
9.95269e-24
1.01368e-23
1.02977e-23
1.04319e-23
1.05365e-23
1.06061e-23
1.06347e-23
1.0616e-23
1.05464e-23
1.04284e-23
1.02716e-23
1.00912e-23
9.9028e-24
9.71915e-24
9.55009e-24
9.40389e-24
9.28731e-24
9.20514e-24
9.15738e-24
9.14049e-24
9.15107e-24
9.18883e-24
9.25336e-24
9.34312e-24
9.45215e-24
9.57186e-24
9.69326e-24
9.80834e-24
9.90997e-24
9.99155e-24
1.00478e-23
1.00754e-23
1.00742e-23
1.00472e-23
1.00009e-23
9.94336e-24
9.88294e-24
9.82785e-24
9.78413e-24
9.75461e-24
9.73869e-24
9.73279e-24
9.73159e-24
9.73036e-24
9.72738e-24
9.7224e-24
9.71591e-24
9.70772e-24
9.69529e-24
9.67329e-24
9.63678e-24
9.58246e-24
9.51148e-24
9.43188e-24
9.35508e-24
9.2927e-24
9.24984e-24
9.2263e-24
9.21886e-24
9.2266e-24
9.25305e-24
9.30394e-24
9.38347e-24
9.49059e-24
9.6188e-24
9.75918e-24
9.90288e-24
1.00441e-23
1.01811e-23
1.03152e-23
1.04473e-23
1.05776e-23
1.07021e-23
1.08127e-23
1.08974e-23
1.09445e-23
1.09439e-23
1.08927e-23
1.07966e-23
1.06693e-23
1.05293e-23
1.03965e-23
1.02861e-23
1.02061e-23
1.01569e-23
1.0133e-23
1.01271e-23
1.01356e-23
1.01602e-23
1.02084e-23
1.02891e-23
1.04057e-23
1.05487e-23
1.0695e-23
1.08161e-23
1.08883e-23
1.09024e-23
1.08629e-23
1.07837e-23
1.06807e-23
1.05659e-23
1.04474e-23
1.0329e-23
1.02159e-23
1.0114e-23
1.00317e-23
9.97774e-24
9.95694e-24
9.96754e-24
9.99847e-24
1.0032e-23
1.0048e-23
1.00302e-23
9.97098e-24
9.87276e-24
9.7467e-24
9.60954e-24
9.47899e-24
9.37152e-24
9.29913e-24
9.26884e-24
9.28233e-24
9.33593e-24
9.4209e-24
9.52597e-24
9.63822e-24
9.74434e-24
9.83165e-24
9.89189e-24
9.92333e-24
9.93205e-24
9.93164e-24
9.93846e-24
9.96649e-24
1.0022e-23
1.0102e-23
1.01961e-23
1.02909e-23
1.03733e-23
1.0433e-23
1.04652e-23
1.04693e-23
1.04499e-23
1.04141e-23
1.03694e-23
1.03244e-23
1.02848e-23
1.02526e-23
1.02266e-23
1.02042e-23
1.01827e-23
1.01617e-23
1.01419e-23
1.01255e-23
1.01161e-23
1.01196e-23
1.01396e-23
1.01746e-23
1.02148e-23
1.02452e-23
1.0251e-23
1.02254e-23
1.01744e-23
1.01157e-23
1.00706e-23
1.00525e-23
1.00609e-23
1.00857e-23
1.01153e-23
1.01411e-23
1.01584e-23
1.0163e-23
1.01502e-23
1.01155e-23
1.00564e-23
9.97493e-24
9.87528e-24
9.76516e-24
9.65577e-24
9.56368e-24
9.51007e-24
9.5125e-24
9.57391e-24
9.67872e-24
9.80002e-24
9.90998e-24
9.99012e-24
1.00337e-23
1.00459e-23
1.00387e-23
1.00265e-23
1.00218e-23
1.00338e-23
1.00663e-23
1.01154e-23
1.01708e-23
1.02199e-23
1.02513e-23
1.02605e-23
1.02503e-23
1.02295e-23
1.02082e-23
1.01929e-23
1.01854e-23
1.01818e-23
1.01752e-23
1.01619e-23
1.01429e-23
1.01243e-23
1.01147e-23
1.01201e-23
1.01424e-23
1.01774e-23
1.02162e-23
1.02475e-23
1.02593e-23
1.02429e-23
1.01955e-23
1.01233e-23
1.0044e-23
9.98287e-24
9.96029e-24
9.97842e-24
1.00192e-23
1.00563e-23
1.00703e-23
1.00546e-23
1.00143e-23
9.95846e-24
9.89596e-24
9.83283e-24
9.77184e-24
9.71428e-24
9.66088e-24
9.61394e-24
9.57811e-24
9.55894e-24
9.56091e-24
9.58663e-24
9.63447e-24
9.69964e-24
9.77481e-24
9.8516e-24
9.92086e-24
9.97634e-24
1.00155e-23
1.00396e-23
1.00536e-23
1.00654e-23
1.00839e-23
1.01184e-23
1.0177e-23
1.0263e-23
1.03741e-23
1.05027e-23
1.06376e-23
1.07652e-23
1.08737e-23
1.09534e-23
1.09976e-23
1.10038e-23
1.09725e-23
1.09064e-23
1.08101e-23
1.06902e-23
1.05525e-23
1.04043e-23
1.0252e-23
1.01054e-23
9.97922e-24
9.89048e-24
9.84872e-24
9.84967e-24
9.87467e-24
9.90284e-24
9.92038e-24
9.92353e-24
9.91423e-24
9.89645e-24
9.87366e-24
9.84872e-24
9.82627e-24
9.81211e-24
9.81002e-24
9.8193e-24
9.83414e-24
9.84797e-24
9.85766e-24
9.86407e-24
9.87042e-24
9.88055e-24
9.89631e-24
9.91658e-24
9.93876e-24
9.95836e-24
9.96979e-24
9.96547e-24
9.93893e-24
9.88596e-24
9.80831e-24
9.71325e-24
9.6122e-24
9.51861e-24
9.4441e-24
9.39584e-24
9.3756e-24
9.38047e-24
9.40448e-24
9.44146e-24
9.48621e-24
9.53499e-24
9.58532e-24
9.63303e-24
9.67289e-24
9.70002e-24
9.71183e-24
9.71103e-24
9.70437e-24
9.70192e-24
9.7122e-24
9.73955e-24
9.77999e-24
9.82107e-24
9.84384e-24
9.82904e-24
9.7635e-24
9.64549e-24
9.48763e-24
9.31498e-24
9.16191e-24
9.05976e-24
9.0239e-24
9.04815e-24
9.11127e-24
9.1913e-24
9.27408e-24
9.3552e-24
9.43615e-24
9.52175e-24
9.61706e-24
9.72451e-24
9.84288e-24
9.96656e-24
1.00876e-23
1.0197e-23
1.02883e-23
1.03577e-23
1.04034e-23
1.04245e-23
1.04203e-23
1.03914e-23
1.03398e-23
1.02709e-23
1.01926e-23
1.0115e-23
1.00487e-23
1.00036e-23
9.98632e-24
9.99834e-24
1.22416e-23
1.22614e-23
1.22569e-23
1.22211e-23
1.21499e-23
1.20423e-23
1.19005e-23
1.17324e-23
1.15495e-23
1.13658e-23
1.11941e-23
1.10446e-23
1.0922e-23
1.08283e-23
1.07673e-23
1.07487e-23
1.07852e-23
1.08835e-23
1.10349e-23
1.12159e-23
1.13954e-23
1.15466e-23
1.1654e-23
1.17155e-23
1.17382e-23
1.17295e-23
1.16939e-23
1.16296e-23
1.15332e-23
1.1404e-23
1.12516e-23
1.10969e-23
1.09677e-23
1.08891e-23
1.08757e-23
1.09276e-23
1.10332e-23
1.11742e-23
1.13317e-23
1.14874e-23
1.1628e-23
1.17488e-23
1.1857e-23
1.19643e-23
1.20734e-23
1.21697e-23
1.22306e-23
1.22402e-23
1.21947e-23
1.21009e-23
1.19716e-23
1.18228e-23
1.16726e-23
1.15384e-23
1.14352e-23
1.13723e-23
1.13486e-23
1.13551e-23
1.13789e-23
1.14085e-23
1.1438e-23
1.14657e-23
1.14927e-23
1.15209e-23
1.15538e-23
1.15933e-23
1.16404e-23
1.16909e-23
1.1739e-23
1.1778e-23
1.18042e-23
1.18193e-23
1.18303e-23
1.18468e-23
1.18781e-23
1.19255e-23
1.19793e-23
1.20208e-23
1.20296e-23
1.19927e-23
1.19075e-23
1.17835e-23
1.16399e-23
1.15017e-23
1.13937e-23
1.1328e-23
1.12991e-23
1.1291e-23
1.12897e-23
1.12915e-23
1.13048e-23
1.13429e-23
1.14149e-23
1.15187e-23
1.164e-23
1.17601e-23
1.18633e-23
1.19426e-23
1.19992e-23
1.20397e-23
1.20674e-23
1.208e-23
1.20705e-23
1.20343e-23
1.19724e-23
1.18938e-23
1.18117e-23
1.17384e-23
1.16806e-23
1.16366e-23
1.15988e-23
1.15563e-23
1.15023e-23
1.1433e-23
1.13504e-23
1.12601e-23
1.1168e-23
1.10774e-23
1.09886e-23
1.08975e-23
1.07983e-23
1.06861e-23
1.05602e-23
1.0427e-23
1.03023e-23
1.02086e-23
1.01707e-23
1.02069e-23
1.03212e-23
1.04979e-23
1.07077e-23
1.09177e-23
1.11032e-23
1.12543e-23
1.13757e-23
1.14821e-23
1.15881e-23
1.16989e-23
1.18061e-23
1.1893e-23
1.19439e-23
1.19511e-23
1.19185e-23
1.18553e-23
1.17746e-23
1.16901e-23
1.16155e-23
1.15623e-23
1.15385e-23
1.15466e-23
1.15805e-23
1.16252e-23
1.1661e-23
1.16707e-23
1.16446e-23
1.15816e-23
1.14874e-23
1.13736e-23
1.12575e-23
1.11571e-23
1.10874e-23
1.10578e-23
1.10731e-23
1.11327e-23
1.12301e-23
1.13526e-23
1.14819e-23
1.15992e-23
1.1686e-23
1.1727e-23
1.17092e-23
1.16236e-23
1.14678e-23
1.1251e-23
1.09989e-23
1.07563e-23
1.05786e-23
1.05088e-23
1.05544e-23
1.06875e-23
1.08617e-23
1.10354e-23
1.11821e-23
1.12916e-23
1.13642e-23
1.14093e-23
1.14394e-23
1.14655e-23
1.14928e-23
1.15193e-23
1.15369e-23
1.15393e-23
1.15274e-23
1.15092e-23
1.14938e-23
1.14849e-23
1.14801e-23
1.14722e-23
1.14515e-23
1.14085e-23
1.13364e-23
1.1235e-23
1.11115e-23
1.09811e-23
1.08646e-23
1.07828e-23
1.07508e-23
1.07733e-23
1.08421e-23
1.09402e-23
1.10472e-23
1.11439e-23
1.12155e-23
1.12533e-23
1.12539e-23
1.122e-23
1.11573e-23
1.10753e-23
1.09845e-23
1.08936e-23
1.08082e-23
1.07291e-23
1.06529e-23
1.0576e-23
1.04965e-23
1.04161e-23
1.03397e-23
1.02737e-23
1.0222e-23
1.0185e-23
1.01606e-23
1.01482e-23
1.01514e-23
1.01788e-23
1.02407e-23
1.03464e-23
1.05017e-23
1.07051e-23
1.09473e-23
1.12095e-23
1.14654e-23
1.16869e-23
1.18482e-23
1.19329e-23
1.19369e-23
1.18699e-23
1.17528e-23
1.16165e-23
1.14937e-23
1.14107e-23
1.13801e-23
1.14001e-23
1.14583e-23
1.15392e-23
1.16267e-23
1.17058e-23
1.17609e-23
1.17791e-23
1.17552e-23
1.16945e-23
1.16134e-23
1.15353e-23
1.14792e-23
1.14514e-23
1.14432e-23
1.14388e-23
1.14245e-23
1.13934e-23
1.13438e-23
1.12781e-23
1.12025e-23
1.11256e-23
1.10561e-23
1.10013e-23
1.09652e-23
1.09516e-23
1.09664e-23
1.10151e-23
1.1099e-23
1.12118e-23
1.13394e-23
1.14673e-23
1.15866e-23
1.16951e-23
1.17951e-23
1.18892e-23
1.19767e-23
1.20537e-23
1.21153e-23
1.21568e-23
1.21722e-23
1.21553e-23
1.21004e-23
1.20063e-23
1.18778e-23
1.17231e-23
1.15523e-23
1.13737e-23
1.11931e-23
1.10157e-23
1.08476e-23
1.06973e-23
1.05762e-23
1.04954e-23
1.04619e-23
1.04765e-23
1.05349e-23
1.063e-23
1.07543e-23
1.08965e-23
1.10444e-23
1.11864e-23
1.13164e-23
1.14344e-23
1.15411e-23
1.16348e-23
1.1708e-23
1.17495e-23
1.17498e-23
1.17056e-23
1.1623e-23
1.15182e-23
1.14128e-23
1.13262e-23
1.12711e-23
1.12499e-23
1.12566e-23
1.1278e-23
1.12996e-23
1.13088e-23
1.12993e-23
1.12741e-23
1.12432e-23
1.12209e-23
1.12212e-23
1.12517e-23
1.1312e-23
1.13951e-23
1.14911e-23
1.15882e-23
1.16726e-23
1.17258e-23
1.17299e-23
1.16734e-23
1.15638e-23
1.14311e-23
1.13147e-23
1.12358e-23
1.1187e-23
1.11491e-23
1.11106e-23
1.10684e-23
1.10237e-23
1.09792e-23
1.09426e-23
1.09271e-23
1.09503e-23
1.10254e-23
1.1156e-23
1.1331e-23
1.15275e-23
1.17208e-23
1.18923e-23
1.20333e-23
1.21425e-23
1.22218e-23
1.22723e-23
1.22924e-23
1.2279e-23
1.22307e-23
1.2148e-23
1.20337e-23
1.18938e-23
1.17372e-23
1.15767e-23
1.1429e-23
1.13141e-23
1.12502e-23
1.12461e-23
1.1296e-23
1.13788e-23
1.14686e-23
1.15425e-23
1.1585e-23
1.15922e-23
1.15736e-23
1.15538e-23
1.15658e-23
1.16381e-23
1.17813e-23
1.19818e-23
1.22056e-23
1.24122e-23
1.25656e-23
1.26441e-23
1.26452e-23
1.25829e-23
1.24821e-23
1.23703e-23
1.22655e-23
1.21716e-23
1.20802e-23
1.19817e-23
1.18773e-23
1.17846e-23
1.17327e-23
1.17472e-23
1.18331e-23
1.197e-23
1.21224e-23
1.22559e-23
1.23474e-23
1.23871e-23
1.23771e-23
1.23277e-23
1.2253e-23
1.21675e-23
1.20823e-23
1.20021e-23
1.19249e-23
1.18455e-23
1.17573e-23
1.16546e-23
1.1536e-23
1.14022e-23
1.12569e-23
1.11072e-23
1.09644e-23
1.08452e-23
1.07678e-23
1.07462e-23
1.07843e-23
1.08735e-23
1.09955e-23
1.11297e-23
1.12588e-23
1.1372e-23
1.14684e-23
1.15551e-23
1.16438e-23
1.17465e-23
1.18691e-23
1.20084e-23
1.21538e-23
1.22909e-23
1.24076e-23
1.24941e-23
1.2545e-23
1.25561e-23
1.25279e-23
1.24651e-23
1.23792e-23
1.22861e-23
1.22011e-23
1.21315e-23
1.20722e-23
1.2009e-23
1.193e-23
1.18339e-23
1.17326e-23
1.16414e-23
1.15713e-23
1.15209e-23
1.14808e-23
1.14361e-23
1.13735e-23
1.12849e-23
1.11706e-23
1.10401e-23
1.09071e-23
1.07874e-23
1.06932e-23
1.06326e-23
1.06095e-23
1.06258e-23
1.06818e-23
1.07761e-23
1.09025e-23
1.1048e-23
1.11939e-23
1.13206e-23
1.14123e-23
1.14609e-23
1.14672e-23
1.14396e-23
1.13919e-23
1.13374e-23
1.12865e-23
1.12435e-23
1.12088e-23
1.11803e-23
1.11574e-23
1.11417e-23
1.11379e-23
1.11512e-23
1.11856e-23
1.1242e-23
1.13157e-23
1.13921e-23
1.14508e-23
1.14709e-23
1.144e-23
1.13562e-23
1.12296e-23
1.1076e-23
1.09141e-23
1.07614e-23
1.06333e-23
1.05446e-23
1.05106e-23
1.05415e-23
1.0638e-23
1.07872e-23
1.09644e-23
1.11406e-23
1.12895e-23
1.13929e-23
1.14424e-23
1.14411e-23
1.14021e-23
1.13463e-23
1.12966e-23
1.12724e-23
1.12807e-23
1.13133e-23
1.13494e-23
1.13654e-23
1.13448e-23
1.12833e-23
1.11915e-23
1.10915e-23
1.10124e-23
1.09836e-23
1.10261e-23
1.11447e-23
1.13268e-23
1.1548e-23
1.17806e-23
1.19976e-23
1.2175e-23
1.22947e-23
1.23423e-23
1.23136e-23
1.22158e-23
1.20678e-23
1.19e-23
1.17467e-23
1.1635e-23
1.15761e-23
1.15603e-23
1.15662e-23
1.15698e-23
1.15562e-23
1.15242e-23
1.14834e-23
1.14468e-23
1.14207e-23
1.14042e-23
1.1392e-23
1.13797e-23
1.13636e-23
1.1341e-23
1.13089e-23
1.12647e-23
1.12094e-23
1.11484e-23
1.109e-23
1.10436e-23
1.10163e-23
1.10113e-23
1.10263e-23
1.10533e-23
1.10806e-23
1.10978e-23
1.10991e-23
1.1087e-23
1.10714e-23
1.10663e-23
1.10859e-23
1.11396e-23
1.12277e-23
1.13399e-23
1.14575e-23
1.15579e-23
1.16235e-23
1.16466e-23
1.16313e-23
1.1591e-23
1.15425e-23
1.15011e-23
1.14748e-23
1.14668e-23
1.14785e-23
1.15164e-23
1.15972e-23
1.17385e-23
1.1943e-23
1.21856e-23
1.24271e-23
1.26298e-23
1.27672e-23
1.2825e-23
1.27977e-23
1.26874e-23
1.25012e-23
1.22515e-23
1.19538e-23
1.16268e-23
1.12917e-23
1.09704e-23
1.06846e-23
1.04545e-23
1.02987e-23
1.02305e-23
1.02472e-23
1.03257e-23
1.04338e-23
1.05493e-23
1.06678e-23
1.07954e-23
1.09339e-23
1.10724e-23
1.11911e-23
1.12686e-23
1.12878e-23
1.12435e-23
1.11475e-23
1.10318e-23
1.09413e-23
1.09154e-23
1.09714e-23
1.11032e-23
1.12916e-23
1.15151e-23
1.17523e-23
1.19825e-23
1.21861e-23
1.23456e-23
1.24472e-23
1.2483e-23
1.24519e-23
1.23601e-23
1.22184e-23
1.204e-23
1.18367e-23
1.16173e-23
1.13902e-23
1.11649e-23
1.09526e-23
1.07669e-23
1.06189e-23
1.05151e-23
1.04554e-23
1.0436e-23
1.04529e-23
1.0505e-23
1.05908e-23
1.07066e-23
1.08441e-23
1.09912e-23
1.11351e-23
1.12668e-23
1.13827e-23
1.14839e-23
1.15736e-23
1.16536e-23
1.17233e-23
1.1781e-23
1.18249e-23
1.18528e-23
1.186e-23
1.18404e-23
1.17905e-23
1.17129e-23
1.1617e-23
1.15168e-23
1.14275e-23
1.1363e-23
1.13332e-23
1.13442e-23
1.13964e-23
1.14829e-23
1.15919e-23
1.17066e-23
1.1808e-23
1.18797e-23
1.19118e-23
1.19034e-23
1.18623e-23
1.18007e-23
1.17291e-23
1.16523e-23
1.15667e-23
1.14657e-23
1.13444e-23
1.12063e-23
1.10636e-23
1.09342e-23
1.08357e-23
1.07783e-23
1.07614e-23
1.0776e-23
1.08103e-23
1.08542e-23
1.09002e-23
1.09458e-23
1.09914e-23
1.10373e-23
1.10845e-23
1.11325e-23
1.11811e-23
1.12291e-23
1.12767e-23
1.13236e-23
1.13705e-23
1.14181e-23
1.14653e-23
1.15099e-23
1.15496e-23
1.15825e-23
1.16061e-23
1.16159e-23
1.16067e-23
1.15778e-23
1.15374e-23
1.15033e-23
1.14968e-23
1.15314e-23
1.16049e-23
1.16984e-23
1.1784e-23
1.18356e-23
1.18375e-23
1.1786e-23
1.16897e-23
1.15679e-23
1.14466e-23
1.13551e-23
1.13171e-23
1.13432e-23
1.14237e-23
1.15345e-23
1.1647e-23
1.17348e-23
1.17778e-23
1.17604e-23
1.1676e-23
1.15303e-23
1.13451e-23
1.1158e-23
1.10124e-23
1.09423e-23
1.09614e-23
1.10601e-23
1.12122e-23
1.13848e-23
1.15443e-23
1.16616e-23
1.17205e-23
1.17205e-23
1.16742e-23
1.16009e-23
1.15173e-23
1.14367e-23
1.13686e-23
1.1322e-23
1.13037e-23
1.13212e-23
1.13819e-23
1.14853e-23
1.16155e-23
1.17432e-23
1.18388e-23
1.18842e-23
1.18748e-23
1.18153e-23
1.17143e-23
1.15833e-23
1.14357e-23
1.12892e-23
1.11644e-23
1.10811e-23
1.10521e-23
1.10778e-23
1.1145e-23
1.1232e-23
1.13167e-23
1.13832e-23
1.14244e-23
1.14394e-23
1.14312e-23
1.14038e-23
1.13597e-23
1.12983e-23
1.12169e-23
1.11145e-23
1.09976e-23
1.08779e-23
1.0772e-23
1.06981e-23
1.06742e-23
1.07136e-23
1.0816e-23
1.09629e-23
1.11263e-23
1.12779e-23
1.13995e-23
1.14841e-23
1.1532e-23
1.1548e-23
1.15377e-23
1.1505e-23
1.14529e-23
1.13842e-23
1.13037e-23
1.12181e-23
1.11368e-23
1.10684e-23
1.10191e-23
1.09912e-23
1.09821e-23
1.09854e-23
1.09928e-23
1.09972e-23
1.09921e-23
1.09742e-23
1.09423e-23
1.08976e-23
1.08418e-23
1.07762e-23
1.07041e-23
1.06339e-23
1.0583e-23
1.05769e-23
1.06417e-23
1.07877e-23
1.10014e-23
1.12507e-23
1.14976e-23
1.17074e-23
1.18524e-23
1.1914e-23
1.18827e-23
1.17614e-23
1.15647e-23
1.13211e-23
1.10724e-23
1.08662e-23
1.07448e-23
1.07299e-23
1.08177e-23
1.09837e-23
1.11942e-23
1.14177e-23
1.16293e-23
1.18137e-23
1.19623e-23
1.20747e-23
1.21549e-23
1.22104e-23
1.22481e-23
1.22732e-23
1.2287e-23
1.22913e-23
1.22878e-23
1.22794e-23
1.22679e-23
1.22525e-23
1.2231e-23
1.21988e-23
1.2152e-23
1.20869e-23
1.20006e-23
1.1892e-23
1.17655e-23
1.16301e-23
1.14979e-23
1.13768e-23
1.12678e-23
1.11682e-23
1.10768e-23
1.09982e-23
1.09401e-23
1.09109e-23
1.09136e-23
1.09445e-23
1.09935e-23
1.10485e-23
1.10995e-23
1.11422e-23
1.11749e-23
1.11961e-23
1.12028e-23
1.11939e-23
1.1174e-23
1.11497e-23
1.11274e-23
1.11082e-23
1.10891e-23
1.1066e-23
1.10368e-23
1.10052e-23
1.098e-23
1.09691e-23
1.09773e-23
1.10025e-23
1.10389e-23
1.1078e-23
1.1112e-23
1.11339e-23
1.11389e-23
1.11288e-23
1.11185e-23
1.11354e-23
1.12103e-23
1.13559e-23
1.15582e-23
1.17828e-23
1.1992e-23
1.21555e-23
1.22523e-23
1.22706e-23
1.22065e-23
1.20666e-23
1.18687e-23
1.16428e-23
1.14274e-23
1.12603e-23
1.11691e-23
1.1166e-23
1.12508e-23
1.14122e-23
1.1626e-23
1.18548e-23
1.20547e-23
1.21881e-23
1.2234e-23
1.21897e-23
1.20698e-23
1.18998e-23
1.17075e-23
1.15162e-23
1.13411e-23
1.11887e-23
1.10645e-23
1.09764e-23
1.09357e-23
1.09531e-23
1.10322e-23
1.11693e-23
1.13545e-23
1.15735e-23
1.18081e-23
1.2034e-23
1.22236e-23
1.23469e-23
1.23798e-23
1.23094e-23
1.21422e-23
1.19028e-23
1.16309e-23
1.13707e-23
1.1164e-23
1.10435e-23
1.10236e-23
1.10982e-23
1.12421e-23
1.14225e-23
1.16046e-23
1.17587e-23
1.18646e-23
1.19119e-23
1.19021e-23
1.18446e-23
1.17545e-23
1.16474e-23
1.1536e-23
1.14277e-23
1.13245e-23
1.12247e-23
1.11278e-23
1.10376e-23
1.09634e-23
1.09159e-23
1.09042e-23
1.09308e-23
1.09901e-23
1.107e-23
1.11556e-23
1.12324e-23
1.12874e-23
1.13125e-23
1.13072e-23
1.1284e-23
1.12655e-23
1.1275e-23
1.1321e-23
1.139e-23
1.14563e-23
1.14975e-23
1.23197e-23
1.22784e-23
1.22033e-23
1.21222e-23
1.20632e-23
1.20457e-23
1.20722e-23
1.21296e-23
1.21951e-23
1.2242e-23
1.22464e-23
1.2194e-23
1.20873e-23
1.19424e-23
1.17845e-23
1.16367e-23
1.15093e-23
1.13985e-23
1.12925e-23
1.11849e-23
1.10828e-23
1.10066e-23
1.09818e-23
1.10256e-23
1.11413e-23
1.13175e-23
1.15342e-23
1.17686e-23
1.20005e-23
1.2212e-23
1.23896e-23
1.25225e-23
1.26039e-23
1.26301e-23
1.26024e-23
1.25259e-23
1.24082e-23
1.22587e-23
1.20899e-23
1.19198e-23
1.17695e-23
1.1652e-23
1.15658e-23
1.15008e-23
1.1451e-23
1.14199e-23
1.14189e-23
1.14567e-23
1.15302e-23
1.16199e-23
1.17044e-23
1.17763e-23
1.18479e-23
1.19382e-23
1.20573e-23
1.22023e-23
1.23624e-23
1.2524e-23
1.26738e-23
1.27976e-23
1.28824e-23
1.29186e-23
1.29039e-23
1.28432e-23
1.27496e-23
1.26409e-23
1.25326e-23
1.24333e-23
1.23413e-23
1.22495e-23
1.21475e-23
1.20282e-23
1.18882e-23
1.17315e-23
1.1568e-23
1.14122e-23
1.12808e-23
1.11895e-23
1.11504e-23
1.1168e-23
1.12401e-23
1.13606e-23
1.15203e-23
1.1707e-23
1.19029e-23
1.20889e-23
1.22469e-23
1.23648e-23
1.24393e-23
1.24745e-23
1.24798e-23
1.24664e-23
1.24453e-23
1.24257e-23
1.24138e-23
1.24099e-23
1.24088e-23
1.24023e-23
1.23821e-23
1.23428e-23
1.22801e-23
1.21908e-23
1.20734e-23
1.1932e-23
1.17791e-23
1.16344e-23
1.15236e-23
1.14702e-23
1.14905e-23
1.15848e-23
1.17361e-23
1.19149e-23
1.20931e-23
1.22502e-23
1.23738e-23
1.24558e-23
1.24946e-23
1.2497e-23
1.24768e-23
1.24492e-23
1.24269e-23
1.24163e-23
1.24178e-23
1.24259e-23
1.2434e-23
1.24374e-23
1.24329e-23
1.24217e-23
1.24093e-23
1.24071e-23
1.24269e-23
1.24696e-23
1.25222e-23
1.25674e-23
1.25957e-23
1.26077e-23
1.26091e-23
1.26025e-23
1.25886e-23
1.25685e-23
1.25451e-23
1.25203e-23
1.24947e-23
1.24662e-23
1.24327e-23
1.23936e-23
1.23538e-23
1.23238e-23
1.23138e-23
1.23246e-23
1.23445e-23
1.23551e-23
1.23391e-23
1.22851e-23
1.21888e-23
1.20518e-23
1.18808e-23
1.16909e-23
1.15036e-23
1.13399e-23
1.12128e-23
1.11226e-23
1.1062e-23
1.10242e-23
1.10073e-23
1.10147e-23
1.10517e-23
1.1121e-23
1.12196e-23
1.13423e-23
1.14817e-23
1.16288e-23
1.17724e-23
1.19007e-23
1.20053e-23
1.20858e-23
1.21531e-23
1.22237e-23
1.23075e-23
1.2396e-23
1.24631e-23
1.24782e-23
1.24213e-23
1.22923e-23
1.21096e-23
1.19042e-23
1.17133e-23
1.15715e-23
1.15028e-23
1.15148e-23
1.15998e-23
1.17404e-23
1.19137e-23
1.20942e-23
1.22589e-23
1.23894e-23
1.24754e-23
1.25167e-23
1.25178e-23
1.24833e-23
1.24143e-23
1.23116e-23
1.21826e-23
1.20435e-23
1.19204e-23
1.18401e-23
1.18183e-23
1.18528e-23
1.19245e-23
1.20085e-23
1.20841e-23
1.2137e-23
1.21593e-23
1.21451e-23
1.20881e-23
1.19837e-23
1.18304e-23
1.16342e-23
1.14111e-23
1.11912e-23
1.10147e-23
1.09163e-23
1.09057e-23
1.0966e-23
1.10686e-23
1.11873e-23
1.13054e-23
1.14148e-23
1.15118e-23
1.15973e-23
1.16736e-23
1.17462e-23
1.18213e-23
1.19066e-23
1.20082e-23
1.21297e-23
1.22705e-23
1.2426e-23
1.25887e-23
1.27495e-23
1.28984e-23
1.3025e-23
1.31179e-23
1.3166e-23
1.31594e-23
1.30899e-23
1.2954e-23
1.27556e-23
1.25111e-23
1.22523e-23
1.20196e-23
1.18455e-23
1.17417e-23
1.16978e-23
1.16934e-23
1.17071e-23
1.17216e-23
1.17261e-23
1.17153e-23
1.169e-23
1.16538e-23
1.16125e-23
1.15736e-23
1.15437e-23
1.15279e-23
1.15296e-23
1.15506e-23
1.15887e-23
1.1638e-23
1.16866e-23
1.17216e-23
1.17362e-23
1.17363e-23
1.17393e-23
1.17667e-23
1.18293e-23
1.19209e-23
1.20238e-23
1.21194e-23
1.21935e-23
1.22394e-23
1.22543e-23
1.22415e-23
1.22085e-23
1.21666e-23
1.2128e-23
1.20999e-23
1.20775e-23
1.20459e-23
1.19837e-23
1.18739e-23
1.17115e-23
1.15083e-23
1.12925e-23
1.11039e-23
1.09825e-23
1.09547e-23
1.10257e-23
1.11827e-23
1.14035e-23
1.16648e-23
1.19451e-23
1.22238e-23
1.24804e-23
1.26936e-23
1.28466e-23
1.29307e-23
1.29471e-23
1.29058e-23
1.28237e-23
1.27201e-23
1.26111e-23
1.2502e-23
1.23862e-23
1.22535e-23
1.21049e-23
1.19644e-23
1.18748e-23
1.18643e-23
1.19134e-23
1.19667e-23
1.19763e-23
1.19276e-23
1.18364e-23
1.17326e-23
1.16457e-23
1.15899e-23
1.15619e-23
1.15477e-23
1.15333e-23
1.15126e-23
1.14884e-23
1.14712e-23
1.14745e-23
1.15124e-23
1.15926e-23
1.17145e-23
1.18682e-23
1.20379e-23
1.22063e-23
1.23597e-23
1.2489e-23
1.25896e-23
1.26606e-23
1.27021e-23
1.27161e-23
1.27062e-23
1.26765e-23
1.26327e-23
1.25812e-23
1.25289e-23
1.24812e-23
1.24401e-23
1.24002e-23
1.23515e-23
1.22872e-23
1.22091e-23
1.21252e-23
1.20427e-23
1.19602e-23
1.18701e-23
1.17676e-23
1.16605e-23
1.15673e-23
1.15083e-23
1.149e-23
1.14997e-23
1.15121e-23
1.15051e-23
1.14715e-23
1.14228e-23
1.13819e-23
1.13703e-23
1.13992e-23
1.14678e-23
1.15663e-23
1.16796e-23
1.17885e-23
1.18712e-23
1.19082e-23
1.18886e-23
1.18145e-23
1.16996e-23
1.15643e-23
1.143e-23
1.13178e-23
1.12451e-23
1.12262e-23
1.12684e-23
1.13703e-23
1.1519e-23
1.16953e-23
1.18778e-23
1.20478e-23
1.21914e-23
1.23019e-23
1.23806e-23
1.24369e-23
1.24856e-23
1.25373e-23
1.25914e-23
1.26335e-23
1.26394e-23
1.25843e-23
1.24512e-23
1.2241e-23
1.19828e-23
1.17401e-23
1.15915e-23
1.15883e-23
1.17145e-23
1.18994e-23
1.20688e-23
1.21825e-23
1.22376e-23
1.2252e-23
1.22494e-23
1.22491e-23
1.22621e-23
1.22916e-23
1.23346e-23
1.23871e-23
1.24449e-23
1.25056e-23
1.25669e-23
1.26246e-23
1.26716e-23
1.26985e-23
1.26966e-23
1.26595e-23
1.25871e-23
1.24855e-23
1.23654e-23
1.22372e-23
1.21067e-23
1.19778e-23
1.18538e-23
1.17412e-23
1.16492e-23
1.15886e-23
1.15699e-23
1.15998e-23
1.16768e-23
1.17908e-23
1.19257e-23
1.20668e-23
1.2205e-23
1.23355e-23
1.24576e-23
1.25708e-23
1.26735e-23
1.27623e-23
1.28317e-23
1.28753e-23
1.28868e-23
1.28617e-23
1.27982e-23
1.26996e-23
1.2577e-23
1.24514e-23
1.235e-23
1.22928e-23
1.22778e-23
1.22793e-23
1.22592e-23
1.21881e-23
1.20533e-23
1.18641e-23
1.16487e-23
1.14465e-23
1.12966e-23
1.12237e-23
1.1236e-23
1.13293e-23
1.14906e-23
1.1696e-23
1.19123e-23
1.21024e-23
1.22344e-23
1.22896e-23
1.22629e-23
1.21594e-23
1.19958e-23
1.18035e-23
1.16329e-23
1.15346e-23
1.15238e-23
1.15728e-23
1.16399e-23
1.17007e-23
1.1753e-23
1.18046e-23
1.18637e-23
1.19348e-23
1.20229e-23
1.21326e-23
1.22594e-23
1.23862e-23
1.24899e-23
1.25554e-23
1.25831e-23
1.25876e-23
1.25889e-23
1.26042e-23
1.26435e-23
1.27071e-23
1.2787e-23
1.28714e-23
1.29465e-23
1.30016e-23
1.30301e-23
1.30326e-23
1.30153e-23
1.29897e-23
1.2965e-23
1.29446e-23
1.29244e-23
1.28934e-23
1.28412e-23
1.27629e-23
1.26624e-23
1.25536e-23
1.24536e-23
1.23794e-23
1.23403e-23
1.23353e-23
1.23556e-23
1.23899e-23
1.24307e-23
1.24766e-23
1.25326e-23
1.26056e-23
1.26975e-23
1.28025e-23
1.29077e-23
1.2996e-23
1.30543e-23
1.30753e-23
1.30604e-23
1.30183e-23
1.29604e-23
1.28958e-23
1.28265e-23
1.27498e-23
1.26611e-23
1.25586e-23
1.24476e-23
1.23407e-23
1.2258e-23
1.22185e-23
1.22323e-23
1.2294e-23
1.23851e-23
1.24828e-23
1.25675e-23
1.26251e-23
1.26461e-23
1.2625e-23
1.25595e-23
1.24524e-23
1.23126e-23
1.21553e-23
1.19992e-23
1.18634e-23
1.17616e-23
1.16973e-23
1.16654e-23
1.16587e-23
1.16728e-23
1.1708e-23
1.17651e-23
1.18424e-23
1.19348e-23
1.20364e-23
1.21394e-23
1.22351e-23
1.23143e-23
1.23695e-23
1.23969e-23
1.2398e-23
1.23802e-23
1.23526e-23
1.23244e-23
1.23013e-23
1.2285e-23
1.22743e-23
1.22656e-23
1.22563e-23
1.22472e-23
1.22441e-23
1.22559e-23
1.22932e-23
1.23639e-23
1.24691e-23
1.26002e-23
1.27412e-23
1.28739e-23
1.2982e-23
1.30567e-23
1.3096e-23
1.3104e-23
1.30882e-23
1.30547e-23
1.30056e-23
1.29371e-23
1.28426e-23
1.2715e-23
1.25525e-23
1.23587e-23
1.21441e-23
1.19241e-23
1.17178e-23
1.15444e-23
1.14203e-23
1.13562e-23
1.13548e-23
1.14106e-23
1.15105e-23
1.16371e-23
1.17727e-23
1.1901e-23
1.20069e-23
1.20784e-23
1.21043e-23
1.2078e-23
1.20013e-23
1.18884e-23
1.17613e-23
1.16421e-23
1.15408e-23
1.14583e-23
1.13927e-23
1.13464e-23
1.13248e-23
1.13306e-23
1.1361e-23
1.1408e-23
1.14627e-23
1.15181e-23
1.15703e-23
1.1614e-23
1.16435e-23
1.16543e-23
1.1646e-23
1.1623e-23
1.15916e-23
1.15593e-23
1.15317e-23
1.15147e-23
1.15142e-23
1.1533e-23
1.15705e-23
1.16224e-23
1.16815e-23
1.17402e-23
1.17922e-23
1.18323e-23
1.18545e-23
1.18509e-23
1.18101e-23
1.1722e-23
1.15823e-23
1.13994e-23
1.11954e-23
1.10035e-23
1.08559e-23
1.07758e-23
1.07723e-23
1.0843e-23
1.09788e-23
1.1165e-23
1.13869e-23
1.16295e-23
1.18772e-23
1.21123e-23
1.23144e-23
1.24617e-23
1.25372e-23
1.25344e-23
1.24651e-23
1.23609e-23
1.22673e-23
1.22293e-23
1.22698e-23
1.23829e-23
1.25413e-23
1.27115e-23
1.28667e-23
1.29928e-23
1.30856e-23
1.31487e-23
1.31894e-23
1.32151e-23
1.32324e-23
1.32461e-23
1.32589e-23
1.32705e-23
1.32796e-23
1.3282e-23
1.32694e-23
1.32336e-23
1.31708e-23
1.30818e-23
1.29741e-23
1.28568e-23
1.27394e-23
1.26299e-23
1.25377e-23
1.24723e-23
1.24389e-23
1.24331e-23
1.24423e-23
1.24507e-23
1.24477e-23
1.24305e-23
1.24039e-23
1.23762e-23
1.23516e-23
1.23296e-23
1.23021e-23
1.22576e-23
1.21867e-23
1.20869e-23
1.19616e-23
1.18178e-23
1.16639e-23
1.15087e-23
1.13653e-23
1.1254e-23
1.12022e-23
1.12387e-23
1.13728e-23
1.15821e-23
1.18178e-23
1.20287e-23
1.21834e-23
1.22722e-23
1.23004e-23
1.22831e-23
1.22387e-23
1.2185e-23
1.21343e-23
1.20901e-23
1.20513e-23
1.20151e-23
1.19809e-23
1.19508e-23
1.19296e-23
1.1923e-23
1.19351e-23
1.19705e-23
1.20337e-23
1.21273e-23
1.22469e-23
1.23781e-23
1.24994e-23
1.25909e-23
1.26405e-23
1.26478e-23
1.26207e-23
1.25712e-23
1.25088e-23
1.24393e-23
1.23661e-23
1.2295e-23
1.22365e-23
1.22041e-23
1.22083e-23
1.2249e-23
1.23149e-23
1.23897e-23
1.24582e-23
1.25071e-23
1.25254e-23
1.25027e-23
1.2433e-23
1.2314e-23
1.21514e-23
1.19648e-23
1.17885e-23
1.1658e-23
1.15922e-23
1.15839e-23
1.16098e-23
1.16458e-23
1.16756e-23
1.16892e-23
1.16822e-23
1.16531e-23
1.16052e-23
1.1547e-23
1.14892e-23
1.14418e-23
1.14109e-23
1.13965e-23
1.13957e-23
1.1404e-23
1.14183e-23
1.14371e-23
1.14638e-23
1.15056e-23
1.15742e-23
1.16792e-23
1.18248e-23
1.20038e-23
1.22e-23
1.2392e-23
1.25575e-23
1.26767e-23
1.27333e-23
1.27171e-23
1.26332e-23
1.25018e-23
1.23488e-23
1.21905e-23
1.20307e-23
1.187e-23
1.1716e-23
1.15813e-23
1.14811e-23
1.14263e-23
1.14204e-23
1.14591e-23
1.15307e-23
1.16182e-23
1.17002e-23
1.1756e-23
1.17712e-23
1.17452e-23
1.16906e-23
1.16261e-23
1.15703e-23
1.15414e-23
1.15562e-23
1.16286e-23
1.17638e-23
1.19512e-23
1.21666e-23
1.23793e-23
1.25633e-23
1.27035e-23
1.27953e-23
1.28394e-23
1.28355e-23
1.27813e-23
1.26753e-23
1.25229e-23
1.23386e-23
1.21396e-23
1.19398e-23
1.17503e-23
1.15797e-23
1.14333e-23
1.13084e-23
1.11952e-23
1.10823e-23
1.09672e-23
1.08586e-23
1.07771e-23
1.07445e-23
1.07709e-23
1.08505e-23
1.09668e-23
1.11036e-23
1.12466e-23
1.13852e-23
1.15126e-23
1.1626e-23
1.17241e-23
1.18027e-23
1.18531e-23
1.18661e-23
1.18358e-23
1.17663e-23
1.16719e-23
1.15761e-23
1.15038e-23
1.14709e-23
1.14754e-23
1.14988e-23
1.1517e-23
1.1513e-23
1.14837e-23
1.14359e-23
1.13799e-23
1.13233e-23
1.12715e-23
1.12282e-23
1.11988e-23
1.11886e-23
1.12003e-23
1.12341e-23
1.12868e-23
1.13557e-23
1.14424e-23
1.1554e-23
1.1698e-23
1.1876e-23
1.20786e-23
1.22854e-23
1.24714e-23
1.2615e-23
1.27045e-23
1.27403e-23
1.27323e-23
1.26933e-23
1.26352e-23
1.25646e-23
1.24854e-23
1.24013e-23
1.2316e-23
1.22333e-23
1.21563e-23
1.20852e-23
1.20152e-23
1.1939e-23
1.18511e-23
1.17518e-23
1.16462e-23
1.15455e-23
1.14619e-23
1.14043e-23
1.13775e-23
1.13801e-23
1.14061e-23
1.14457e-23
1.14859e-23
1.15142e-23
1.15219e-23
1.15094e-23
1.1487e-23
1.1472e-23
1.14846e-23
1.1541e-23
1.16438e-23
1.17795e-23
1.19211e-23
1.20394e-23
1.21174e-23
1.21529e-23
1.21577e-23
1.21493e-23
1.21423e-23
1.21427e-23
1.21474e-23
1.21516e-23
1.21536e-23
1.21579e-23
1.21747e-23
1.22137e-23
1.22824e-23
1.2382e-23
1.25072e-23
1.26482e-23
1.27912e-23
1.29196e-23
1.30179e-23
1.30755e-23
1.30887e-23
1.30602e-23
1.29996e-23
1.2921e-23
1.28424e-23
1.27784e-23
1.27332e-23
1.26972e-23
1.26535e-23
1.25866e-23
1.24903e-23
1.23646e-23
1.2213e-23
1.20393e-23
1.18477e-23
1.1646e-23
1.1449e-23
1.12772e-23
1.11526e-23
1.10917e-23
1.11004e-23
1.11732e-23
1.12941e-23
1.14427e-23
1.15997e-23
1.17518e-23
1.18916e-23
1.20181e-23
1.21312e-23
1.22338e-23
1.23274e-23
1.24106e-23
1.24753e-23
1.25052e-23
1.2481e-23
1.23874e-23
1.22208e-23
1.19917e-23
1.17237e-23
1.14426e-23
1.11688e-23
1.0914e-23
