3.77378e-23
3.7738e-23
3.77383e-23
3.77388e-23
3.77394e-23
3.77401e-23
3.7741e-23
3.7742e-23
3.77431e-23
3.77444e-23
3.77459e-23
3.77475e-23
3.77492e-23
3.77511e-23
3.77531e-23
3.77553e-23
3.77577e-23
3.77602e-23
3.77629e-23
3.77658e-23
3.77689e-23
3.77721e-23
3.77755e-23
3.77792e-23
3.7783e-23
3.7787e-23
3.77912e-23
3.77957e-23
3.78003e-23
3.78052e-23
3.78103e-23
3.78157e-23
3.78212e-23
3.78271e-23
3.78331e-23
3.78395e-23
3.78461e-23
3.7853e-23
3.78602e-23
3.78677e-23
3.78756e-23
3.78837e-23
3.78922e-23
3.7901e-23
3.79102e-23
3.79198e-23
3.79297e-23
3.79401e-23
3.79509e-23
3.79621e-23
3.79738e-23
3.7986e-23
3.79986e-23
3.80118e-23
3.80255e-23
3.80398e-23
3.80546e-23
3.80701e-23
3.80862e-23
3.81029e-23
3.81203e-23
3.81385e-23
3.81574e-23
3.8177e-23
3.81975e-23
3.82188e-23
3.8241e-23
3.82641e-23
3.82881e-23
3.83131e-23
3.83392e-23
3.83663e-23
3.83946e-23
3.8424e-23
3.84546e-23
3.84864e-23
3.85196e-23
3.85541e-23
3.859e-23
3.86274e-23
3.86663e-23
3.87067e-23
3.87488e-23
3.87925e-23
3.8838e-23
3.88853e-23
3.89344e-23
3.89854e-23
3.90384e-23
3.90933e-23
3.91503e-23
3.92092e-23
3.92703e-23
3.93333e-23
3.93983e-23
3.94652e-23
3.95338e-23
3.96041e-23
3.96756e-23
3.97481e-23
3.98212e-23
3.98943e-23
3.99668e-23
4.00379e-23
4.01067e-23
4.01724e-23
4.0234e-23
4.02907e-23
4.03419e-23
4.03872e-23
4.04264e-23
4.04597e-23
4.0487e-23
4.05082e-23
4.0522e-23
4.05261e-23
4.05173e-23
4.04913e-23
4.04445e-23
4.03748e-23
4.0284e-23
4.01794e-23
4.00744e-23
3.99878e-23
3.99396e-23
3.99457e-23
4.00125e-23
4.01347e-23
4.02974e-23
4.048e-23
4.06615e-23
4.08243e-23
4.09578e-23
4.10596e-23
4.11346e-23
4.11909e-23
4.12341e-23
4.12636e-23
4.1273e-23
4.12542e-23
4.12025e-23
4.11207e-23
4.10194e-23
4.09145e-23
4.0823e-23
4.07589e-23
4.0731e-23
4.07436e-23
4.07971e-23
4.08891e-23
4.10144e-23
4.11654e-23
4.13334e-23
4.15099e-23
4.16875e-23
4.18595e-23
4.20198e-23
4.21627e-23
4.22833e-23
4.23781e-23
4.24451e-23
4.24841e-23
4.24958e-23
4.24822e-23
4.24461e-23
4.23914e-23
4.23226e-23
4.22446e-23
4.21626e-23
4.20811e-23
4.20038e-23
4.19335e-23
4.18732e-23
4.1827e-23
4.18008e-23
4.18013e-23
4.18332e-23
4.18965e-23
4.19848e-23
4.20868e-23
4.21895e-23
4.22813e-23
4.23545e-23
4.24054e-23
4.24337e-23
4.24414e-23
4.24324e-23
4.24113e-23
4.23831e-23
4.23528e-23
4.23257e-23
4.2306e-23
4.22974e-23
4.23024e-23
4.2322e-23
4.23555e-23
4.24011e-23
4.24555e-23
4.25152e-23
4.25762e-23
4.26353e-23
4.26894e-23
4.27365e-23
4.27752e-23
4.28047e-23
4.28248e-23
4.28355e-23
4.28369e-23
4.28289e-23
4.28111e-23
4.2783e-23
4.27435e-23
4.26917e-23
4.26273e-23
4.25514e-23
4.24678e-23
4.23827e-23
4.23052e-23
4.22451e-23
4.22108e-23
4.2207e-23
4.22327e-23
4.22815e-23
4.23431e-23
4.24055e-23
4.24569e-23
4.24875e-23
4.24919e-23
4.2471e-23
4.24334e-23
4.23954e-23
4.23775e-23
4.23973e-23
4.24613e-23
4.25622e-23
4.26818e-23
4.27989e-23
4.28959e-23
4.29615e-23
4.29915e-23
4.2987e-23
4.29541e-23
4.29037e-23
4.28504e-23
4.28107e-23
4.2798e-23
4.28182e-23
4.28669e-23
4.29306e-23
4.29921e-23
4.30353e-23
4.30496e-23
4.30317e-23
4.29853e-23
4.29209e-23
4.28529e-23
4.27963e-23
4.27626e-23
4.27566e-23
4.27768e-23
4.28178e-23
4.2873e-23
4.29368e-23
4.30044e-23
4.30721e-23
4.31361e-23
4.31934e-23
4.3242e-23
4.3281e-23
4.33113e-23
4.33345e-23
4.33531e-23
4.33691e-23
4.33839e-23
4.33975e-23
4.34083e-23
4.34134e-23
4.3409e-23
4.33912e-23
4.33566e-23
4.33039e-23
4.3234e-23
4.3151e-23
4.30622e-23
4.29777e-23
4.29091e-23
4.28668e-23
4.28581e-23
4.28847e-23
4.29428e-23
4.3024e-23
4.31179e-23
4.32152e-23
4.33088e-23
4.33942e-23
4.34699e-23
4.35357e-23
4.35926e-23
4.3642e-23
4.36854e-23
4.37242e-23
4.37597e-23
4.3793e-23
4.38252e-23
4.38569e-23
4.38882e-23
4.39191e-23
4.39486e-23
4.3975e-23
4.39958e-23
4.40076e-23
4.40065e-23
4.3988e-23
4.39482e-23
4.38849e-23
4.37988e-23
4.36953e-23
4.3585e-23
4.34822e-23
4.34016e-23
4.33555e-23
4.3351e-23
4.33905e-23
4.34723e-23
4.35901e-23
4.37318e-23
4.38807e-23
4.40183e-23
4.41282e-23
4.4198e-23
4.42198e-23
4.41897e-23
4.41065e-23
4.39718e-23
4.37904e-23
4.35717e-23
4.33302e-23
4.30855e-23
4.28595e-23
4.26745e-23
4.25502e-23
4.25012e-23
4.25331e-23
4.26396e-23
4.28027e-23
4.2998e-23
4.32019e-23
4.33964e-23
4.35703e-23
4.3718e-23
4.38375e-23
4.39291e-23
4.39946e-23
4.40363e-23
4.40571e-23
4.406e-23
4.4048e-23
4.40243e-23
4.39919e-23
4.39543e-23
4.39148e-23
4.3877e-23
4.38441e-23
4.38187e-23
4.38029e-23
4.37973e-23
4.38018e-23
4.38151e-23
4.38353e-23
4.38604e-23
4.38884e-23
4.39178e-23
4.39473e-23
4.39764e-23
4.40046e-23
4.40319e-23
4.40583e-23
4.40839e-23
4.41089e-23
4.41333e-23
4.4157e-23
4.41796e-23
4.42009e-23
4.422e-23
4.42359e-23
4.42469e-23
4.42507e-23
4.42442e-23
4.42228e-23
4.41806e-23
4.41096e-23
4.40005e-23
4.38434e-23
4.3632e-23
4.33703e-23
4.30828e-23
4.282e-23
4.26479e-23
4.26154e-23
4.27226e-23
4.29209e-23
4.31446e-23
4.33425e-23
4.3489e-23
4.35777e-23
4.36123e-23
4.36007e-23
4.3552e-23
4.34775e-23
4.33915e-23
4.33111e-23
4.32545e-23
4.32364e-23
4.32633e-23
4.33317e-23
4.34297e-23
4.35414e-23
4.36518e-23
4.37495e-23
4.38279e-23
4.38838e-23
4.39171e-23
4.39286e-23
4.39198e-23
4.38914e-23
4.3843e-23
4.37723e-23
4.36748e-23
4.35453e-23
4.3379e-23
4.3176e-23
4.2946e-23
4.27135e-23
4.25184e-23
4.24061e-23
4.24098e-23
4.25315e-23
4.27398e-23
4.29853e-23
4.32214e-23
4.34175e-23
4.35599e-23
4.36472e-23
4.36845e-23
4.36794e-23
4.36397e-23
4.35735e-23
4.34894e-23
4.33973e-23
4.3309e-23
4.3237e-23
4.31924e-23
4.31817e-23
4.32047e-23
4.32547e-23
4.33209e-23
4.33921e-23
4.3459e-23
4.35158e-23
4.35594e-23
4.3589e-23
4.36049e-23
4.36074e-23
4.35967e-23
4.35724e-23
4.35335e-23
4.34786e-23
4.34062e-23
4.33147e-23
4.32037e-23
4.30744e-23
4.29312e-23
4.27823e-23
4.26398e-23
4.25171e-23
4.24258e-23
4.23704e-23
4.23474e-23
4.23461e-23
4.2353e-23
4.23565e-23
4.23496e-23
4.23305e-23
4.23021e-23
4.22699e-23
4.22403e-23
4.22182e-23
4.22062e-23
4.22045e-23
4.22119e-23
4.22279e-23
4.22542e-23
4.22943e-23
4.23519e-23
4.24287e-23
4.25221e-23
4.26254e-23
4.27293e-23
4.28242e-23
4.29023e-23
4.29587e-23
4.2991e-23
4.29986e-23
4.29827e-23
4.29451e-23
4.28884e-23
4.28162e-23
4.27332e-23
4.26458e-23
4.25612e-23
4.24874e-23
4.24313e-23
4.2397e-23
4.23852e-23
4.23926e-23
4.24135e-23
4.24414e-23
4.24702e-23
4.24953e-23
4.2514e-23
4.2525e-23
4.25282e-23
4.25243e-23
4.25142e-23
4.2499e-23
4.24797e-23
4.24575e-23
4.24331e-23
4.24072e-23
4.23802e-23
4.23525e-23
4.23244e-23
4.22962e-23
4.22686e-23
4.22426e-23
4.22195e-23
4.22013e-23
4.21897e-23
4.2186e-23
4.21906e-23
4.22027e-23
4.22201e-23
4.22403e-23
4.22603e-23
4.22779e-23
4.22921e-23
4.23032e-23
4.23126e-23
4.23221e-23
4.23335e-23
4.23473e-23
4.23627e-23
4.23772e-23
4.23873e-23
4.23888e-23
4.23783e-23
4.23533e-23
4.23131e-23
4.22597e-23
4.21975e-23
4.21332e-23
4.20748e-23
4.20297e-23
4.2003e-23
4.19963e-23
4.20073e-23
4.20316e-23
4.20644e-23
4.21025e-23
4.21447e-23
4.21921e-23
4.22468e-23
4.23104e-23
4.23831e-23
4.24628e-23
4.2546e-23
4.26277e-23
4.27036e-23
4.27702e-23
4.28258e-23
4.28701e-23
4.29045e-23
4.29311e-23
4.29524e-23
4.29708e-23
4.29879e-23
4.30044e-23
4.302e-23
4.30336e-23
4.30433e-23
4.30471e-23
4.30428e-23
4.30282e-23
4.30002e-23
4.29545e-23
4.28842e-23
4.27792e-23
4.26281e-23
4.24233e-23
4.21736e-23
4.19175e-23
4.17269e-23
4.16777e-23
4.18002e-23
4.20533e-23
4.23542e-23
4.26292e-23
4.2838e-23
4.29704e-23
4.30326e-23
4.30378e-23
4.3001e-23
4.29381e-23
4.28651e-23
4.27962e-23
4.27411e-23
4.27023e-23
4.26753e-23
4.26518e-23
4.26257e-23
4.25976e-23
4.25763e-23
4.25755e-23
4.26069e-23
4.26747e-23
4.27736e-23
4.28924e-23
4.30182e-23
4.31401e-23
4.32513e-23
4.33484e-23
4.34309e-23
4.34999e-23
4.35576e-23
4.36063e-23
4.36482e-23
4.36849e-23
4.37178e-23
4.37476e-23
4.37748e-23
4.37995e-23
4.38216e-23
4.38409e-23
4.38573e-23
4.38705e-23
4.38804e-23
4.38868e-23
4.38896e-23
4.38889e-23
4.38846e-23
4.38772e-23
4.38669e-23
4.38543e-23
4.38399e-23
4.3824e-23
4.38066e-23
4.3787e-23
4.37638e-23
4.37344e-23
4.36956e-23
4.36433e-23
4.35728e-23
4.34795e-23
4.33593e-23
4.32107e-23
4.30375e-23
4.28536e-23
4.26871e-23
4.25794e-23
4.2572e-23
4.2686e-23
4.29065e-23
4.31894e-23
4.3483e-23
4.37479e-23
4.39637e-23
4.41255e-23
4.42368e-23
4.43047e-23
4.43367e-23
4.4339e-23
4.43167e-23
4.42736e-23
4.42128e-23
4.41369e-23
4.4049e-23
4.39527e-23
4.38527e-23
4.37547e-23
4.36651e-23
4.35892e-23
4.35302e-23
4.34873e-23
4.34551e-23
4.34257e-23
4.33914e-23
4.33502e-23
4.33097e-23
4.32877e-23
4.33069e-23
4.33839e-23
4.352e-23
4.3699e-23
4.38956e-23
4.40854e-23
4.42521e-23
4.43879e-23
4.44917e-23
4.45658e-23
4.46135e-23
4.46381e-23
4.46418e-23
4.4626e-23
4.45911e-23
4.45367e-23
4.44621e-23
4.43668e-23
4.4251e-23
4.41168e-23
4.39686e-23
4.38146e-23
4.36668e-23
4.35399e-23
4.34486e-23
4.34035e-23
4.34077e-23
4.34561e-23
4.35379e-23
4.36405e-23
4.37532e-23
4.38681e-23
4.39803e-23
4.40856e-23
4.41798e-23
4.42573e-23
4.43106e-23
4.43303e-23
4.43064e-23
4.42306e-23
4.41024e-23
4.39363e-23
4.37687e-23
4.36531e-23
4.36385e-23
4.37406e-23
4.39322e-23
4.41618e-23
4.43823e-23
4.45665e-23
4.47065e-23
4.48064e-23
4.48748e-23
4.49205e-23
4.49508e-23
4.49709e-23
4.49845e-23
4.49938e-23
4.50001e-23
4.50045e-23
4.50077e-23
4.50104e-23
4.50137e-23
4.50188e-23
4.5027e-23
4.50398e-23
4.50584e-23
4.50831e-23
4.51136e-23
4.51477e-23
4.5181e-23
4.5206e-23
4.52114e-23
4.51817e-23
4.5098e-23
4.49435e-23
4.47148e-23
4.44415e-23
4.41995e-23
4.40898e-23
4.41751e-23
4.44272e-23
4.47499e-23
4.50476e-23
4.52664e-23
4.53923e-23
4.54306e-23
4.53892e-23
4.527e-23
4.50653e-23
4.47634e-23
4.43652e-23
4.39163e-23
4.35323e-23
4.3364e-23
4.34876e-23
4.38329e-23
4.42503e-23
4.46229e-23
4.49067e-23
4.5107e-23
4.52467e-23
4.53488e-23
4.54308e-23
4.55046e-23
4.55774e-23
4.56527e-23
4.57308e-23
4.58093e-23
4.5884e-23
4.59498e-23
4.60009e-23
4.60318e-23
4.60373e-23
4.60131e-23
4.59564e-23
4.58668e-23
4.57476e-23
4.56076e-23
4.54608e-23
4.53258e-23
4.52212e-23
4.51616e-23
4.51529e-23
4.51918e-23
4.52674e-23
4.53638e-23
4.54632e-23
4.5547e-23
4.55973e-23
4.55969e-23
4.55313e-23
4.53921e-23
4.51849e-23
4.49406e-23
4.47194e-23
4.45948e-23
4.46135e-23
4.47641e-23
4.49869e-23
4.52146e-23
4.54031e-23
4.55372e-23
4.56206e-23
4.56651e-23
4.56833e-23
4.5686e-23
4.56802e-23
4.56692e-23
4.56529e-23
4.56285e-23
4.55921e-23
4.55404e-23
4.5473e-23
4.53939e-23
4.53114e-23
4.52359e-23
4.51757e-23
4.51334e-23
4.51042e-23
4.50791e-23
4.50486e-23
4.50082e-23
4.49604e-23
4.49148e-23
4.48852e-23
4.48829e-23
4.49114e-23
4.49632e-23
4.50231e-23
4.50744e-23
4.51047e-23
4.51083e-23
4.5086e-23
4.50433e-23
4.49884e-23
4.49303e-23
4.48774e-23
4.4836e-23
4.4809e-23
4.47955e-23
4.47906e-23
4.47866e-23
4.47747e-23
4.47462e-23
4.46948e-23
4.46175e-23
4.45166e-23
4.43992e-23
4.42772e-23
4.41654e-23
4.40786e-23
4.40287e-23
4.40221e-23
4.40567e-23
4.4122e-23
4.42007e-23
4.42741e-23
4.4326e-23
4.4347e-23
4.43345e-23
4.42925e-23
4.42295e-23
4.4156e-23
4.4083e-23
4.40199e-23
4.39743e-23
4.39513e-23
4.39533e-23
4.39792e-23
4.40241e-23
4.40805e-23
4.41398e-23
4.41948e-23
4.42404e-23
4.4275e-23
4.42988e-23
4.4314e-23
4.43233e-23
4.43291e-23
4.43336e-23
4.43381e-23
4.43431e-23
4.43488e-23
4.43549e-23
4.43611e-23
4.43668e-23
4.43717e-23
4.43754e-23
4.43778e-23
4.43786e-23
4.43779e-23
4.43754e-23
4.43711e-23
4.43647e-23
4.43561e-23
4.43448e-23
4.43303e-23
4.43121e-23
4.42896e-23
4.42622e-23
4.42295e-23
4.41914e-23
4.41486e-23
4.41028e-23
4.40566e-23
4.40139e-23
4.39789e-23
4.39557e-23
4.39466e-23
4.39517e-23
4.39686e-23
4.39927e-23
4.40191e-23
4.40432e-23
4.40622e-23
4.40753e-23
4.40832e-23
4.40881e-23
4.40927e-23
4.40993e-23
4.41099e-23
4.41255e-23
4.41462e-23
4.41712e-23
4.41991e-23
4.42281e-23
4.4256e-23
4.42805e-23
4.42994e-23
4.43106e-23
4.43122e-23
4.43026e-23
4.42806e-23
4.42457e-23
4.41978e-23
4.41376e-23
4.40665e-23
4.39865e-23
4.39008e-23
4.38139e-23
4.37328e-23
4.36671e-23
4.36285e-23
4.36276e-23
4.36696e-23
4.37514e-23
4.38614e-23
4.39825e-23
4.40964e-23
4.41856e-23
4.42345e-23
4.4228e-23
4.41515e-23
4.39913e-23
4.37403e-23
4.34093e-23
4.30393e-23
4.27035e-23
4.24802e-23
4.24067e-23
3.78003e-23
3.79336e-23
3.80864e-23
3.82352e-23
3.83769e-23
3.85146e-23
3.86489e-23
3.87763e-23
3.8891e-23
3.89881e-23
3.90649e-23
3.91208e-23
3.91571e-23
3.91761e-23
3.91805e-23
3.91728e-23
3.91547e-23
3.91278e-23
3.90926e-23
3.90492e-23
3.89973e-23
3.8936e-23
3.88647e-23
3.8783e-23
3.86917e-23
3.85935e-23
3.84933e-23
3.83987e-23
3.83187e-23
3.8262e-23
3.82346e-23
3.82376e-23
3.82668e-23
3.83145e-23
3.83714e-23
3.84292e-23
3.84818e-23
3.85256e-23
3.85589e-23
3.85816e-23
3.85944e-23
3.85982e-23
3.85942e-23
3.85836e-23
3.85675e-23
3.8547e-23
3.85232e-23
3.84976e-23
3.84714e-23
3.84464e-23
3.8424e-23
3.84056e-23
3.83923e-23
3.83844e-23
3.83815e-23
3.83823e-23
3.83847e-23
3.83864e-23
3.83848e-23
3.8378e-23
3.83647e-23
3.83446e-23
3.83186e-23
3.82888e-23
3.8258e-23
3.82297e-23
3.82068e-23
3.81919e-23
3.81863e-23
3.819e-23
3.82021e-23
3.82209e-23
3.82442e-23
3.82697e-23
3.82956e-23
3.83199e-23
3.83412e-23
3.83583e-23
3.83703e-23
3.83766e-23
3.83772e-23
3.83724e-23
3.83631e-23
3.83507e-23
3.83368e-23
3.83236e-23
3.83137e-23
3.83097e-23
3.83143e-23
3.83304e-23
3.83598e-23
3.84034e-23
3.84605e-23
3.85282e-23
3.86023e-23
3.86776e-23
3.8749e-23
3.88124e-23
3.88649e-23
3.89058e-23
3.89362e-23
3.8959e-23
3.89787e-23
3.90004e-23
3.90289e-23
3.90673e-23
3.91169e-23
3.91761e-23
3.92417e-23
3.93093e-23
3.93741e-23
3.94322e-23
3.94803e-23
3.95163e-23
3.9539e-23
3.95477e-23
3.95424e-23
3.95231e-23
3.94903e-23
3.94449e-23
3.93876e-23
3.93195e-23
3.92419e-23
3.91558e-23
3.90627e-23
3.8964e-23
3.88619e-23
3.87597e-23
3.86625e-23
3.85769e-23
3.85101e-23
3.84678e-23
3.84512e-23
3.8455e-23
3.84673e-23
3.8474e-23
3.84664e-23
3.8448e-23
3.84383e-23
3.8466e-23
3.85545e-23
3.87091e-23
3.89158e-23
3.91514e-23
3.93945e-23
3.96303e-23
3.98497e-23
4.00469e-23
4.02178e-23
4.03598e-23
4.0472e-23
4.05546e-23
4.06088e-23
4.06359e-23
4.06374e-23
4.06147e-23
4.05692e-23
4.05029e-23
4.04183e-23
4.03193e-23
4.02115e-23
4.01013e-23
3.99953e-23
3.98989e-23
3.98149e-23
3.97426e-23
3.96786e-23
3.96189e-23
3.95613e-23
3.95068e-23
3.946e-23
3.94269e-23
3.94114e-23
3.94138e-23
3.94298e-23
3.94525e-23
3.94759e-23
3.94967e-23
3.95154e-23
3.95348e-23
3.95591e-23
3.95915e-23
3.96332e-23
3.96832e-23
3.9739e-23
3.97972e-23
3.98549e-23
3.99101e-23
3.99616e-23
4.00086e-23
4.0051e-23
4.00882e-23
4.01195e-23
4.01437e-23
4.01599e-23
4.0167e-23
4.01642e-23
4.01517e-23
4.013e-23
4.01008e-23
4.00663e-23
4.00297e-23
3.99941e-23
3.99624e-23
3.9937e-23
3.99195e-23
3.99112e-23
3.99129e-23
3.99251e-23
3.99477e-23
3.99791e-23
4.00159e-23
4.0053e-23
4.00842e-23
4.01037e-23
4.0107e-23
4.00915e-23
4.00571e-23
4.00062e-23
3.99435e-23
3.98764e-23
3.9814e-23
3.97649e-23
3.97343e-23
3.97207e-23
3.97165e-23
3.97113e-23
3.96963e-23
3.96681e-23
3.96283e-23
3.95814e-23
3.95321e-23
3.94839e-23
3.944e-23
3.94041e-23
3.93803e-23
3.9371e-23
3.93756e-23
3.93898e-23
3.94084e-23
3.94283e-23
3.94499e-23
3.94775e-23
3.95165e-23
3.95713e-23
3.96428e-23
3.97281e-23
3.98213e-23
3.99147e-23
4.00011e-23
4.00745e-23
4.0131e-23
4.01688e-23
4.01881e-23
4.01903e-23
4.01782e-23
4.0155e-23
4.01242e-23
4.00895e-23
4.00537e-23
4.00196e-23
3.99891e-23
3.99637e-23
3.99442e-23
3.9931e-23
3.99243e-23
3.9924e-23
3.99296e-23
3.99405e-23
3.99551e-23
3.99715e-23
3.99868e-23
3.99969e-23
3.99972e-23
3.99819e-23
3.99449e-23
3.98799e-23
3.97818e-23
3.96486e-23
3.94839e-23
3.93006e-23
3.91209e-23
3.89734e-23
3.88837e-23
3.88642e-23
3.89101e-23
3.90041e-23
3.91256e-23
3.9257e-23
3.93859e-23
3.95046e-23
3.96084e-23
3.9695e-23
3.97636e-23
3.98149e-23
3.98505e-23
3.98727e-23
3.9884e-23
3.98867e-23
3.98832e-23
3.98755e-23
3.98651e-23
3.98528e-23
3.98387e-23
3.98217e-23
3.97994e-23
3.97687e-23
3.97255e-23
3.9666e-23
3.95872e-23
3.94885e-23
3.93735e-23
3.92507e-23
3.91329e-23
3.90346e-23
3.89667e-23
3.89327e-23
3.89275e-23
3.89404e-23
3.896e-23
3.89781e-23
3.89914e-23
3.90008e-23
3.90093e-23
3.90206e-23
3.90373e-23
3.90612e-23
3.90924e-23
3.91306e-23
3.91746e-23
3.92229e-23
3.92738e-23
3.93253e-23
3.93757e-23
3.94232e-23
3.94663e-23
3.95042e-23
3.95361e-23
3.95618e-23
3.95813e-23
3.95949e-23
3.96029e-23
3.96054e-23
3.96028e-23
3.95954e-23
3.95833e-23
3.95668e-23
3.95462e-23
3.95221e-23
3.94949e-23
3.94657e-23
3.94353e-23
3.94049e-23
3.93756e-23
3.93486e-23
3.93247e-23
3.93044e-23
3.92876e-23
3.92734e-23
3.92603e-23
3.92459e-23
3.92268e-23
3.9199e-23
3.9158e-23
3.90992e-23
3.90197e-23
3.89193e-23
3.88036e-23
3.86859e-23
3.8587e-23
3.85305e-23
3.85344e-23
3.86025e-23
3.87222e-23
3.88709e-23
3.90249e-23
3.91665e-23
3.92861e-23
3.93807e-23
3.94515e-23
3.95019e-23
3.95354e-23
3.95559e-23
3.95665e-23
3.957e-23
3.95688e-23
3.95648e-23
3.95599e-23
3.95554e-23
3.95525e-23
3.95522e-23
3.95549e-23
3.95609e-23
3.95697e-23
3.9581e-23
3.95938e-23
3.96073e-23
3.96203e-23
3.96319e-23
3.96409e-23
3.96465e-23
3.96479e-23
3.96445e-23
3.96361e-23
3.96221e-23
3.96028e-23
3.95782e-23
3.95491e-23
3.95173e-23
3.94857e-23
3.94593e-23
3.94449e-23
3.94502e-23
3.94826e-23
3.95466e-23
3.96422e-23
3.97642e-23
3.99032e-23
4.0048e-23
4.01877e-23
4.03137e-23
4.04202e-23
4.05036e-23
4.05625e-23
4.0596e-23
4.06036e-23
4.05846e-23
4.05378e-23
4.04627e-23
4.036e-23
4.02345e-23
4.0097e-23
3.99657e-23
3.98644e-23
3.9816e-23
3.98338e-23
3.99154e-23
4.00441e-23
4.01964e-23
4.03504e-23
4.04907e-23
4.0609e-23
4.07021e-23
4.07701e-23
4.08144e-23
4.0837e-23
4.08396e-23
4.08241e-23
4.07924e-23
4.0747e-23
4.06916e-23
4.06308e-23
4.0571e-23
4.05193e-23
4.04826e-23
4.04671e-23
4.04766e-23
4.05125e-23
4.05735e-23
4.06562e-23
4.07554e-23
4.08655e-23
4.09801e-23
4.10931e-23
4.11982e-23
4.12899e-23
4.13624e-23
4.14104e-23
4.14283e-23
4.14107e-23
4.13525e-23
4.12498e-23
4.11018e-23
4.09121e-23
4.06904e-23
4.04512e-23
4.0211e-23
3.99833e-23
3.97752e-23
3.95902e-23
3.94332e-23
3.93149e-23
3.92512e-23
3.92568e-23
3.93364e-23
3.94806e-23
3.9668e-23
3.98725e-23
4.00707e-23
4.02472e-23
4.03949e-23
4.05143e-23
4.06102e-23
4.06893e-23
4.07573e-23
4.0818e-23
4.08726e-23
4.09203e-23
4.09593e-23
4.09874e-23
4.10028e-23
4.10043e-23
4.09908e-23
4.0962e-23
4.0917e-23
4.08554e-23
4.07762e-23
4.06786e-23
4.05623e-23
4.04281e-23
4.02788e-23
4.01209e-23
3.99652e-23
3.98262e-23
3.972e-23
3.96595e-23
3.96508e-23
3.96911e-23
3.9771e-23
3.98778e-23
3.99992e-23
4.01251e-23
4.02476e-23
4.03612e-23
4.0462e-23
4.05471e-23
4.06149e-23
4.06638e-23
4.0693e-23
4.07016e-23
4.06887e-23
4.06544e-23
4.06e-23
4.05295e-23
4.045e-23
4.03723e-23
4.03084e-23
4.02687e-23
4.02582e-23
4.02743e-23
4.03083e-23
4.03493e-23
4.0388e-23
4.042e-23
4.04454e-23
4.04675e-23
4.04901e-23
4.05155e-23
4.05429e-23
4.05691e-23
4.05889e-23
4.05968e-23
4.05877e-23
4.05579e-23
4.05045e-23
4.04261e-23
4.03226e-23
4.01958e-23
4.00508e-23
3.98963e-23
3.97452e-23
3.96127e-23
3.95127e-23
3.94535e-23
3.94351e-23
3.94504e-23
3.94891e-23
3.9543e-23
3.96088e-23
3.96885e-23
3.97862e-23
3.99052e-23
4.00445e-23
4.01988e-23
4.0359e-23
4.05152e-23
4.06579e-23
4.07802e-23
4.08773e-23
4.09469e-23
4.09884e-23
4.10026e-23
4.09911e-23
4.09564e-23
4.09016e-23
4.08301e-23
4.07457e-23
4.06523e-23
4.05532e-23
4.04513e-23
4.03484e-23
4.02464e-23
4.01474e-23
4.00548e-23
3.99737e-23
3.99094e-23
3.98662e-23
3.98444e-23
3.9839e-23
3.98408e-23
3.98382e-23
3.98204e-23
3.97794e-23
3.97113e-23
3.96167e-23
3.95009e-23
3.93737e-23
3.92481e-23
3.91389e-23
3.90587e-23
3.90139e-23
3.90024e-23
3.90144e-23
3.90359e-23
3.90533e-23
3.90582e-23
3.90497e-23
3.90343e-23
3.90238e-23
3.90306e-23
3.90625e-23
3.91194e-23
3.91935e-23
3.92729e-23
3.93458e-23
3.94039e-23
3.94427e-23
3.94617e-23
3.94624e-23
3.9448e-23
3.94219e-23
3.93874e-23
3.93478e-23
3.93058e-23
3.92636e-23
3.92231e-23
3.91858e-23
3.91528e-23
3.91246e-23
3.91018e-23
3.90844e-23
3.90723e-23
3.90651e-23
3.90623e-23
3.90632e-23
3.90668e-23
3.9072e-23
3.90776e-23
3.90822e-23
3.90844e-23
3.90826e-23
3.90756e-23
3.90619e-23
3.90408e-23
3.90114e-23
3.89736e-23
3.89278e-23
3.88749e-23
3.88165e-23
3.87551e-23
3.8694e-23
3.86374e-23
3.85906e-23
3.85592e-23
3.85486e-23
3.85625e-23
3.86023e-23
3.86658e-23
3.87482e-23
3.88426e-23
3.89419e-23
3.90392e-23
3.9129e-23
3.92071e-23
3.92701e-23
3.93162e-23
3.93438e-23
3.93524e-23
3.93417e-23
3.93121e-23
3.92642e-23
3.91995e-23
3.91209e-23
3.90341e-23
3.89469e-23
3.88688e-23
3.88058e-23
3.87573e-23
3.87138e-23
3.86619e-23
3.85929e-23
3.85129e-23
3.84459e-23
3.84244e-23
3.84706e-23
3.85794e-23
3.87196e-23
3.88504e-23
3.89395e-23
3.89718e-23
3.89486e-23
3.88829e-23
3.87947e-23
3.87067e-23
3.8641e-23
3.86157e-23
3.86414e-23
3.87185e-23
3.88379e-23
3.8984e-23
3.91393e-23
3.92888e-23
3.94226e-23
3.95353e-23
3.96257e-23
3.9695e-23
3.97456e-23
3.97801e-23
3.9801e-23
3.98101e-23
3.98092e-23
3.97992e-23
3.97807e-23
3.97538e-23
3.97182e-23
3.96729e-23
3.96164e-23
3.95467e-23
3.94609e-23
3.93557e-23
3.92277e-23
3.90745e-23
3.88977e-23
3.87058e-23
3.85172e-23
3.83589e-23
3.82593e-23
3.82351e-23
3.82826e-23
3.83789e-23
3.84935e-23
3.86007e-23
3.86853e-23
3.87424e-23
3.87736e-23
3.87842e-23
3.878e-23
3.87666e-23
3.87486e-23
3.87297e-23
3.87125e-23
3.86991e-23
3.86912e-23
3.86896e-23
3.86947e-23
3.87063e-23
3.87234e-23
3.87442e-23
3.87669e-23
3.87895e-23
3.88103e-23
3.88284e-23
3.88435e-23
3.88563e-23
3.88679e-23
3.88799e-23
3.88936e-23
3.89101e-23
3.893e-23
3.89529e-23
3.89781e-23
3.90044e-23
3.90304e-23
3.90548e-23
3.90767e-23
3.90953e-23
3.91102e-23
3.91211e-23
3.91278e-23
3.91298e-23
3.91265e-23
3.9117e-23
3.90994e-23
3.90717e-23
3.90312e-23
3.89748e-23
3.89003e-23
3.88064e-23
3.86951e-23
3.85726e-23
3.84502e-23
3.83438e-23
3.827e-23
3.82413e-23
3.82618e-23
3.83259e-23
3.84211e-23
3.85323e-23
3.86456e-23
3.87498e-23
3.88374e-23
3.89037e-23
3.89474e-23
3.89699e-23
3.89758e-23
3.89721e-23
3.89671e-23
3.89684e-23
3.89814e-23
3.90072e-23
3.90434e-23
3.90851e-23
3.91269e-23
3.91647e-23
3.91965e-23
3.92221e-23
3.92433e-23
3.92626e-23
3.92832e-23
3.93074e-23
3.93367e-23
3.93701e-23
3.94048e-23
3.94355e-23
3.94556e-23
3.94584e-23
3.94387e-23
3.93957e-23
3.93364e-23
3.92789e-23
3.92506e-23
3.92796e-23
3.93813e-23
3.95487e-23
3.97551e-23
3.9967e-23
4.01564e-23
4.03068e-23
4.04116e-23
4.0471e-23
4.04876e-23
4.04646e-23
4.04048e-23
4.03104e-23
4.01841e-23
4.00309e-23
3.98604e-23
3.96873e-23
3.95307e-23
3.94086e-23
3.9333e-23
3.93074e-23
3.93294e-23
3.9394e-23
3.94955e-23
3.96253e-23
3.97715e-23
3.99217e-23
4.00662e-23
4.02012e-23
4.03269e-23
4.0445e-23
4.05559e-23
4.06576e-23
4.07467e-23
4.082e-23
4.0876e-23
4.09156e-23
4.09415e-23
4.09576e-23
4.09678e-23
4.09748e-23
4.09797e-23
4.09816e-23
4.09784e-23
4.09676e-23
4.09473e-23
4.09171e-23
4.08778e-23
4.08304e-23
4.0775e-23
4.07093e-23
4.06294e-23
4.0531e-23
4.04128e-23
4.0279e-23
4.014e-23
4.00111e-23
3.9909e-23
3.98479e-23
3.98365e-23
3.98762e-23
3.99621e-23
4.00845e-23
4.0231e-23
4.03886e-23
4.05454e-23
4.06911e-23
4.08177e-23
4.09185e-23
4.09888e-23
4.10253e-23
4.10272e-23
4.09967e-23
4.09402e-23
4.08673e-23
4.07904e-23
4.07207e-23
4.06659e-23
4.06274e-23
4.06009e-23
4.05787e-23
4.05528e-23
4.05178e-23
4.04712e-23
4.04138e-23
4.03486e-23
4.028e-23
4.02123e-23
4.01496e-23
4.00948e-23
4.00498e-23
4.00152e-23
3.99907e-23
3.99754e-23
3.99679e-23
3.99669e-23
3.99708e-23
3.99783e-23
3.99877e-23
3.99976e-23
4.0006e-23
4.00111e-23
4.00112e-23
4.0005e-23
3.99918e-23
3.99712e-23
3.99438e-23
3.99103e-23
3.9872e-23
3.98304e-23
3.9787e-23
3.97434e-23
3.97007e-23
3.966e-23
3.9622e-23
3.95871e-23
3.95552e-23
3.9526e-23
3.94988e-23
3.94727e-23
3.94465e-23
3.94186e-23
3.93872e-23
3.93506e-23
3.9307e-23
3.92551e-23
3.91944e-23
3.9126e-23
3.90527e-23
3.89803e-23
3.89163e-23
3.88691e-23
3.88457e-23
3.88489e-23
3.88761e-23
3.89203e-23
3.89715e-23
3.90205e-23
3.90602e-23
3.90871e-23
3.91008e-23
3.91031e-23
3.90975e-23
3.90877e-23
3.9077e-23
3.90675e-23
3.90601e-23
3.90544e-23
3.90492e-23
3.90424e-23
3.90323e-23
3.90168e-23
3.89947e-23
3.89649e-23
3.89271e-23
3.88811e-23
3.88279e-23
3.87687e-23
3.87061e-23
3.86435e-23
3.85853e-23
3.85369e-23
3.85033e-23
3.84888e-23
3.84953e-23
3.85222e-23
3.85665e-23
3.86233e-23
3.86871e-23
3.77999e-23
3.78627e-23
3.79198e-23
3.79694e-23
3.80105e-23
3.80424e-23
3.8065e-23
3.8078e-23
3.80811e-23
3.8074e-23
3.80562e-23
3.80274e-23
3.79871e-23
3.79346e-23
3.78691e-23
3.77889e-23
3.76914e-23
3.75726e-23
3.74282e-23
3.72567e-23
3.70643e-23
3.68727e-23
3.67224e-23
3.66631e-23
3.67302e-23
3.69208e-23
3.71935e-23
3.74915e-23
3.77681e-23
3.7998e-23
3.81735e-23
3.82972e-23
3.83759e-23
3.84171e-23
3.84279e-23
3.84152e-23
3.83862e-23
3.83494e-23
3.83138e-23
3.82892e-23
3.82833e-23
3.83007e-23
3.83417e-23
3.84022e-23
3.84754e-23
3.85542e-23
3.86324e-23
3.87059e-23
3.87724e-23
3.88313e-23
3.88831e-23
3.89286e-23
3.8969e-23
3.90055e-23
3.9039e-23
3.90702e-23
3.90997e-23
3.91278e-23
3.91549e-23
3.91809e-23
3.9206e-23
3.92302e-23
3.92532e-23
3.9275e-23
3.92954e-23
3.93143e-23
3.93316e-23
3.93469e-23
3.93604e-23
3.93718e-23
3.93812e-23
3.93887e-23
3.93944e-23
3.93984e-23
3.94009e-23
3.94022e-23
3.94024e-23
3.94017e-23
3.94e-23
3.93975e-23
3.93944e-23
3.9391e-23
3.93882e-23
3.9387e-23
3.9389e-23
3.93961e-23
3.94099e-23
3.9432e-23
3.94629e-23
3.95024e-23
3.95491e-23
3.96014e-23
3.96573e-23
3.97151e-23
3.97735e-23
3.98315e-23
3.98885e-23
3.99435e-23
3.99957e-23
4.00445e-23
4.00894e-23
4.01307e-23
4.01695e-23
4.02071e-23
4.02443e-23
4.0281e-23
4.03155e-23
4.03448e-23
4.03658e-23
4.03759e-23
4.03748e-23
4.03642e-23
4.0348e-23
4.03314e-23
4.03188e-23
4.0313e-23
4.03138e-23
4.03185e-23
4.03223e-23
4.03205e-23
4.03095e-23
4.02875e-23
4.02554e-23
4.02162e-23
4.01742e-23
4.01346e-23
4.01019e-23
4.00794e-23
4.0069e-23
4.0071e-23
4.00845e-23
4.01076e-23
4.01384e-23
4.01747e-23
4.02145e-23
4.02561e-23
4.02975e-23
4.03369e-23
4.03725e-23
4.04025e-23
4.04252e-23
4.04393e-23
4.04438e-23
4.04381e-23
4.04219e-23
4.03956e-23
4.03596e-23
4.03149e-23
4.02627e-23
4.02049e-23
4.01435e-23
4.00808e-23
4.00195e-23
3.99616e-23
3.99092e-23
3.98647e-23
3.98308e-23
3.98113e-23
3.98101e-23
3.98294e-23
3.98685e-23
3.9922e-23
3.9981e-23
4.00348e-23
4.0073e-23
4.00878e-23
4.00751e-23
4.00354e-23
3.99744e-23
3.9903e-23
3.98362e-23
3.97895e-23
3.97746e-23
3.97948e-23
3.98443e-23
3.99104e-23
3.99782e-23
4.00351e-23
4.00722e-23
4.00849e-23
4.00715e-23
4.00328e-23
3.99705e-23
3.98876e-23
3.97884e-23
3.96782e-23
3.95637e-23
3.94525e-23
3.93525e-23
3.92711e-23
3.92136e-23
3.91826e-23
3.91772e-23
3.91935e-23
3.92252e-23
3.92658e-23
3.93093e-23
3.93514e-23
3.93896e-23
3.94228e-23
3.9451e-23
3.94742e-23
3.94923e-23
3.95047e-23
3.95108e-23
3.95097e-23
3.95003e-23
3.94818e-23
3.94536e-23
3.9415e-23
3.93652e-23
3.93037e-23
3.923e-23
3.9144e-23
3.90473e-23
3.89443e-23
3.88436e-23
3.87585e-23
3.8705e-23
3.86967e-23
3.8739e-23
3.88256e-23
3.89402e-23
3.90623e-23
3.91734e-23
3.92609e-23
3.93184e-23
3.93451e-23
3.93443e-23
3.93224e-23
3.92876e-23
3.92498e-23
3.92181e-23
3.91998e-23
3.91981e-23
3.92119e-23
3.92361e-23
3.92636e-23
3.92877e-23
3.93032e-23
3.93077e-23
3.93005e-23
3.92813e-23
3.92491e-23
3.92004e-23
3.91291e-23
3.90278e-23
3.8891e-23
3.87201e-23
3.85293e-23
3.8348e-23
3.8217e-23
3.81746e-23
3.82397e-23
3.84014e-23
3.86245e-23
3.88651e-23
3.9087e-23
3.92703e-23
3.94115e-23
3.95189e-23
3.96056e-23
3.96842e-23
3.97624e-23
3.98424e-23
3.99218e-23
3.99961e-23
4.00606e-23
4.01121e-23
4.01491e-23
4.01716e-23
4.01803e-23
4.01759e-23
4.01592e-23
4.01306e-23
4.00904e-23
4.00392e-23
3.9978e-23
3.99085e-23
3.9833e-23
3.97543e-23
3.96753e-23
3.95984e-23
3.95259e-23
3.94599e-23
3.94023e-23
3.93559e-23
3.9324e-23
3.93102e-23
3.93177e-23
3.93483e-23
3.94018e-23
3.94755e-23
3.95647e-23
3.96631e-23
3.97637e-23
3.98593e-23
3.99436e-23
4.00111e-23
4.00577e-23
4.00811e-23
4.00803e-23
4.00564e-23
4.00121e-23
3.99516e-23
3.98801e-23
3.98031e-23
3.97258e-23
3.96521e-23
3.95849e-23
3.95265e-23
3.94792e-23
3.94465e-23
3.94333e-23
3.94451e-23
3.94864e-23
3.9559e-23
3.96597e-23
3.97813e-23
3.99139e-23
4.0047e-23
4.01714e-23
4.02799e-23
4.03676e-23
4.04313e-23
4.04691e-23
4.04797e-23
4.04622e-23
4.04163e-23
4.03422e-23
4.02409e-23
4.01149e-23
3.99685e-23
3.98081e-23
3.96424e-23
3.94822e-23
3.93394e-23
3.92261e-23
3.91523e-23
3.91241e-23
3.9142e-23
3.91997e-23
3.92857e-23
3.93853e-23
3.94841e-23
3.95708e-23
3.96392e-23
3.96882e-23
3.97215e-23
3.9746e-23
3.97697e-23
3.97995e-23
3.98397e-23
3.98912e-23
3.99517e-23
4.00169e-23
4.00821e-23
4.0143e-23
4.0197e-23
4.02422e-23
4.02784e-23
4.03058e-23
4.03253e-23
4.03377e-23
4.03443e-23
4.0346e-23
4.03438e-23
4.03382e-23
4.03298e-23
4.03186e-23
4.03041e-23
4.02848e-23
4.02585e-23
4.02216e-23
4.01691e-23
4.00943e-23
3.99891e-23
3.9844e-23
3.96488e-23
3.93939e-23
3.90739e-23
3.86953e-23
3.82878e-23
3.79144e-23
3.76656e-23
3.76245e-23
3.78174e-23
3.81936e-23
3.86555e-23
3.91099e-23
3.94978e-23
3.97969e-23
4.00084e-23
4.01445e-23
4.02204e-23
4.02499e-23
4.0245e-23
4.02153e-23
4.01689e-23
4.01121e-23
4.00506e-23
3.99883e-23
3.99287e-23
3.98742e-23
3.98278e-23
3.97931e-23
3.97745e-23
3.97764e-23
3.98005e-23
3.98442e-23
3.98994e-23
3.99543e-23
3.99951e-23
4.00098e-23
3.99901e-23
3.99335e-23
3.98443e-23
3.97343e-23
3.9622e-23
3.95285e-23
3.94715e-23
3.9459e-23
3.94857e-23
3.95364e-23
3.95923e-23
3.96368e-23
3.96598e-23
3.96579e-23
3.9633e-23
3.95913e-23
3.95405e-23
3.94889e-23
3.94436e-23
3.94093e-23
3.93883e-23
3.93806e-23
3.93853e-23
3.94013e-23
3.94293e-23
3.9471e-23
3.95287e-23
3.96031e-23
3.96914e-23
3.97861e-23
3.98761e-23
3.99485e-23
3.99902e-23
3.99896e-23
3.99373e-23
3.98285e-23
3.96664e-23
3.94694e-23
3.92753e-23
3.91354e-23
3.90946e-23
3.91657e-23
3.93214e-23
3.95125e-23
3.96935e-23
3.9837e-23
3.9933e-23
3.99819e-23
3.99877e-23
3.99529e-23
3.98776e-23
3.9759e-23
3.95946e-23
3.93872e-23
3.9152e-23
3.89222e-23
3.87468e-23
3.8672e-23
3.87163e-23
3.88579e-23
3.90487e-23
3.92401e-23
3.9401e-23
3.95203e-23
3.9601e-23
3.96531e-23
3.9688e-23
3.97149e-23
3.97393e-23
3.97629e-23
3.97845e-23
3.98015e-23
3.98109e-23
3.98102e-23
3.9798e-23
3.97733e-23
3.97358e-23
3.96855e-23
3.96224e-23
3.95474e-23
3.94622e-23
3.93696e-23
3.92739e-23
3.91807e-23
3.90965e-23
3.90275e-23
3.89791e-23
3.89546e-23
3.89543e-23
3.89754e-23
3.90124e-23
3.90581e-23
3.91046e-23
3.91449e-23
3.91732e-23
3.91856e-23
3.91803e-23
3.91568e-23
3.91156e-23
3.90583e-23
3.89872e-23
3.89058e-23
3.88189e-23
3.87332e-23
3.86565e-23
3.85975e-23
3.85645e-23
3.85637e-23
3.85973e-23
3.8662e-23
3.87487e-23
3.88454e-23
3.89391e-23
3.90198e-23
3.90815e-23
3.91224e-23
3.91447e-23
3.91535e-23
3.9156e-23
3.91599e-23
3.91722e-23
3.91978e-23
3.9238e-23
3.92899e-23
3.93478e-23
3.94042e-23
3.94516e-23
3.94841e-23
3.94974e-23
3.949e-23
3.94622e-23
3.94169e-23
3.93585e-23
3.92932e-23
3.92279e-23
3.91693e-23
3.91225e-23
3.90903e-23
3.90732e-23
3.90691e-23
3.9075e-23
3.90868e-23
3.91009e-23
3.91138e-23
3.91226e-23
3.91256e-23
3.9122e-23
3.91124e-23
3.90989e-23
3.90847e-23
3.90739e-23
3.90705e-23
3.90781e-23
3.90989e-23
3.91332e-23
3.91796e-23
3.92349e-23
3.92948e-23
3.93544e-23
3.9409e-23
3.94541e-23
3.94857e-23
3.95003e-23
3.9495e-23
3.94683e-23
3.94201e-23
3.93534e-23
3.92746e-23
3.91942e-23
3.91252e-23
3.90796e-23
3.90643e-23
3.9078e-23
3.9112e-23
3.91535e-23
3.91905e-23
3.92149e-23
3.92241e-23
3.92202e-23
3.92087e-23
3.91967e-23
3.91918e-23
3.91999e-23
3.92247e-23
3.92672e-23
3.93253e-23
3.93948e-23
3.94703e-23
3.95461e-23
3.96171e-23
3.96793e-23
3.97295e-23
3.97659e-23
3.97873e-23
3.97936e-23
3.97852e-23
3.97634e-23
3.97308e-23
3.96905e-23
3.96469e-23
3.96049e-23
3.9569e-23
3.95429e-23
3.95281e-23
3.9524e-23
3.95281e-23
3.95364e-23
3.95451e-23
3.95512e-23
3.95536e-23
3.95527e-23
3.95507e-23
3.95505e-23
3.95544e-23
3.95625e-23
3.95714e-23
3.95734e-23
3.95574e-23
3.95104e-23
3.94218e-23
3.92888e-23
3.91255e-23
3.89683e-23
3.88712e-23
3.88822e-23
3.90143e-23
3.92354e-23
3.94887e-23
3.97221e-23
3.99036e-23
4.00207e-23
4.00728e-23
4.00639e-23
3.99993e-23
3.98841e-23
3.97243e-23
3.95281e-23
3.93074e-23
3.90787e-23
3.88624e-23
3.86799e-23
3.85485e-23
3.84767e-23
3.8461e-23
3.84884e-23
3.85429e-23
3.86128e-23
3.86946e-23
3.87913e-23
3.89067e-23
3.90411e-23
3.91894e-23
3.93429e-23
3.94918e-23
3.9627e-23
3.97414e-23
3.98304e-23
3.98921e-23
3.99265e-23
3.99355e-23
3.99215e-23
3.98876e-23
3.9837e-23
3.97725e-23
3.96967e-23
3.9612e-23
3.95206e-23
3.94251e-23
3.9328e-23
3.92321e-23
3.91405e-23
3.90556e-23
3.89793e-23
3.89125e-23
3.88555e-23
3.88079e-23
3.87695e-23
3.87401e-23
3.87201e-23
3.87097e-23
3.87088e-23
3.87166e-23
3.87314e-23
3.87512e-23
3.87736e-23
3.87968e-23
3.88197e-23
3.88426e-23
3.88666e-23
3.88929e-23
3.89228e-23
3.89563e-23
3.89926e-23
3.90301e-23
3.90667e-23
3.91004e-23
3.91296e-23
3.91535e-23
3.91718e-23
3.91846e-23
3.91925e-23
3.9196e-23
3.91961e-23
3.91932e-23
3.91879e-23
3.91807e-23
3.91716e-23
3.91607e-23
3.91478e-23
3.91328e-23
3.91152e-23
3.90945e-23
3.90704e-23
3.90422e-23
3.90096e-23
3.89722e-23
3.89298e-23
3.88824e-23
3.883e-23
3.87726e-23
3.871e-23
3.86415e-23
3.85661e-23
3.8483e-23
3.83921e-23
3.82961e-23
3.8202e-23
3.81223e-23
3.80728e-23
3.80679e-23
3.81136e-23
3.82048e-23
3.8326e-23
3.84584e-23
3.8585e-23
3.8695e-23
3.87831e-23
3.88486e-23
3.88933e-23
3.89198e-23
3.8931e-23
3.89294e-23
3.89168e-23
3.88947e-23
3.8864e-23
3.88252e-23
3.87785e-23
3.87237e-23
3.86607e-23
3.85892e-23
3.85093e-23
3.84218e-23
3.83286e-23
3.8233e-23
3.81403e-23
3.80569e-23
3.799e-23
3.79459e-23
3.79283e-23
3.79372e-23
3.79693e-23
3.80188e-23
3.8079e-23
3.81438e-23
3.82081e-23
3.82684e-23
3.83222e-23
3.83681e-23
3.8405e-23
3.84318e-23
3.84476e-23
3.84514e-23
3.84421e-23
3.84184e-23
3.83795e-23
3.83249e-23
3.82545e-23
3.81693e-23
3.80714e-23
3.79634e-23
3.78489e-23
3.77316e-23
3.76153e-23
3.75043e-23
3.74035e-23
3.73193e-23
3.72594e-23
3.72314e-23
3.72404e-23
3.72856e-23
3.73589e-23
3.74462e-23
3.75313e-23
3.75997e-23
3.7642e-23
3.7654e-23
3.76364e-23
3.75933e-23
3.75314e-23
3.74582e-23
3.73818e-23
3.73097e-23
3.7248e-23
3.72009e-23
3.7171e-23
3.71604e-23
3.7171e-23
3.72051e-23
3.72637e-23
3.73453e-23
3.74446e-23
3.75532e-23
3.76609e-23
3.77585e-23
3.78384e-23
3.78956e-23
3.79273e-23
3.79323e-23
3.79108e-23
3.78646e-23
3.77977e-23
3.7717e-23
3.76328e-23
3.75582e-23
3.75069e-23
3.74887e-23
3.75069e-23
3.75569e-23
3.76282e-23
3.77084e-23
3.77864e-23
3.78549e-23
3.79099e-23
3.79504e-23
3.79774e-23
3.79925e-23
3.7998e-23
3.79959e-23
3.79881e-23
3.79765e-23
3.79626e-23
3.79478e-23
3.79334e-23
3.79206e-23
3.79103e-23
3.79034e-23
3.79002e-23
3.79009e-23
3.79051e-23
3.7912e-23
3.79205e-23
3.79288e-23
3.79351e-23
3.79375e-23
3.79345e-23
3.79247e-23
3.79079e-23
3.7885e-23
3.78585e-23
3.78324e-23
3.78118e-23
3.78024e-23
3.78093e-23
3.78356e-23
3.78816e-23
3.7945e-23
3.80213e-23
3.81049e-23
3.81904e-23
3.82736e-23
3.83512e-23
3.84217e-23
3.84843e-23
3.85389e-23
3.85861e-23
3.86263e-23
3.86603e-23
3.86884e-23
3.87112e-23
3.87289e-23
3.8742e-23
3.87508e-23
3.87557e-23
3.87573e-23
3.87564e-23
3.87537e-23
3.87502e-23
3.87469e-23
3.87445e-23
3.87439e-23
3.87453e-23
3.87489e-23
3.87545e-23
3.87615e-23
3.8769e-23
3.87759e-23
3.87807e-23
3.8782e-23
3.87782e-23
3.8768e-23
3.87504e-23
3.87248e-23
3.86914e-23
3.86515e-23
3.86074e-23
3.85623e-23
3.85207e-23
3.84873e-23
3.84664e-23
3.84613e-23
3.84738e-23
3.85037e-23
3.8549e-23
3.86066e-23
3.86729e-23
3.87446e-23
3.88189e-23
3.88936e-23
3.89674e-23
3.90396e-23
3.91096e-23
3.9177e-23
3.92413e-23
3.93017e-23
3.93569e-23
3.94053e-23
3.94447e-23
3.94725e-23
3.94859e-23
3.9482e-23
3.94574e-23
3.94086e-23
3.93324e-23
3.92253e-23
3.90856e-23
3.89148e-23
3.87215e-23
3.8525e-23
3.83556e-23
3.82477e-23
3.82255e-23
3.82902e-23
3.84202e-23
3.85831e-23
3.87505e-23
3.8905e-23
3.90387e-23
3.91496e-23
3.92375e-23
3.93022e-23
3.93433e-23
3.93604e-23
3.93541e-23
3.93262e-23
3.92808e-23
3.92244e-23
3.91656e-23
3.9114e-23
3.90786e-23
3.90653e-23
3.90761e-23
3.91083e-23
3.91565e-23
3.92134e-23
3.92719e-23
3.93262e-23
3.93716e-23
3.94052e-23
3.94257e-23
3.9433e-23
3.94285e-23
3.94144e-23
3.93938e-23
3.93703e-23
3.93473e-23
3.93278e-23
3.93138e-23
3.93066e-23
3.93059e-23
3.93111e-23
3.93205e-23
3.93325e-23
3.93451e-23
3.93568e-23
3.93659e-23
3.93707e-23
