-6.67547e-25
-6.6775e-25
-6.68088e-25
-6.68562e-25
-6.69173e-25
-6.69922e-25
-6.70809e-25
-6.71837e-25
-6.73005e-25
-6.74317e-25
-6.75773e-25
-6.77375e-25
-6.79126e-25
-6.81077e-25
-6.83233e-25
-6.85747e-25
-6.88425e-25
-6.91521e-25
-6.94641e-25
-6.98088e-25
-7.01566e-25
-7.05276e-25
-7.09473e-25
-7.13716e-25
-7.18304e-25
-7.22697e-25
-7.27244e-25
-7.3205e-25
-7.37271e-25
-7.42765e-25
-7.48438e-25
-7.54299e-25
-7.60254e-25
-7.66556e-25
-7.73116e-25
-7.80093e-25
-7.87246e-25
-7.94583e-25
-8.02213e-25
-8.09948e-25
-8.17897e-25
-8.2637e-25
-8.3528e-25
-8.44342e-25
-8.53718e-25
-8.63373e-25
-8.7377e-25
-8.84378e-25
-8.95659e-25
-9.07085e-25
-9.1882e-25
-9.31232e-25
-9.44091e-25
-9.57614e-25
-9.71329e-25
-9.85851e-25
-1.00106e-24
-1.01672e-24
-1.03297e-24
-1.04998e-24
-1.06753e-24
-1.08549e-24
-1.1046e-24
-1.12439e-24
-1.14519e-24
-1.16688e-24
-1.1892e-24
-1.21253e-24
-1.23682e-24
-1.26205e-24
-1.28821e-24
-1.3154e-24
-1.3438e-24
-1.37351e-24
-1.40424e-24
-1.43652e-24
-1.46966e-24
-1.50456e-24
-1.54072e-24
-1.57824e-24
-1.61732e-24
-1.65788e-24
-1.70007e-24
-1.74414e-24
-1.7898e-24
-1.83726e-24
-1.88656e-24
-1.93761e-24
-1.99067e-24
-2.04595e-24
-2.10306e-24
-2.1625e-24
-2.22387e-24
-2.28696e-24
-2.35235e-24
-2.41948e-24
-2.48824e-24
-2.55857e-24
-2.63013e-24
-2.70268e-24
-2.77584e-24
-2.8489e-24
-2.92141e-24
-2.99234e-24
-3.06095e-24
-3.12636e-24
-3.18748e-24
-3.244e-24
-3.29467e-24
-3.33924e-24
-3.37791e-24
-3.41058e-24
-3.43734e-24
-3.45771e-24
-3.47071e-24
-3.47391e-24
-3.46366e-24
-3.43577e-24
-3.38671e-24
-3.31474e-24
-3.22221e-24
-3.1171e-24
-3.01292e-24
-2.92934e-24
-2.88581e-24
-2.89792e-24
-2.97075e-24
-3.09804e-24
-3.26391e-24
-3.44757e-24
-3.62824e-24
-3.78841e-24
-3.91851e-24
-4.01719e-24
-4.09e-24
-4.14479e-24
-4.18653e-24
-4.21446e-24
-4.22128e-24
-4.1994e-24
-4.1444e-24
-4.06003e-24
-3.95777e-24
-3.85366e-24
-3.76445e-24
-3.70364e-24
-3.67975e-24
-3.69657e-24
-3.75405e-24
-3.84956e-24
-3.97757e-24
-4.13059e-24
-4.29975e-24
-4.47676e-24
-4.65415e-24
-4.82544e-24
-4.9842e-24
-5.12504e-24
-5.24328e-24
-5.3353e-24
-5.39945e-24
-5.43565e-24
-5.44466e-24
-5.42862e-24
-5.39045e-24
-5.33411e-24
-5.26434e-24
-5.18562e-24
-5.1035e-24
-5.02254e-24
-4.94591e-24
-4.8765e-24
-4.81735e-24
-4.77282e-24
-4.7489e-24
-4.75229e-24
-4.78739e-24
-4.85345e-24
-4.94366e-24
-5.04644e-24
-5.14875e-24
-5.23897e-24
-5.31002e-24
-5.35874e-24
-5.38475e-24
-5.3906e-24
-5.38004e-24
-5.35801e-24
-5.32943e-24
-5.29935e-24
-5.27267e-24
-5.2541e-24
-5.24701e-24
-5.25361e-24
-5.27467e-24
-5.30957e-24
-5.35619e-24
-5.41128e-24
-5.47125e-24
-5.53213e-24
-5.5906e-24
-5.6442e-24
-5.69061e-24
-5.72825e-24
-5.75684e-24
-5.77595e-24
-5.78574e-24
-5.78617e-24
-5.77737e-24
-5.75876e-24
-5.72966e-24
-5.68912e-24
-5.63588e-24
-5.57011e-24
-5.49323e-24
-5.409e-24
-5.32412e-24
-5.24783e-24
-5.18996e-24
-5.15864e-24
-5.15775e-24
-5.18609e-24
-5.23683e-24
-5.29913e-24
-5.3609e-24
-5.41068e-24
-5.4388e-24
-5.44068e-24
-5.41772e-24
-5.37916e-24
-5.3422e-24
-5.32748e-24
-5.35161e-24
-5.4199e-24
-5.52343e-24
-5.64374e-24
-5.75971e-24
-5.85407e-24
-5.91623e-24
-5.94265e-24
-5.93507e-24
-5.89992e-24
-5.84838e-24
-5.79589e-24
-5.75832e-24
-5.74862e-24
-5.77216e-24
-5.823e-24
-5.88729e-24
-5.94769e-24
-5.98834e-24
-5.99934e-24
-5.97813e-24
-5.92949e-24
-5.86426e-24
-5.79671e-24
-5.74196e-24
-5.71084e-24
-5.70749e-24
-5.72995e-24
-5.77269e-24
-5.82898e-24
-5.8932e-24
-5.96105e-24
-6.0284e-24
-6.09173e-24
-6.14798e-24
-6.19573e-24
-6.2338e-24
-6.26332e-24
-6.28611e-24
-6.30429e-24
-6.32015e-24
-6.33484e-24
-6.34833e-24
-6.35866e-24
-6.363e-24
-6.35754e-24
-6.33815e-24
-6.3018e-24
-6.24722e-24
-6.17574e-24
-6.09164e-24
-6.00283e-24
-5.91943e-24
-5.85316e-24
-5.81388e-24
-5.80867e-24
-5.83885e-24
-5.89953e-24
-5.98223e-24
-6.07703e-24
-6.17434e-24
-6.2672e-24
-6.35174e-24
-6.42639e-24
-6.49115e-24
-6.54723e-24
-6.59606e-24
-6.63891e-24
-6.67727e-24
-6.71252e-24
-6.74579e-24
-6.77784e-24
-6.8096e-24
-6.8408e-24
-6.87157e-24
-6.90077e-24
-6.92648e-24
-6.94655e-24
-6.9574e-24
-6.95463e-24
-6.93429e-24
-6.89224e-24
-6.82657e-24
-6.73835e-24
-6.63351e-24
-6.52335e-24
-6.42205e-24
-6.3448e-24
-6.30256e-24
-6.30229e-24
-6.34597e-24
-6.43177e-24
-6.55236e-24
-6.6956e-24
-6.84437e-24
-6.98004e-24
-7.08648e-24
-7.15166e-24
-7.16814e-24
-7.13271e-24
-7.04416e-24
-6.90453e-24
-6.71932e-24
-6.49787e-24
-6.25515e-24
-6.01144e-24
-5.78839e-24
-5.60879e-24
-5.49137e-24
-5.45059e-24
-5.49028e-24
-5.60341e-24
-5.77081e-24
-5.96794e-24
-6.17153e-24
-6.36434e-24
-6.53569e-24
-6.68089e-24
-6.79758e-24
-6.88629e-24
-6.9491e-24
-6.9886e-24
-7.00743e-24
-7.00855e-24
-6.99531e-24
-6.97045e-24
-6.93737e-24
-6.89941e-24
-6.85971e-24
-6.82228e-24
-6.79003e-24
-6.76562e-24
-6.75084e-24
-6.74619e-24
-6.75171e-24
-6.76586e-24
-6.78654e-24
-6.8119e-24
-6.84017e-24
-6.8697e-24
-6.89909e-24
-6.92807e-24
-6.95579e-24
-6.98312e-24
-7.00949e-24
-7.03523e-24
-7.06007e-24
-7.08453e-24
-7.10816e-24
-7.13078e-24
-7.15177e-24
-7.17061e-24
-7.18596e-24
-7.19632e-24
-7.19909e-24
-7.19146e-24
-7.16846e-24
-7.12364e-24
-7.04942e-24
-6.93568e-24
-6.77358e-24
-6.55664e-24
-6.29086e-24
-6.00319e-24
-5.7466e-24
-5.58677e-24
-5.56929e-24
-5.68838e-24
-5.89235e-24
-6.11523e-24
-6.30856e-24
-6.44926e-24
-6.53225e-24
-6.56204e-24
-6.54601e-24
-6.49428e-24
-6.41801e-24
-6.33169e-24
-6.25286e-24
-6.19964e-24
-6.18604e-24
-6.21728e-24
-6.28927e-24
-6.38947e-24
-6.50171e-24
-6.6113e-24
-6.70735e-24
-6.78355e-24
-6.83713e-24
-6.86823e-24
-6.87786e-24
-6.86706e-24
-6.83669e-24
-6.78626e-24
-6.71291e-24
-6.61255e-24
-6.47956e-24
-6.30957e-24
-6.10321e-24
-5.87138e-24
-5.64067e-24
-5.45165e-24
-5.34995e-24
-5.36599e-24
-5.49817e-24
-5.71271e-24
-5.95918e-24
-6.19254e-24
-6.38363e-24
-6.52039e-24
-6.60251e-24
-6.63537e-24
-6.62654e-24
-6.58365e-24
-6.51532e-24
-6.42983e-24
-6.33762e-24
-6.25026e-24
-6.18043e-24
-6.13905e-24
-6.13178e-24
-6.15777e-24
-6.20982e-24
-6.27702e-24
-6.34816e-24
-6.41425e-24
-6.46972e-24
-6.51214e-24
-6.54043e-24
-6.55494e-24
-6.55604e-24
-6.54405e-24
-6.51822e-24
-6.478e-24
-6.42139e-24
-6.34699e-24
-6.25342e-24
-6.14047e-24
-6.00979e-24
-5.86573e-24
-5.71684e-24
-5.57586e-24
-5.45568e-24
-5.36778e-24
-5.31613e-24
-5.29606e-24
-5.29625e-24
-5.30336e-24
-5.30599e-24
-5.2978e-24
-5.27759e-24
-5.24845e-24
-5.21634e-24
-5.1871e-24
-5.16595e-24
-5.15544e-24
-5.15462e-24
-5.16297e-24
-5.18011e-24
-5.2075e-24
-5.24919e-24
-5.30859e-24
-5.3872e-24
-5.48193e-24
-5.58576e-24
-5.68936e-24
-5.78275e-24
-5.85882e-24
-5.91288e-24
-5.94239e-24
-5.94754e-24
-5.92941e-24
-5.88985e-24
-5.83132e-24
-5.75779e-24
-5.67407e-24
-5.58657e-24
-5.50278e-24
-5.4307e-24
-5.37676e-24
-5.34472e-24
-5.33489e-24
-5.34404e-24
-5.36605e-24
-5.39433e-24
-5.423e-24
-5.44746e-24
-5.46545e-24
-5.47561e-24
-5.4781e-24
-5.47346e-24
-5.46264e-24
-5.44703e-24
-5.42753e-24
-5.40519e-24
-5.38085e-24
-5.35483e-24
-5.32775e-24
-5.30015e-24
-5.27181e-24
-5.24351e-24
-5.21606e-24
-5.19031e-24
-5.16766e-24
-5.14989e-24
-5.13897e-24
-5.13609e-24
-5.14164e-24
-5.15453e-24
-5.17251e-24
-5.19287e-24
-5.21291e-24
-5.23012e-24
-5.24394e-24
-5.25458e-24
-5.26377e-24
-5.27332e-24
-5.28508e-24
-5.29907e-24
-5.31455e-24
-5.3287e-24
-5.33795e-24
-5.33848e-24
-5.32654e-24
-5.30006e-24
-5.2584e-24
-5.20387e-24
-5.14097e-24
-5.0769e-24
-5.01944e-24
-4.97596e-24
-4.95123e-24
-4.94635e-24
-4.9588e-24
-4.98406e-24
-5.01744e-24
-5.05573e-24
-5.09876e-24
-5.14701e-24
-5.20241e-24
-5.26694e-24
-5.34054e-24
-5.421e-24
-5.5042e-24
-5.58557e-24
-5.66071e-24
-5.72638e-24
-5.78079e-24
-5.82405e-24
-5.8575e-24
-5.88355e-24
-5.90458e-24
-5.92282e-24
-5.93988e-24
-5.95614e-24
-5.97167e-24
-5.98487e-24
-5.99408e-24
-5.99707e-24
-5.99188e-24
-5.97607e-24
-5.94673e-24
-5.89881e-24
-5.82556e-24
-5.71665e-24
-5.56053e-24
-5.35057e-24
-5.09794e-24
-4.84507e-24
-4.66543e-24
-4.63344e-24
-4.7719e-24
-5.03351e-24
-5.33489e-24
-5.60441e-24
-5.80558e-24
-5.93029e-24
-5.98635e-24
-5.98643e-24
-5.94644e-24
-5.88182e-24
-5.80862e-24
-5.74076e-24
-5.68723e-24
-5.64977e-24
-5.62346e-24
-5.60001e-24
-5.57377e-24
-5.54569e-24
-5.5259e-24
-5.52781e-24
-5.56293e-24
-5.63423e-24
-5.73582e-24
-5.85579e-24
-5.98161e-24
-6.10262e-24
-6.21245e-24
-6.308e-24
-6.38907e-24
-6.45683e-24
-6.51347e-24
-6.56127e-24
-6.60242e-24
-6.63857e-24
-6.67113e-24
-6.70079e-24
-6.72782e-24
-6.75223e-24
-6.77414e-24
-6.79309e-24
-6.80943e-24
-6.82239e-24
-6.83184e-24
-6.83784e-24
-6.84025e-24
-6.83928e-24
-6.8347e-24
-6.82689e-24
-6.81641e-24
-6.80376e-24
-6.78904e-24
-6.77308e-24
-6.7554e-24
-6.73568e-24
-6.71193e-24
-6.6817e-24
-6.6416e-24
-6.58768e-24
-6.51528e-24
-6.41956e-24
-6.29651e-24
-6.14509e-24
-5.96993e-24
-5.78614e-24
-5.62372e-24
-5.5245e-24
-5.5288e-24
-5.65478e-24
-5.88401e-24
-6.17016e-24
-6.46233e-24
-6.72301e-24
-6.93335e-24
-7.0898e-24
-7.19648e-24
-7.2603e-24
-7.28888e-24
-7.28848e-24
-7.26404e-24
-7.21898e-24
-7.1567e-24
-7.07958e-24
-6.9907e-24
-6.89349e-24
-6.79323e-24
-6.69567e-24
-6.60726e-24
-6.53286e-24
-6.47555e-24
-6.43409e-24
-6.40255e-24
-6.37293e-24
-6.33752e-24
-6.29573e-24
-6.25611e-24
-6.2375e-24
-6.26189e-24
-6.34508e-24
-6.4866e-24
-6.66849e-24
-6.86518e-24
-7.05312e-24
-7.21663e-24
-7.34909e-24
-7.44979e-24
-7.5211e-24
-7.56633e-24
-7.58868e-24
-7.59042e-24
-7.57276e-24
-7.53609e-24
-7.47978e-24
-7.40318e-24
-7.30601e-24
-7.18824e-24
-7.05218e-24
-6.90307e-24
-6.74889e-24
-6.60263e-24
-6.47872e-24
-6.39172e-24
-6.35156e-24
-6.36055e-24
-6.41285e-24
-6.49711e-24
-6.60121e-24
-6.71445e-24
-6.82939e-24
-6.94092e-24
-7.04538e-24
-7.13821e-24
-7.21327e-24
-7.26385e-24
-7.27972e-24
-7.25066e-24
-7.1694e-24
-7.03647e-24
-6.86817e-24
-6.7034e-24
-6.59613e-24
-6.59286e-24
-6.70587e-24
-6.90366e-24
-7.13431e-24
-7.35184e-24
-7.53181e-24
-7.66743e-24
-7.76374e-24
-7.82947e-24
-7.87337e-24
-7.90255e-24
-7.922e-24
-7.93502e-24
-7.9442e-24
-7.95034e-24
-7.95451e-24
-7.95733e-24
-7.96011e-24
-7.96347e-24
-7.9687e-24
-7.9775e-24
-7.99084e-24
-8.00998e-24
-8.03533e-24
-8.06623e-24
-8.10054e-24
-8.13334e-24
-8.15686e-24
-8.15958e-24
-8.12537e-24
-8.03525e-24
-7.87298e-24
-7.63778e-24
-7.36356e-24
-7.13009e-24
-7.03834e-24
-7.14325e-24
-7.40724e-24
-7.73133e-24
-8.02285e-24
-8.23251e-24
-8.34925e-24
-8.37919e-24
-8.33029e-24
-8.20305e-24
-7.98922e-24
-7.67704e-24
-7.2704e-24
-6.82146e-24
-6.45254e-24
-6.31223e-24
-6.46348e-24
-6.82314e-24
-7.24012e-24
-7.60479e-24
-7.87951e-24
-8.07259e-24
-8.20757e-24
-8.30692e-24
-8.38776e-24
-8.46105e-24
-8.53392e-24
-8.60924e-24
-8.68747e-24
-8.76594e-24
-8.84014e-24
-8.90479e-24
-8.95408e-24
-8.98271e-24
-8.9853e-24
-8.95799e-24
-8.89801e-24
-8.80528e-24
-8.68349e-24
-8.54191e-24
-8.39555e-24
-8.26273e-24
-8.16235e-24
-8.10773e-24
-8.10408e-24
-8.14731e-24
-8.22566e-24
-8.32326e-24
-8.42192e-24
-8.50319e-24
-8.549e-24
-8.54271e-24
-8.47009e-24
-8.32344e-24
-8.11067e-24
-7.8654e-24
-7.65052e-24
-7.53907e-24
-7.57261e-24
-7.73372e-24
-7.95985e-24
-8.18487e-24
-8.36825e-24
-8.49682e-24
-8.57578e-24
-8.61702e-24
-8.63323e-24
-8.63499e-24
-8.62862e-24
-8.61721e-24
-8.60031e-24
-8.575e-24
-8.53691e-24
-8.4837e-24
-8.41496e-24
-8.33501e-24
-8.25279e-24
-8.1786e-24
-8.1201e-24
-8.07947e-24
-8.05135e-24
-8.02604e-24
-7.99473e-24
-7.95324e-24
-7.90518e-24
-7.86061e-24
-7.83321e-24
-7.83383e-24
-7.86502e-24
-7.91844e-24
-7.97815e-24
-8.02798e-24
-8.0557e-24
-8.05663e-24
-8.03207e-24
-7.9878e-24
-7.932e-24
-7.87422e-24
-7.822e-24
-7.78234e-24
-7.7569e-24
-7.74449e-24
-7.74016e-24
-7.73571e-24
-7.72255e-24
-7.69212e-24
-7.63823e-24
-7.55844e-24
-7.45552e-24
-7.33695e-24
-7.21531e-24
-7.10543e-24
-7.02178e-24
-6.97587e-24
-6.97366e-24
-7.01207e-24
-7.07956e-24
-7.15852e-24
-7.23029e-24
-7.27956e-24
-7.29696e-24
-7.28091e-24
-7.23659e-24
-7.17205e-24
-7.09815e-24
-7.02576e-24
-6.96413e-24
-6.92066e-24
-6.90019e-24
-6.90478e-24
-6.93246e-24
-6.97899e-24
-7.03611e-24
-7.09527e-24
-7.14944e-24
-7.194e-24
-7.22748e-24
-7.2503e-24
-7.26495e-24
-7.27361e-24
-7.27924e-24
-7.28368e-24
-7.28801e-24
-7.29316e-24
-7.29918e-24
-7.3053e-24
-7.31135e-24
-7.31685e-24
-7.32163e-24
-7.32552e-24
-7.32764e-24
-7.32833e-24
-7.32759e-24
-7.32484e-24
-7.32037e-24
-7.31395e-24
-7.305e-24
-7.29349e-24
-7.27868e-24
-7.26005e-24
-7.23719e-24
-7.20926e-24
-7.17574e-24
-7.1372e-24
-7.09394e-24
-7.04801e-24
-7.00214e-24
-6.95999e-24
-6.92615e-24
-6.90432e-24
-6.8968e-24
-6.90314e-24
-6.92107e-24
-6.94561e-24
-6.97202e-24
-6.99579e-24
-7.01445e-24
-7.02697e-24
-7.03445e-24
-7.03905e-24
-7.04372e-24
-7.05077e-24
-7.06174e-24
-7.07811e-24
-7.09917e-24
-7.12474e-24
-7.15287e-24
-7.18199e-24
-7.20964e-24
-7.23395e-24
-7.25229e-24
-7.26272e-24
-7.2632e-24
-7.2524e-24
-7.22941e-24
-7.19316e-24
-7.14393e-24
-7.08276e-24
-7.01065e-24
-6.93014e-24
-6.84388e-24
-6.75699e-24
-6.67688e-24
-6.61335e-24
-6.57821e-24
-6.58147e-24
-6.62785e-24
-6.71301e-24
-6.82475e-24
-6.94608e-24
-7.05821e-24
-7.14412e-24
-7.18821e-24
-7.17542e-24
-7.0912e-24
-6.92219e-24
-6.66234e-24
-6.32472e-24
-5.95438e-24
-5.62641e-24
-5.41725e-24
-5.35827e-24
-5.43135e-24
-5.56847e-24
-5.72164e-24
-5.86963e-24
-6.01072e-24
-6.148e-24
-6.28194e-24
-6.40842e-24
-6.52168e-24
-6.61683e-24
-6.69144e-24
-6.74548e-24
-6.78004e-24
-6.7976e-24
-6.80058e-24
-6.79193e-24
-6.7729e-24
-6.7451e-24
-6.70936e-24
-6.66518e-24
-6.61234e-24
-6.54985e-24
-6.47757e-24
-6.39486e-24
-6.30279e-24
-6.20411e-24
-6.10412e-24
-6.01047e-24
-5.93231e-24
-5.87826e-24
-5.85368e-24
-5.85949e-24
-5.89112e-24
-5.94003e-24
-5.99747e-24
-6.055e-24
-6.10691e-24
-6.14973e-24
-6.18214e-24
-6.20393e-24
-6.21589e-24
-6.21884e-24
-6.21415e-24
-6.20324e-24
-6.18647e-24
-6.16556e-24
-6.14156e-24
-6.11583e-24
-6.08953e-24
-6.06482e-24
-6.04271e-24
-6.02486e-24
-6.0121e-24
-6.00489e-24
-6.00227e-24
-6.00355e-24
-6.00592e-24
-6.00738e-24
-6.00551e-24
-5.9981e-24
-5.98408e-24
-5.9635e-24
-5.93711e-24
-5.90696e-24
-5.87626e-24
-5.84846e-24
-5.82641e-24
-5.81245e-24
-5.80777e-24
-5.81262e-24
-5.82574e-24
-5.84479e-24
-5.86848e-24
-5.89401e-24
-5.91983e-24
-5.94378e-24
-5.96482e-24
-5.98134e-24
-5.99267e-24
-5.99844e-24
-5.99857e-24
-5.99328e-24
-5.9835e-24
-5.97074e-24
-5.95694e-24
-5.9441e-24
-5.93473e-24
-5.93173e-24
-5.93737e-24
-5.95452e-24
-5.9854e-24
-6.03031e-24
-6.08856e-24
-6.15711e-24
-6.23161e-24
-6.30643e-24
-6.37745e-24
-6.43973e-24
-6.49115e-24
-6.53093e-24
-6.56036e-24
-6.5827e-24
-6.60264e-24
-6.62468e-24
-6.654e-24
-6.69356e-24
-6.74406e-24
-6.80428e-24
-6.87032e-24
-6.93775e-24
-7.00188e-24
-7.05891e-24
-7.10605e-24
-7.1408e-24
-7.16231e-24
-7.16963e-24
-7.16279e-24
-7.14208e-24
-7.10806e-24
-7.06148e-24
-7.00307e-24
-6.93394e-24
-6.85528e-24
-6.7686e-24
-6.67501e-24
-6.57591e-24
-6.47363e-24
-6.37182e-24
-6.27554e-24
-6.1915e-24
-6.127e-24
-6.08739e-24
-6.0731e-24
-6.07842e-24
-6.09055e-24
-6.09618e-24
-6.08712e-24
-6.06845e-24
-6.06115e-24
-6.09415e-24
-6.18948e-24
-6.3504e-24
-6.56115e-24
-6.79809e-24
-7.04091e-24
-7.2753e-24
-7.49301e-24
-7.68765e-24
-7.8557e-24
-7.99467e-24
-8.10393e-24
-8.18356e-24
-8.23493e-24
-8.2595e-24
-8.25858e-24
-8.23359e-24
-8.186e-24
-8.11777e-24
-8.03162e-24
-7.9315e-24
-7.82292e-24
-7.71275e-24
-7.60756e-24
-7.51247e-24
-7.42982e-24
-7.35826e-24
-7.29483e-24
-7.23537e-24
-7.17769e-24
-7.12364e-24
-7.07797e-24
-7.04637e-24
-7.0329e-24
-7.03677e-24
-7.05364e-24
-7.07663e-24
-7.10007e-24
-7.12043e-24
-7.13897e-24
-7.15873e-24
-7.18392e-24
-7.21725e-24
-7.25999e-24
-7.31037e-24
-7.36671e-24
-7.42507e-24
-7.48255e-24
-7.53745e-24
-7.58851e-24
-7.63509e-24
-7.67704e-24
-7.71359e-24
-7.74423e-24
-7.76779e-24
-7.78298e-24
-7.78902e-24
-7.78532e-24
-7.77187e-24
-7.7493e-24
-7.71961e-24
-7.68472e-24
-7.64804e-24
-7.61276e-24
-7.58164e-24
-7.55681e-24
-7.54009e-24
-7.53275e-24
-7.53552e-24
-7.54895e-24
-7.57246e-24
-7.60444e-24
-7.64164e-24
-7.67828e-24
-7.70865e-24
-7.72657e-24
-7.72777e-24
-7.71025e-24
-7.67413e-24
-7.62175e-24
-7.558e-24
-7.49079e-24
-7.42914e-24
-7.38184e-24
-7.35312e-24
-7.34119e-24
-7.33741e-24
-7.33144e-24
-7.31519e-24
-7.28572e-24
-7.24496e-24
-7.19766e-24
-7.1482e-24
-7.10015e-24
-7.05703e-24
-7.02198e-24
-6.99965e-24
-6.99178e-24
-6.99735e-24
-7.01231e-24
-7.03102e-24
-7.05121e-24
-7.07332e-24
-7.10182e-24
-7.14242e-24
-7.19859e-24
-7.27157e-24
-7.35785e-24
-7.45142e-24
-7.54452e-24
-7.62975e-24
-7.70137e-24
-7.75622e-24
-7.79215e-24
-7.80963e-24
-7.81023e-24
-7.79679e-24
-7.77263e-24
-7.74135e-24
-7.70632e-24
-7.67052e-24
-7.63675e-24
-7.60675e-24
-7.58199e-24
-7.56329e-24
-7.55067e-24
-7.54482e-24
-7.54496e-24
-7.55116e-24
-7.56252e-24
-7.57746e-24
-7.5939e-24
-7.60872e-24
-7.61808e-24
-7.61721e-24
-7.59986e-24
-7.56033e-24
-7.4922e-24
-7.39063e-24
-7.25403e-24
-7.08657e-24
-6.90229e-24
-6.72475e-24
-6.58184e-24
-6.49891e-24
-6.48654e-24
-6.53807e-24
-6.63568e-24
-6.75888e-24
-6.89039e-24
-7.01851e-24
-7.13573e-24
-7.23803e-24
-7.32276e-24
-7.38953e-24
-7.43923e-24
-7.47348e-24
-7.49453e-24
-7.50484e-24
-7.50687e-24
-7.50267e-24
-7.49463e-24
-7.48398e-24
-7.47153e-24
-7.45715e-24
-7.43963e-24
-7.41663e-24
-7.38505e-24
-7.3405e-24
-7.27915e-24
-7.19832e-24
-7.09771e-24
-6.98166e-24
-6.85878e-24
-6.74226e-24
-6.64639e-24
-6.58172e-24
-6.55081e-24
-6.54795e-24
-6.5621e-24
-6.5818e-24
-6.59943e-24
-6.61242e-24
-6.62147e-24
-6.63007e-24
-6.64167e-24
-6.65903e-24
-6.68355e-24
-6.71568e-24
-6.75456e-24
-6.79901e-24
-6.84765e-24
-6.89877e-24
-6.95029e-24
-7.0005e-24
-7.04765e-24
-7.09017e-24
-7.12734e-24
-7.15868e-24
-7.18377e-24
-7.20261e-24
-7.21572e-24
-7.22315e-24
-7.22513e-24
-7.22207e-24
-7.21405e-24
-7.2012e-24
-7.18423e-24
-7.16322e-24
-7.13883e-24
-7.11149e-24
-7.08197e-24
-7.05152e-24
-7.02128e-24
-6.99212e-24
-6.96555e-24
-6.94194e-24
-6.92192e-24
-6.90528e-24
-6.89115e-24
-6.87798e-24
-6.86316e-24
-6.84351e-24
-6.81455e-24
-6.77202e-24
-6.71136e-24
-6.6298e-24
-6.52752e-24
-6.41076e-24
-6.2939e-24
-6.19814e-24
-6.14691e-24
-6.15729e-24
-6.23132e-24
-6.35518e-24
-6.50546e-24
-6.65888e-24
-6.79849e-24
-6.91563e-24
-7.00772e-24
-7.07626e-24
-7.12472e-24
-7.15677e-24
-7.17627e-24
-7.1861e-24
-7.18893e-24
-7.18753e-24
-7.18354e-24
-7.17841e-24
-7.17399e-24
-7.17127e-24
-7.1713e-24
-7.17435e-24
-7.18042e-24
-7.18955e-24
-7.20102e-24
-7.21394e-24
-7.22742e-24
-7.24039e-24
-7.25165e-24
-7.26035e-24
-7.2654e-24
-7.26638e-24
-7.2624e-24
-7.25337e-24
-7.23901e-24
-7.2192e-24
-7.19421e-24
-7.16468e-24
-7.1327e-24
-7.10139e-24
-7.07601e-24
-7.06297e-24
-7.07065e-24
-7.10606e-24
-7.17318e-24
-7.2715e-24
-7.39571e-24
-7.53582e-24
-7.68044e-24
-7.8192e-24
-7.9435e-24
-8.04786e-24
-8.12906e-24
-8.18544e-24
-8.21639e-24
-8.22145e-24
-8.19964e-24
-8.15008e-24
-8.07208e-24
-7.96678e-24
-7.83947e-24
-7.70147e-24
-7.57203e-24
-7.47516e-24
-7.43303e-24
-7.45756e-24
-7.54477e-24
-7.67675e-24
-7.82992e-24
-7.98317e-24
-8.12184e-24
-8.23755e-24
-8.32825e-24
-8.39384e-24
-8.43596e-24
-8.45645e-24
-8.45724e-24
-8.43996e-24
-8.40661e-24
-8.36014e-24
-8.30394e-24
-8.24305e-24
-8.18373e-24
-8.13325e-24
-8.09852e-24
-8.08532e-24
-8.09757e-24
-8.13629e-24
-8.19968e-24
-8.28427e-24
-8.38501e-24
-8.49594e-24
-8.61078e-24
-8.72315e-24
-8.82722e-24
-8.91719e-24
-8.98753e-24
-9.03276e-24
-9.04735e-24
-9.02595e-24
-8.96341e-24
-8.8562e-24
-8.70362e-24
-8.51039e-24
-8.28614e-24
-8.04608e-24
-7.80661e-24
-7.58052e-24
-7.37456e-24
-7.19212e-24
-7.03838e-24
-6.92471e-24
-6.86719e-24
-6.88026e-24
-6.96681e-24
-7.11662e-24
-7.3069e-24
-7.51167e-24
-7.70849e-24
-7.8823e-24
-8.02694e-24
-8.1437e-24
-8.23773e-24
-8.31536e-24
-8.38235e-24
-8.44256e-24
-8.49649e-24
-8.5435e-24
-8.58145e-24
-8.60832e-24
-8.62234e-24
-8.62236e-24
-8.60742e-24
-8.57712e-24
-8.53031e-24
-8.4669e-24
-8.38581e-24
-8.28643e-24
-8.16812e-24
-8.0322e-24
-7.88159e-24
-7.72346e-24
-7.56861e-24
-7.43212e-24
-7.32995e-24
-7.27457e-24
-7.27101e-24
-7.31569e-24
-7.39882e-24
-7.50758e-24
-7.62984e-24
-7.75564e-24
-7.87755e-24
-7.98999e-24
-8.08919e-24
-8.17283e-24
-8.23864e-24
-8.28564e-24
-8.31276e-24
-8.31942e-24
-8.30424e-24
-8.26781e-24
-8.21139e-24
-8.13953e-24
-8.05984e-24
-7.98302e-24
-7.92113e-24
-7.88438e-24
-7.87662e-24
-7.89514e-24
-7.93066e-24
-7.97174e-24
-8.00985e-24
-8.04111e-24
-8.066e-24
-8.08816e-24
-8.11109e-24
-8.13668e-24
-8.16441e-24
-8.19026e-24
-8.20905e-24
-8.21527e-24
-8.20438e-24
-8.17224e-24
-8.11644e-24
-8.03564e-24
-7.92986e-24
-7.80083e-24
-7.65414e-24
-7.49933e-24
-7.34932e-24
-7.21957e-24
-7.12345e-24
-7.06857e-24
-7.05416e-24
-7.07226e-24
-7.11285e-24
-7.16803e-24
-7.23505e-24
-7.31636e-24
-7.41614e-24
-7.53692e-24
-7.67813e-24
-7.83327e-24
-7.99382e-24
-8.14897e-24
-8.28977e-24
-8.40959e-24
-8.50397e-24
-8.5708e-24
-8.60962e-24
-8.62109e-24
-8.60718e-24
-8.57019e-24
-8.51361e-24
-8.4406e-24
-8.35516e-24
-8.26083e-24
-8.16155e-24
-8.05915e-24
-7.95634e-24
-7.85456e-24
-7.75603e-24
-7.66438e-24
-7.58481e-24
-7.52253e-24
-7.48158e-24
-7.46161e-24
-7.45779e-24
-7.45948e-24
-7.45595e-24
-7.43608e-24
-7.39238e-24
-7.32117e-24
-7.22411e-24
-7.10662e-24
-6.97885e-24
-6.85412e-24
-6.74755e-24
-6.6707e-24
-6.62939e-24
-6.62102e-24
-6.63476e-24
-6.65629e-24
-6.67257e-24
-6.67609e-24
-6.66657e-24
-6.65103e-24
-6.64174e-24
-6.65082e-24
-6.68545e-24
-6.74472e-24
-6.82021e-24
-6.89957e-24
-6.97128e-24
-7.02743e-24
-7.06416e-24
-7.08118e-24
-7.08018e-24
-7.06453e-24
-7.03751e-24
-7.00252e-24
-6.9625e-24
-6.92029e-24
-6.8783e-24
-6.83794e-24
-6.80107e-24
-6.76876e-24
-6.7411e-24
-6.71882e-24
-6.702e-24
-6.69055e-24
-6.68369e-24
-6.68141e-24
-6.6827e-24
-6.68657e-24
-6.69194e-24
-6.69761e-24
-6.70194e-24
-6.70373e-24
-6.70155e-24
-6.69373e-24
-6.67914e-24
-6.65716e-24
-6.62699e-24
-6.58849e-24
-6.54202e-24
-6.48848e-24
-6.42979e-24
-6.36851e-24
-6.30753e-24
-6.25168e-24
-6.20617e-24
-6.17661e-24
-6.1682e-24
-6.185e-24
-6.22729e-24
-6.29316e-24
-6.37701e-24
-6.47217e-24
-6.57137e-24
-6.66823e-24
-6.757e-24
-6.83359e-24
-6.89516e-24
-6.93949e-24
-6.96504e-24
-6.97148e-24
-6.95891e-24
-6.92741e-24
-6.8777e-24
-6.81143e-24
-6.73177e-24
-6.64442e-24
-6.55765e-24
-6.48093e-24
-6.41949e-24
-6.37212e-24
-6.32849e-24
-6.27517e-24
-6.2045e-24
-6.12448e-24
-6.06052e-24
-6.04532e-24
-6.09868e-24
-6.21247e-24
-6.35353e-24
-6.48124e-24
-6.56506e-24
-6.59173e-24
-6.5637e-24
-6.49474e-24
-6.4054e-24
-6.31865e-24
-6.25654e-24
-6.23599e-24
-6.26681e-24
-6.34885e-24
-6.47177e-24
-6.6195e-24
-6.77499e-24
-6.92333e-24
-7.05501e-24
-7.16553e-24
-7.25361e-24
-7.32115e-24
-7.36978e-24
-7.40266e-24
-7.42209e-24
-7.43014e-24
-7.42819e-24
-7.41717e-24
-7.39804e-24
-7.37041e-24
-7.3339e-24
-7.28755e-24
-7.22988e-24
-7.1586e-24
-7.07106e-24
-6.96378e-24
-6.83317e-24
-6.67755e-24
-6.49872e-24
-6.30623e-24
-6.1195e-24
-5.96593e-24
-5.8733e-24
-5.85685e-24
-5.91044e-24
-6.01006e-24
-6.12495e-24
-6.23047e-24
-6.31262e-24
-6.36697e-24
-6.39584e-24
-6.40464e-24
-6.39935e-24
-6.38537e-24
-6.36699e-24
-6.34788e-24
-6.33088e-24
-6.31796e-24
-6.31055e-24
-6.30962e-24
-6.31535e-24
-6.3276e-24
-6.34505e-24
-6.36613e-24
-6.38866e-24
-6.41113e-24
-6.43157e-24
-6.4492e-24
-6.46407e-24
-6.47672e-24
-6.48814e-24
-6.50014e-24
-6.51409e-24
-6.53107e-24
-6.55121e-24
-6.57437e-24
-6.59968e-24
-6.62587e-24
-6.6517e-24
-6.67598e-24
-6.69758e-24
-6.716e-24
-6.73052e-24
-6.7411e-24
-6.74725e-24
-6.74882e-24
-6.74515e-24
-6.73485e-24
-6.71655e-24
-6.6877e-24
-6.64564e-24
-6.58775e-24
-6.51113e-24
-6.41539e-24
-6.3024e-24
-6.17926e-24
-6.05799e-24
-5.95409e-24
-5.88434e-24
-5.86051e-24
-5.88577e-24
-5.95378e-24
-6.05128e-24
-6.16359e-24
-6.27639e-24
-6.37937e-24
-6.46465e-24
-6.52875e-24
-6.57018e-24
-6.59074e-24
-6.59524e-24
-6.59095e-24
-6.58622e-24
-6.58872e-24
-6.60301e-24
-6.63014e-24
-6.667e-24
-6.70894e-24
-6.75076e-24
-6.78812e-24
-6.8191e-24
-6.84414e-24
-6.8651e-24
-6.88445e-24
-6.90531e-24
-6.93008e-24
-6.95959e-24
-6.99341e-24
-7.028e-24
-7.05796e-24
-7.07666e-24
-7.07765e-24
-7.05554e-24
-7.01045e-24
-6.95049e-24
-6.89444e-24
-6.87056e-24
-6.9064e-24
-7.01531e-24
-7.18803e-24
-7.39661e-24
-7.60723e-24
-7.79331e-24
-7.93932e-24
-8.03961e-24
-8.09443e-24
-8.10702e-24
-8.08028e-24
-8.01699e-24
-7.91935e-24
-7.78997e-24
-7.63454e-24
-7.46294e-24
-7.29059e-24
-7.13669e-24
-7.0189e-24
-6.94869e-24
-6.92815e-24
-6.95442e-24
-7.02294e-24
-7.12761e-24
-7.25954e-24
-7.40679e-24
-7.55659e-24
-7.70028e-24
-7.83421e-24
-7.95892e-24
-8.07643e-24
-8.18666e-24
-8.28711e-24
-8.37466e-24
-8.44624e-24
-8.5007e-24
-8.53884e-24
-8.5634e-24
-8.57891e-24
-8.58859e-24
-8.5955e-24
-8.60021e-24
-8.60157e-24
-8.59772e-24
-8.58602e-24
-8.56485e-24
-8.53398e-24
-8.49404e-24
-8.44599e-24
-8.3897e-24
-8.32289e-24
-8.2411e-24
-8.14079e-24
-8.02082e-24
-7.88598e-24
-7.74733e-24
-7.62032e-24
-7.52186e-24
-7.46542e-24
-7.45879e-24
-7.50326e-24
-7.59352e-24
-7.71883e-24
-7.86688e-24
-8.02484e-24
-8.18073e-24
-8.3248e-24
-8.44904e-24
-8.54719e-24
-8.61424e-24
-8.64736e-24
-8.64573e-24
-8.61233e-24
-8.55368e-24
-8.48007e-24
-8.4034e-24
-8.33502e-24
-8.28198e-24
-8.24501e-24
-8.2196e-24
-8.19736e-24
-8.17073e-24
-8.13453e-24
-8.08676e-24
-8.02842e-24
-7.96266e-24
-7.89395e-24
-7.82659e-24
-7.76453e-24
-7.71071e-24
-7.66668e-24
-7.63317e-24
-7.60966e-24
-7.59515e-24
-7.58835e-24
-7.58781e-24
-7.5922e-24
-7.59984e-24
-7.60944e-24
-7.61898e-24
-7.62718e-24
-7.63196e-24
-7.63155e-24
-7.62475e-24
-7.61085e-24
-7.58943e-24
-7.56126e-24
-7.52728e-24
-7.4885e-24
-7.44666e-24
-7.4032e-24
-7.35953e-24
-7.31687e-24
-7.27659e-24
-7.23891e-24
-7.20437e-24
-7.1728e-24
-7.14383e-24
-7.11682e-24
-7.09079e-24
-7.06456e-24
-7.03647e-24
-7.00477e-24
-6.96734e-24
-6.92292e-24
-6.87014e-24
-6.80865e-24
-6.73952e-24
-6.6662e-24
-6.59413e-24
-6.53148e-24
-6.48633e-24
-6.46552e-24
-6.47129e-24
-6.50054e-24
-6.54582e-24
-6.59739e-24
-6.64572e-24
-6.68419e-24
-6.70964e-24
-6.72193e-24
-6.72331e-24
-6.71709e-24
-6.70711e-24
-6.69635e-24
-6.68708e-24
-6.67999e-24
-6.67434e-24
-6.66927e-24
-6.6624e-24
-6.65148e-24
-6.63533e-24
-6.61263e-24
-6.58202e-24
-6.54341e-24
-6.49681e-24
-6.44283e-24
-6.38326e-24
-6.32056e-24
-6.25815e-24
-6.20085e-24
-6.15368e-24
-6.12181e-24
-6.10939e-24
-6.11784e-24
-6.14652e-24
-6.19233e-24
-6.25004e-24
-6.31421e-24
-6.37985e-24
-6.44214e-24
-6.4986e-24
-6.54735e-24
-6.58735e-24
-6.61822e-24
-6.63999e-24
-6.652e-24
-6.6542e-24
-6.64586e-24
-6.62703e-24
-6.59693e-24
-6.5552e-24
-6.50157e-24
-6.43474e-24
-6.35304e-24
-6.25358e-24
-6.13234e-24
-5.98552e-24
-5.81123e-24
-5.61764e-24
-5.42794e-24
-5.28443e-24
-5.23672e-24
-5.31694e-24
-5.51823e-24
-5.79593e-24
-6.09378e-24
-6.36665e-24
-6.59117e-24
-6.76117e-24
-6.87983e-24
-6.95444e-24
-6.99238e-24
-7.00057e-24
-6.98603e-24
-6.95599e-24
-6.9188e-24
-6.88379e-24
-6.86047e-24
-6.85677e-24
-6.87662e-24
-6.91984e-24
-6.98189e-24
-7.05591e-24
-7.13481e-24
-7.21278e-24
-7.28567e-24
-7.35156e-24
-7.40966e-24
-7.46078e-24
-7.50585e-24
-7.54572e-24
-7.58186e-24
-7.61532e-24
-7.64628e-24
-7.67561e-24
-7.70364e-24
-7.73038e-24
-7.75614e-24
-7.78121e-24
-7.80502e-24
-7.82803e-24
-7.84952e-24
-7.86982e-24
-7.88836e-24
-7.9055e-24
-7.92064e-24
-7.93392e-24
-7.94525e-24
-7.95458e-24
-7.96182e-24
-7.96756e-24
-7.97151e-24
-7.97394e-24
-7.97522e-24
-7.97526e-24
-7.97463e-24
-7.97286e-24
-7.97025e-24
-7.96704e-24
-7.96366e-24
-7.96119e-24
-7.96025e-24
-7.96279e-24
-7.97044e-24
-7.98522e-24
-8.00822e-24
-8.03992e-24
-8.08025e-24
-8.12745e-24
-8.18024e-24
-8.23651e-24
-8.29446e-24
-8.35295e-24
-8.41081e-24
-8.46752e-24
-8.5224e-24
-8.57435e-24
-8.62283e-24
-8.66729e-24
-8.70831e-24
-8.74687e-24
-8.78402e-24
-8.82109e-24
-8.85758e-24
-8.89168e-24
-8.92031e-24
-8.94035e-24
-8.94927e-24
-8.94731e-24
-8.93575e-24
-8.91914e-24
-8.90272e-24
-8.89054e-24
-8.88554e-24
-8.88686e-24
-8.89173e-24
-8.89523e-24
-8.89277e-24
-8.8805e-24
-8.85738e-24
-8.8242e-24
-8.78452e-24
-8.7427e-24
-8.70367e-24
-8.67191e-24
-8.65078e-24
-8.64181e-24
-8.64503e-24
-8.65969e-24
-8.68385e-24
-8.71526e-24
-8.752e-24
-8.79195e-24
-8.83351e-24
-8.8748e-24
-8.91418e-24
-8.9494e-24
-8.97868e-24
-9.0008e-24
-9.01399e-24
-9.01742e-24
-9.01079e-24
-8.99371e-24
-8.96637e-24
-8.92961e-24
-8.88423e-24
-8.83134e-24
-8.77338e-24
-8.71167e-24
-8.64911e-24
-8.58788e-24
-8.53055e-24
-8.47883e-24
-8.43516e-24
-8.40255e-24
-8.38478e-24
-8.38542e-24
-8.4068e-24
-8.44769e-24
-8.50206e-24
-8.56096e-24
-8.61361e-24
-8.64975e-24
-8.66189e-24
-8.64645e-24
-8.60438e-24
-8.54175e-24
-8.47004e-24
-8.40451e-24
-8.36053e-24
-8.34909e-24
-8.37265e-24
-8.4245e-24
-8.49148e-24
-8.55869e-24
-8.61391e-24
-8.64873e-24
-8.65879e-24
-8.64267e-24
-8.60148e-24
-8.53696e-24
-8.45234e-24
-8.35167e-24
-8.24077e-24
-8.12611e-24
-8.01565e-24
-7.91734e-24
-7.83817e-24
-7.78309e-24
-7.75479e-24
-7.75183e-24
-7.76996e-24
-7.80306e-24
-7.84421e-24
-7.88763e-24
-7.92919e-24
-7.96679e-24
-7.99939e-24
-8.02717e-24
-8.0498e-24
-8.06747e-24
-8.07955e-24
-8.08502e-24
-8.08306e-24
-8.0728e-24
-8.05331e-24
-8.02358e-24
-7.98386e-24
-7.93299e-24
-7.8702e-24
-7.79524e-24
-7.70787e-24
-7.61028e-24
-7.50713e-24
-7.40732e-24
-7.32471e-24
-7.27512e-24
-7.27172e-24
-7.31907e-24
-7.40931e-24
-7.52539e-24
-7.64709e-24
-7.75632e-24
-7.84097e-24
-7.89525e-24
-7.91898e-24
-7.91581e-24
-7.89214e-24
-7.85659e-24
-7.81893e-24
-7.78816e-24
-7.77139e-24
-7.77142e-24
-7.7864e-24
-7.81099e-24
-7.83831e-24
-7.86175e-24
-7.87634e-24
-7.87953e-24
-7.87124e-24
-7.85111e-24
-7.81707e-24
-7.76644e-24
-7.69209e-24
-7.58738e-24
-7.44686e-24
-7.27315e-24
-7.08157e-24
-6.90348e-24
-6.77982e-24
-6.74788e-24
-6.82343e-24
-6.99308e-24
-7.21991e-24
-7.45991e-24
-7.6785e-24
-7.85758e-24
-7.99502e-24
-8.09975e-24
-8.18522e-24
-8.26352e-24
-8.3419e-24
-8.42198e-24
-8.50097e-24
-8.57437e-24
-8.63796e-24
-8.68786e-24
-8.7236e-24
-8.74454e-24
-8.75169e-24
-8.74604e-24
-8.72813e-24
-8.69835e-24
-8.65692e-24
-8.60468e-24
-8.54256e-24
-8.47238e-24
-8.39659e-24
-8.31777e-24
-8.23886e-24
-8.16254e-24
-8.09068e-24
-8.02524e-24
-7.96877e-24
-7.92359e-24
-7.89345e-24
-7.88181e-24
-7.89161e-24
-7.92435e-24
-7.98015e-24
-8.05552e-24
-8.14611e-24
-8.24525e-24
-8.34576e-24
-8.44057e-24
-8.52353e-24
-8.58915e-24
-8.63358e-24
-8.65443e-24
-8.65132e-24
-8.62507e-24
-8.57886e-24
-8.51699e-24
-8.4447e-24
-8.36751e-24
-8.29027e-24
-8.21685e-24
-8.15056e-24
-8.09318e-24
-8.04719e-24
-8.01626e-24
-8.00541e-24
-8.01992e-24
-8.06447e-24
-8.14001e-24
-8.24334e-24
-8.36661e-24
-8.4997e-24
-8.63242e-24
-8.75536e-24
-8.86201e-24
-8.94754e-24
-9.00877e-24
-9.04379e-24
-9.0517e-24
-9.03145e-24
-8.98275e-24
-8.90587e-24
-8.80192e-24
-8.67377e-24
-8.52549e-24
-8.36404e-24
-8.19855e-24
-8.03946e-24
-7.89925e-24
-7.78949e-24
-7.72009e-24
-7.69652e-24
-7.71866e-24
-7.77985e-24
-7.86795e-24
-7.96811e-24
-8.06617e-24
-8.15141e-24
-8.21779e-24
-8.26529e-24
-8.29744e-24
-8.32149e-24
-8.34547e-24
-8.37603e-24
-8.41753e-24
-8.47014e-24
-8.53145e-24
-8.597e-24
-8.66201e-24
-8.7226e-24
-8.77581e-24
-8.82009e-24
-8.85532e-24
-8.88188e-24
-8.90046e-24
-8.91229e-24
-8.91829e-24
-8.91941e-24
-8.91675e-24
-8.91087e-24
-8.90212e-24
-8.89072e-24
-8.87587e-24
-8.85608e-24
-8.82887e-24
-8.7908e-24
-8.73658e-24
-8.65919e-24
-8.55038e-24
-8.40105e-24
-8.2002e-24
-7.93892e-24
-7.61245e-24
-7.22917e-24
-6.82176e-24
-6.45656e-24
-6.22542e-24
-6.20793e-24
-6.42254e-24
-6.8122e-24
-7.27705e-24
-7.72682e-24
-8.10647e-24
-8.39646e-24
-8.5997e-24
-8.72905e-24
-8.79973e-24
-8.82522e-24
-8.81738e-24
-8.78574e-24
-8.73801e-24
-8.68048e-24
-8.61856e-24
-8.5563e-24
-8.49691e-24
-8.44335e-24
-8.39788e-24
-8.36445e-24
-8.348e-24
-8.35215e-24
-8.37852e-24
-8.42385e-24
-8.47973e-24
-8.53366e-24
-8.57261e-24
-8.58412e-24
-8.56089e-24
-8.50077e-24
-8.40877e-24
-8.29772e-24
-8.18633e-24
-8.09588e-24
-8.04321e-24
-8.03502e-24
-8.0648e-24
-8.11687e-24
-8.17238e-24
-8.21501e-24
-8.23553e-24
-8.23125e-24
-8.20446e-24
-8.16163e-24
-8.11043e-24
-8.05918e-24
-8.01475e-24
-7.98181e-24
-7.96217e-24
-7.95586e-24
-7.96172e-24
-7.97888e-24
-8.00809e-24
-8.05132e-24
-8.11077e-24
-8.18675e-24
-8.27613e-24
-8.37102e-24
-8.45998e-24
-8.52995e-24
-8.56793e-24
-8.5624e-24
-8.50464e-24
-8.39044e-24
-8.2239e-24
-8.02504e-24
-7.83382e-24
-7.70225e-24
-7.67232e-24
-7.75367e-24
-7.91527e-24
-8.10727e-24
-8.28555e-24
-8.42437e-24
-8.51536e-24
-8.55966e-24
-8.56138e-24
-8.52269e-24
-8.4429e-24
-8.31969e-24
-8.15067e-24
-7.93978e-24
-7.70328e-24
-7.47641e-24
-7.3093e-24
-7.24618e-24
-7.30198e-24
-7.4507e-24
-7.64348e-24
-7.83304e-24
-7.98994e-24
-8.10498e-24
-8.18216e-24
-8.23193e-24
-8.26587e-24
-8.29236e-24
-8.31653e-24
-8.33981e-24
-8.36122e-24
-8.37743e-24
-8.38596e-24
-8.38422e-24
-8.37077e-24
-8.34498e-24
-8.30635e-24
-8.25468e-24
-8.19053e-24
-8.11439e-24
-8.02827e-24
-7.93509e-24
-7.83953e-24
-7.74704e-24
-7.66406e-24
-7.59683e-24
-7.55081e-24
-7.52865e-24
-7.53054e-24
-7.55345e-24
-7.59169e-24
-7.63773e-24
-7.68402e-24
-7.72346e-24
-7.75024e-24
-7.76075e-24
-7.75373e-24
-7.72829e-24
-7.68553e-24
-7.62656e-24
-7.55428e-24
-7.47184e-24
-7.38479e-24
-7.29944e-24
-7.22421e-24
-7.16733e-24
-7.13725e-24
-7.13985e-24
-7.17668e-24
-7.24392e-24
-7.33234e-24
-7.42922e-24
-7.52206e-24
-7.60103e-24
-7.66061e-24
-7.69955e-24
-7.72019e-24
-7.72796e-24
-7.73005e-24
-7.73461e-24
-7.74773e-24
-7.77482e-24
-7.8164e-24
-7.86903e-24
-7.92718e-24
-7.983e-24
-8.02931e-24
-8.05973e-24
-8.07111e-24
-8.06132e-24
-8.03166e-24
-7.98475e-24
-7.92526e-24
-7.8596e-24
-7.79491e-24
-7.73731e-24
-7.69183e-24
-7.66121e-24
-7.64542e-24
-7.64248e-24
-7.64924e-24
-7.66146e-24
-7.67552e-24
-7.68824e-24
-7.69667e-24
-7.69909e-24
-7.69482e-24
-7.68465e-24
-7.67078e-24
-7.65659e-24
-7.64644e-24
-7.6439e-24
-7.65275e-24
-7.67496e-24
-7.71057e-24
-7.75788e-24
-7.81383e-24
-7.87378e-24
-7.93313e-24
-7.98704e-24
-8.03082e-24
-8.06059e-24
-8.07334e-24
-8.06583e-24
-8.03662e-24
-7.98651e-24
-7.91797e-24
-7.83836e-24
-7.75847e-24
-7.69127e-24
-7.64837e-24
-7.63608e-24
-7.65237e-24
-7.68781e-24
-7.72934e-24
-7.76537e-24
-7.78833e-24
-7.79605e-24
-7.79122e-24
-7.77938e-24
-7.76798e-24
-7.76398e-24
-7.77376e-24
-7.80059e-24
-7.8446e-24
-7.90404e-24
-7.9745e-24
-8.05023e-24
-8.12585e-24
-8.19633e-24
-8.25755e-24
-8.30637e-24
-8.34138e-24
-8.36125e-24
-8.36589e-24
-8.35627e-24
-8.33348e-24
-8.29977e-24
-8.2589e-24
-8.21526e-24
-8.1736e-24
-8.13844e-24
-8.1137e-24
-8.10011e-24
-8.097e-24
-8.10148e-24
-8.10989e-24
-8.11846e-24
-8.12422e-24
-8.12612e-24
-8.12497e-24
-8.12302e-24
-8.12323e-24
-8.12752e-24
-8.13597e-24
-8.1447e-24
-8.14532e-24
-8.12691e-24
-8.0761e-24
-7.98275e-24
-7.84572e-24
-7.68081e-24
-7.52689e-24
-7.43888e-24
-7.46228e-24
-7.60529e-24
-7.83235e-24
-8.08583e-24
-8.31497e-24
-8.49051e-24
-8.60116e-24
-8.64689e-24
-8.6323e-24
-8.56228e-24
-8.44236e-24
-8.27856e-24
-8.07928e-24
-7.85698e-24
-7.6284e-24
-7.41461e-24
-7.23667e-24
-7.11108e-24
-7.0453e-24
-7.03476e-24
-7.06539e-24
-7.12183e-24
-7.19279e-24
-7.27581e-24
-7.37392e-24
-7.49122e-24
-7.62713e-24
-7.77635e-24
-7.92978e-24
-8.07755e-24
-8.21093e-24
-8.32289e-24
-8.40924e-24
-8.4682e-24
-8.50004e-24
-8.50642e-24
-8.49036e-24
-8.45466e-24
-8.40267e-24
-8.33691e-24
-8.2603e-24
-8.17485e-24
-8.08288e-24
-7.98721e-24
-7.89018e-24
-7.79459e-24
-7.7036e-24
-7.61953e-24
-7.54406e-24
-7.47815e-24
-7.4221e-24
-7.37544e-24
-7.33778e-24
-7.30923e-24
-7.29011e-24
-7.28042e-24
-7.28039e-24
-7.28903e-24
-7.30447e-24
-7.32468e-24
-7.34728e-24
-7.37047e-24
-7.39348e-24
-7.41639e-24
-7.44066e-24
-7.46742e-24
-7.49768e-24
-7.53131e-24
-7.56765e-24
-7.60519e-24
-7.64147e-24
-7.67483e-24
-7.70364e-24
-7.72679e-24
-7.74445e-24
-7.75683e-24
-7.76422e-24
-7.76747e-24
-7.76709e-24
-7.76376e-24
-7.75853e-24
-7.75106e-24
-7.74168e-24
-7.73059e-24
-7.71749e-24
-7.70227e-24
-7.68413e-24
-7.66321e-24
-7.63882e-24
-7.61052e-24
-7.57749e-24
-7.53956e-24
-7.4967e-24
-7.44876e-24
-7.39591e-24
-7.33797e-24
-7.27491e-24
-7.20583e-24
-7.12998e-24
-7.04611e-24
-6.9543e-24
-6.85803e-24
-6.76484e-24
-6.68733e-24
-6.64167e-24
-6.64171e-24
-6.6925e-24
-6.78744e-24
-6.91079e-24
-7.04329e-24
-7.16858e-24
-7.27635e-24
-7.36223e-24
-7.42561e-24
-7.46839e-24
-7.49317e-24
-7.50296e-24
-7.50009e-24
-7.48661e-24
-7.4636e-24
-7.43217e-24
-7.39246e-24
-7.34488e-24
-7.28946e-24
-7.22565e-24
-7.15326e-24
-7.07253e-24
-6.98416e-24
-6.89051e-24
-6.7948e-24
-6.70264e-24
-6.62049e-24
-6.55562e-24
-6.51405e-24
-6.4988e-24
-6.51022e-24
-6.5443e-24
-6.59515e-24
-6.65608e-24
-6.72096e-24
-6.7851e-24
-6.84467e-24
-6.8977e-24
-6.94289e-24
-6.97866e-24
-7.00442e-24
-7.01905e-24
-7.02143e-24
-7.01074e-24
-6.98541e-24
-6.94497e-24
-6.88861e-24
-6.81664e-24
-6.73016e-24
-6.6311e-24
-6.52232e-24
-6.40701e-24
-6.28958e-24
-6.1737e-24
-6.06347e-24
-5.96403e-24
-5.88195e-24
-5.82483e-24
-5.80054e-24
-5.81309e-24
-5.86172e-24
-5.93724e-24
-6.02504e-24
-6.10918e-24
-6.17532e-24
-6.21467e-24
-6.22354e-24
-6.20324e-24
-6.15778e-24
-6.09437e-24
-6.02055e-24
-5.94413e-24
-5.87293e-24
-5.81224e-24
-5.76659e-24
-5.73868e-24
-5.73013e-24
-5.74306e-24
-5.77945e-24
-5.84043e-24
-5.92411e-24
-6.0249e-24
-6.13364e-24
-6.24075e-24
-6.33671e-24
-6.41448e-24
-6.46923e-24
-6.49811e-24
-6.50055e-24
-6.47663e-24
-6.42822e-24
-6.35945e-24
-6.27783e-24
-6.19387e-24
-6.12129e-24
-6.07297e-24
-6.05841e-24
-6.08022e-24
-6.13298e-24
-6.20579e-24
-6.2863e-24
-6.36364e-24
-6.43068e-24
-6.48423e-24
-6.5235e-24
-6.54902e-24
-6.56339e-24
-6.56815e-24
-6.5656e-24
-6.5574e-24
-6.54545e-24
-6.53124e-24
-6.51653e-24
-6.50229e-24
-6.48977e-24
-6.47984e-24
-6.47319e-24
-6.47034e-24
-6.47141e-24
-6.47595e-24
-6.48306e-24
-6.49147e-24
-6.49976e-24
-6.50588e-24
-6.50784e-24
-6.50407e-24
-6.49357e-24
-6.47606e-24
-6.45276e-24
-6.42606e-24
-6.40012e-24
-6.38039e-24
-6.37245e-24
-6.38117e-24
-6.40964e-24
-6.45746e-24
-6.5225e-24
-6.5997e-24
-6.68361e-24
-6.76895e-24
-6.85165e-24
-6.92871e-24
-6.99845e-24
-7.0601e-24
-7.11394e-24
-7.16039e-24
-7.2e-24
-7.23329e-24
-7.26082e-24
-7.28317e-24
-7.30049e-24
-7.31301e-24
-7.32146e-24
-7.32611e-24
-7.32745e-24
-7.3264e-24
-7.32381e-24
-7.32032e-24
-7.31714e-24
-7.31472e-24
-7.31402e-24
-7.3156e-24
-7.31953e-24
-7.32537e-24
-7.33248e-24
-7.34005e-24
-7.34676e-24
-7.35149e-24
-7.35227e-24
-7.34786e-24
-7.33699e-24
-7.31868e-24
-7.29228e-24
-7.258e-24
-7.21754e-24
-7.1731e-24
-7.12816e-24
-7.08722e-24
-7.05493e-24
-7.03552e-24
-7.03214e-24
-7.04658e-24
-7.07799e-24
-7.12465e-24
-7.18324e-24
-7.25023e-24
-7.32231e-24
-7.39664e-24
-7.47117e-24
-7.54491e-24
-7.61691e-24
-7.6868e-24
-7.75394e-24
-7.81802e-24
-7.87806e-24
-7.93265e-24
-7.98011e-24
-8.01824e-24
-8.04465e-24
-8.05662e-24
-8.05075e-24
-8.02382e-24
-7.97272e-24
-7.89346e-24
-7.7831e-24
-7.64003e-24
-7.46621e-24
-7.27152e-24
-7.07611e-24
-6.91141e-24
-6.81123e-24
-6.79813e-24
-6.87069e-24
-7.00545e-24
-7.1699e-24
-7.33677e-24
-7.48942e-24
-7.6209e-24
-7.7296e-24
-7.81516e-24
-7.87742e-24
-7.91612e-24
-7.93082e-24
-7.9223e-24
-7.8923e-24
-7.84555e-24
-7.78849e-24
-7.72981e-24
-7.67941e-24
-7.64611e-24
-7.63523e-24
-7.64856e-24
-7.68269e-24
-7.73215e-24
-7.78956e-24
-7.84798e-24
-7.90145e-24
-7.94568e-24
-7.97795e-24
-7.99715e-24
-8.00317e-24
-7.9975e-24
-7.98256e-24
-7.96149e-24
-7.93772e-24
-7.91483e-24
-7.89572e-24
-7.88247e-24
-7.87578e-24
-7.87595e-24
-7.88169e-24
-7.89135e-24
-7.9035e-24
-7.9161e-24
-7.92759e-24
-7.93649e-24
-7.94087e-24
