2.81554e-21
2.81555e-21
2.81558e-21
2.81561e-21
2.81565e-21
2.81571e-21
2.81577e-21
2.81584e-21
2.81593e-21
2.81602e-21
2.81613e-21
2.81624e-21
2.81637e-21
2.8165e-21
2.81665e-21
2.81681e-21
2.81698e-21
2.81716e-21
2.81736e-21
2.81757e-21
2.81779e-21
2.81802e-21
2.81827e-21
2.81853e-21
2.81881e-21
2.8191e-21
2.81941e-21
2.81973e-21
2.82006e-21
2.82042e-21
2.82079e-21
2.82117e-21
2.82158e-21
2.822e-21
2.82244e-21
2.8229e-21
2.82338e-21
2.82388e-21
2.8244e-21
2.82495e-21
2.82551e-21
2.8261e-21
2.82672e-21
2.82736e-21
2.82803e-21
2.82872e-21
2.82944e-21
2.8302e-21
2.83098e-21
2.83179e-21
2.83264e-21
2.83352e-21
2.83444e-21
2.8354e-21
2.83639e-21
2.83743e-21
2.83851e-21
2.83963e-21
2.8408e-21
2.84201e-21
2.84328e-21
2.8446e-21
2.84597e-21
2.84739e-21
2.84888e-21
2.85043e-21
2.85204e-21
2.85372e-21
2.85546e-21
2.85728e-21
2.85918e-21
2.86115e-21
2.8632e-21
2.86534e-21
2.86756e-21
2.86988e-21
2.87229e-21
2.8748e-21
2.87741e-21
2.88013e-21
2.88296e-21
2.8859e-21
2.88897e-21
2.89215e-21
2.89547e-21
2.89891e-21
2.90249e-21
2.90621e-21
2.91008e-21
2.91409e-21
2.91825e-21
2.92256e-21
2.92702e-21
2.93163e-21
2.93639e-21
2.9413e-21
2.94634e-21
2.95151e-21
2.95678e-21
2.96213e-21
2.96754e-21
2.97297e-21
2.97837e-21
2.98369e-21
2.98887e-21
2.99385e-21
2.99857e-21
3.00297e-21
3.007e-21
3.01063e-21
3.01386e-21
3.01669e-21
3.01912e-21
3.02113e-21
3.02264e-21
3.02349e-21
3.02344e-21
3.0222e-21
3.0195e-21
3.01519e-21
3.00939e-21
3.0026e-21
2.99575e-21
2.99013e-21
2.98716e-21
2.98793e-21
2.9929e-21
3.00171e-21
3.01333e-21
3.02631e-21
3.0392e-21
3.05077e-21
3.06028e-21
3.06757e-21
3.07298e-21
3.07708e-21
3.08027e-21
3.08251e-21
3.08337e-21
3.08224e-21
3.07881e-21
3.07327e-21
3.06634e-21
3.05914e-21
3.05284e-21
3.04841e-21
3.04648e-21
3.04733e-21
3.05101e-21
3.05734e-21
3.06596e-21
3.07635e-21
3.08791e-21
3.10005e-21
3.11225e-21
3.12407e-21
3.13508e-21
3.14489e-21
3.15316e-21
3.15965e-21
3.16423e-21
3.16688e-21
3.16765e-21
3.16669e-21
3.16419e-21
3.1604e-21
3.15564e-21
3.15026e-21
3.14461e-21
3.13901e-21
3.13369e-21
3.12887e-21
3.12473e-21
3.12156e-21
3.11977e-21
3.11982e-21
3.12206e-21
3.12648e-21
3.13264e-21
3.13975e-21
3.14691e-21
3.15332e-21
3.15843e-21
3.16198e-21
3.16395e-21
3.1645e-21
3.16389e-21
3.16242e-21
3.16047e-21
3.15837e-21
3.15648e-21
3.15511e-21
3.15451e-21
3.15485e-21
3.15621e-21
3.15854e-21
3.1617e-21
3.16548e-21
3.16963e-21
3.17388e-21
3.17799e-21
3.18177e-21
3.18507e-21
3.18779e-21
3.18989e-21
3.19134e-21
3.19215e-21
3.19233e-21
3.19186e-21
3.19074e-21
3.1889e-21
3.18628e-21
3.18281e-21
3.17847e-21
3.17332e-21
3.16763e-21
3.16183e-21
3.15654e-21
3.15245e-21
3.15016e-21
3.14997e-21
3.15183e-21
3.15529e-21
3.15965e-21
3.16405e-21
3.16767e-21
3.16984e-21
3.17018e-21
3.16872e-21
3.16608e-21
3.1634e-21
3.1621e-21
3.16342e-21
3.16783e-21
3.17482e-21
3.18313e-21
3.19127e-21
3.19802e-21
3.20259e-21
3.20467e-21
3.20436e-21
3.20207e-21
3.19857e-21
3.19486e-21
3.19211e-21
3.19124e-21
3.19269e-21
3.19614e-21
3.20066e-21
3.20504e-21
3.20816e-21
3.20927e-21
3.20813e-21
3.20501e-21
3.20064e-21
3.19601e-21
3.19218e-21
3.18994e-21
3.18964e-21
3.19117e-21
3.19415e-21
3.19811e-21
3.20267e-21
3.20751e-21
3.21234e-21
3.21692e-21
3.22103e-21
3.22453e-21
3.22738e-21
3.22961e-21
3.23136e-21
3.23278e-21
3.23403e-21
3.2352e-21
3.23629e-21
3.23719e-21
3.23771e-21
3.23756e-21
3.23648e-21
3.23424e-21
3.23072e-21
3.22599e-21
3.22033e-21
3.21425e-21
3.20844e-21
3.20371e-21
3.2008e-21
3.2002e-21
3.20204e-21
3.20606e-21
3.21166e-21
3.21814e-21
3.22485e-21
3.23127e-21
3.23713e-21
3.24229e-21
3.24677e-21
3.25062e-21
3.25395e-21
3.25687e-21
3.25948e-21
3.26187e-21
3.26411e-21
3.26629e-21
3.26844e-21
3.27059e-21
3.27271e-21
3.27476e-21
3.27661e-21
3.27809e-21
3.27896e-21
3.27895e-21
3.27775e-21
3.27507e-21
3.27075e-21
3.26486e-21
3.25774e-21
3.25014e-21
3.24303e-21
3.23748e-21
3.2343e-21
3.23401e-21
3.23678e-21
3.2425e-21
3.25072e-21
3.26061e-21
3.27102e-21
3.28066e-21
3.28838e-21
3.29332e-21
3.29493e-21
3.29295e-21
3.28728e-21
3.27802e-21
3.2655e-21
3.25037e-21
3.23363e-21
3.21663e-21
3.2009e-21
3.18798e-21
3.17923e-21
3.17569e-21
3.17775e-21
3.18498e-21
3.19613e-21
3.20949e-21
3.22343e-21
3.2367e-21
3.24853e-21
3.25851e-21
3.26654e-21
3.27263e-21
3.27691e-21
3.27956e-21
3.28076e-21
3.28074e-21
3.27971e-21
3.27787e-21
3.27545e-21
3.27268e-21
3.26981e-21
3.26706e-21
3.26466e-21
3.2628e-21
3.26162e-21
3.26117e-21
3.26142e-21
3.2623e-21
3.26367e-21
3.26539e-21
3.26732e-21
3.26937e-21
3.27143e-21
3.27348e-21
3.27548e-21
3.27742e-21
3.27933e-21
3.28119e-21
3.28303e-21
3.28485e-21
3.28663e-21
3.28837e-21
3.29003e-21
3.29156e-21
3.29289e-21
3.29391e-21
3.29445e-21
3.2943e-21
3.29313e-21
3.29054e-21
3.28596e-21
3.27874e-21
3.26817e-21
3.2538e-21
3.23589e-21
3.21612e-21
3.19801e-21
3.18617e-21
3.18404e-21
3.19165e-21
3.2056e-21
3.22131e-21
3.23521e-21
3.24548e-21
3.25168e-21
3.2541e-21
3.25327e-21
3.24984e-21
3.24458e-21
3.23851e-21
3.2328e-21
3.22872e-21
3.22731e-21
3.22903e-21
3.23364e-21
3.24031e-21
3.24793e-21
3.25547e-21
3.26212e-21
3.26743e-21
3.27119e-21
3.27338e-21
3.27407e-21
3.27337e-21
3.27132e-21
3.26791e-21
3.26295e-21
3.25615e-21
3.24713e-21
3.23554e-21
3.22137e-21
3.2053e-21
3.18901e-21
3.17527e-21
3.16727e-21
3.16734e-21
3.17563e-21
3.18997e-21
3.2069e-21
3.22318e-21
3.23666e-21
3.2464e-21
3.2523e-21
3.25473e-21
3.25421e-21
3.2513e-21
3.24656e-21
3.24059e-21
3.23407e-21
3.22782e-21
3.22271e-21
3.21953e-21
3.21872e-21
3.22027e-21
3.22373e-21
3.22833e-21
3.2333e-21
3.23798e-21
3.24197e-21
3.24506e-21
3.24719e-21
3.24839e-21
3.24868e-21
3.24807e-21
3.24653e-21
3.244e-21
3.24037e-21
3.23554e-21
3.22939e-21
3.22188e-21
3.2131e-21
3.20333e-21
3.19316e-21
3.18341e-21
3.17502e-21
3.16879e-21
3.16505e-21
3.16355e-21
3.16353e-21
3.16406e-21
3.16433e-21
3.16383e-21
3.16245e-21
3.16038e-21
3.15802e-21
3.1558e-21
3.15407e-21
3.15302e-21
3.15265e-21
3.15289e-21
3.15371e-21
3.15521e-21
3.15764e-21
3.16128e-21
3.16625e-21
3.17237e-21
3.17919e-21
3.18605e-21
3.19229e-21
3.19738e-21
3.20097e-21
3.2029e-21
3.20313e-21
3.20174e-21
3.19886e-21
3.19467e-21
3.18941e-21
3.18343e-21
3.17713e-21
3.17105e-21
3.16573e-21
3.16165e-21
3.1591e-21
3.15812e-21
3.1585e-21
3.15983e-21
3.16165e-21
3.16355e-21
3.1652e-21
3.16642e-21
3.16711e-21
3.16728e-21
3.16696e-21
3.16623e-21
3.16516e-21
3.16382e-21
3.16229e-21
3.16062e-21
3.15886e-21
3.15703e-21
3.15517e-21
3.15328e-21
3.1514e-21
3.14957e-21
3.14785e-21
3.14635e-21
3.14518e-21
3.14448e-21
3.14433e-21
3.14476e-21
3.14572e-21
3.14706e-21
3.1486e-21
3.15012e-21
3.15149e-21
3.15263e-21
3.15355e-21
3.15436e-21
3.15518e-21
3.15613e-21
3.15727e-21
3.15852e-21
3.15972e-21
3.16062e-21
3.16092e-21
3.16039e-21
3.15885e-21
3.15624e-21
3.15271e-21
3.14854e-21
3.14422e-21
3.14029e-21
3.13726e-21
3.1355e-21
3.13511e-21
3.13593e-21
3.13766e-21
3.13996e-21
3.1426e-21
3.1455e-21
3.14874e-21
3.15247e-21
3.15681e-21
3.16177e-21
3.16721e-21
3.17289e-21
3.17847e-21
3.18365e-21
3.18818e-21
3.19195e-21
3.19495e-21
3.19727e-21
3.19906e-21
3.2005e-21
3.20175e-21
3.20293e-21
3.2041e-21
3.20522e-21
3.20623e-21
3.207e-21
3.20737e-21
3.20722e-21
3.20636e-21
3.20461e-21
3.20164e-21
3.19698e-21
3.18992e-21
3.17964e-21
3.16561e-21
3.1484e-21
3.13069e-21
3.11748e-21
3.11412e-21
3.12275e-21
3.14052e-21
3.16165e-21
3.18097e-21
3.19567e-21
3.20502e-21
3.20948e-21
3.20996e-21
3.20751e-21
3.20325e-21
3.19828e-21
3.1936e-21
3.18987e-21
3.18729e-21
3.18551e-21
3.18397e-21
3.18222e-21
3.18029e-21
3.17881e-21
3.17872e-21
3.18085e-21
3.18549e-21
3.19229e-21
3.20046e-21
3.20909e-21
3.21744e-21
3.22504e-21
3.23164e-21
3.23722e-21
3.24186e-21
3.24572e-21
3.24895e-21
3.25172e-21
3.25414e-21
3.25631e-21
3.25828e-21
3.26008e-21
3.26173e-21
3.26321e-21
3.26452e-21
3.26565e-21
3.26658e-21
3.26729e-21
3.26778e-21
3.26804e-21
3.26807e-21
3.26787e-21
3.26747e-21
3.26689e-21
3.26616e-21
3.26532e-21
3.26439e-21
3.26338e-21
3.26222e-21
3.26082e-21
3.25901e-21
3.25655e-21
3.25316e-21
3.24851e-21
3.24226e-21
3.23413e-21
3.224e-21
3.21212e-21
3.19945e-21
3.18794e-21
3.18047e-21
3.17996e-21
3.18789e-21
3.20325e-21
3.22295e-21
3.2434e-21
3.26184e-21
3.27685e-21
3.28809e-21
3.29581e-21
3.30052e-21
3.30274e-21
3.30292e-21
3.3014e-21
3.29845e-21
3.29428e-21
3.28907e-21
3.28304e-21
3.27643e-21
3.26956e-21
3.26282e-21
3.25666e-21
3.25145e-21
3.24741e-21
3.24448e-21
3.24229e-21
3.24028e-21
3.23791e-21
3.23504e-21
3.2322e-21
3.23061e-21
3.23189e-21
3.23719e-21
3.24661e-21
3.25904e-21
3.27271e-21
3.28592e-21
3.29752e-21
3.30699e-21
3.31424e-21
3.31943e-21
3.32281e-21
3.32461e-21
3.32498e-21
3.32402e-21
3.32175e-21
3.31815e-21
3.31316e-21
3.30675e-21
3.29892e-21
3.2898e-21
3.2797e-21
3.26918e-21
3.25906e-21
3.25038e-21
3.24415e-21
3.24111e-21
3.24148e-21
3.24491e-21
3.25064e-21
3.2578e-21
3.26563e-21
3.27361e-21
3.28138e-21
3.28866e-21
3.29517e-21
3.30052e-21
3.30419e-21
3.30553e-21
3.30383e-21
3.29851e-21
3.28951e-21
3.27785e-21
3.26605e-21
3.25784e-21
3.25667e-21
3.26365e-21
3.2769e-21
3.29283e-21
3.30812e-21
3.32088e-21
3.33057e-21
3.33747e-21
3.34218e-21
3.34533e-21
3.34743e-21
3.34885e-21
3.34984e-21
3.35056e-21
3.3511e-21
3.35152e-21
3.35188e-21
3.35224e-21
3.35265e-21
3.35321e-21
3.35401e-21
3.35515e-21
3.35671e-21
3.35872e-21
3.36116e-21
3.36387e-21
3.36655e-21
3.36869e-21
3.36948e-21
3.36785e-21
3.36247e-21
3.35215e-21
3.33663e-21
3.31793e-21
3.30135e-21
3.29396e-21
3.30017e-21
3.31807e-21
3.34094e-21
3.36206e-21
3.37768e-21
3.3868e-21
3.38981e-21
3.38728e-21
3.37932e-21
3.36541e-21
3.34468e-21
3.31717e-21
3.286e-21
3.25922e-21
3.24739e-21
3.2559e-21
3.2799e-21
3.30891e-21
3.33474e-21
3.35431e-21
3.36799e-21
3.37742e-21
3.38421e-21
3.38959e-21
3.39441e-21
3.39918e-21
3.40413e-21
3.4093e-21
3.41453e-21
3.41952e-21
3.42392e-21
3.42733e-21
3.42937e-21
3.42967e-21
3.42793e-21
3.42396e-21
3.41771e-21
3.40942e-21
3.39968e-21
3.38948e-21
3.38009e-21
3.37283e-21
3.36871e-21
3.36813e-21
3.37088e-21
3.3762e-21
3.38299e-21
3.38999e-21
3.39592e-21
3.39953e-21
3.39961e-21
3.39516e-21
3.38556e-21
3.3712e-21
3.35419e-21
3.33875e-21
3.33002e-21
3.33128e-21
3.34175e-21
3.35729e-21
3.37316e-21
3.38629e-21
3.3956e-21
3.40136e-21
3.4044e-21
3.4056e-21
3.40573e-21
3.40526e-21
3.40444e-21
3.40325e-21
3.4015e-21
3.39891e-21
3.39526e-21
3.3905e-21
3.38492e-21
3.37908e-21
3.37372e-21
3.36943e-21
3.36636e-21
3.36422e-21
3.36235e-21
3.3601e-21
3.35714e-21
3.35364e-21
3.35028e-21
3.34801e-21
3.34765e-21
3.34943e-21
3.35283e-21
3.3568e-21
3.36018e-21
3.3621e-21
3.36215e-21
3.3604e-21
3.35722e-21
3.3532e-21
3.34896e-21
3.34508e-21
3.34202e-21
3.33997e-21
3.33887e-21
3.33838e-21
3.33798e-21
3.33704e-21
3.33495e-21
3.33127e-21
3.32579e-21
3.31866e-21
3.31037e-21
3.30176e-21
3.29385e-21
3.28767e-21
3.28406e-21
3.28345e-21
3.28573e-21
3.29014e-21
3.2955e-21
3.30048e-21
3.30397e-21
3.3053e-21
3.3043e-21
3.30123e-21
3.29668e-21
3.2914e-21
3.28614e-21
3.28157e-21
3.2782e-21
3.27641e-21
3.27635e-21
3.27794e-21
3.28086e-21
3.28459e-21
3.28852e-21
3.29214e-21
3.29513e-21
3.29734e-21
3.29881e-21
3.2997e-21
3.30019e-21
3.30045e-21
3.30064e-21
3.30084e-21
3.3011e-21
3.30143e-21
3.30181e-21
3.30222e-21
3.30261e-21
3.30297e-21
3.30326e-21
3.30349e-21
3.30363e-21
3.30367e-21
3.30362e-21
3.30346e-21
3.30318e-21
3.30275e-21
3.30216e-21
3.30136e-21
3.30032e-21
3.29898e-21
3.29732e-21
3.29529e-21
3.29289e-21
3.29017e-21
3.28723e-21
3.28425e-21
3.28151e-21
3.27931e-21
3.2779e-21
3.27748e-21
3.27803e-21
3.27938e-21
3.28124e-21
3.28324e-21
3.28507e-21
3.28654e-21
3.28757e-21
3.28824e-21
3.28868e-21
3.28908e-21
3.28962e-21
3.29043e-21
3.29158e-21
3.29307e-21
3.29486e-21
3.29684e-21
3.29889e-21
3.30086e-21
3.3026e-21
3.30394e-21
3.30474e-21
3.30487e-21
3.30422e-21
3.3027e-21
3.30027e-21
3.29694e-21
3.29273e-21
3.28776e-21
3.28216e-21
3.27613e-21
3.27e-21
3.26425e-21
3.25954e-21
3.2567e-21
3.25646e-21
3.2592e-21
3.26471e-21
3.2722e-21
3.28047e-21
3.28825e-21
3.29433e-21
3.29762e-21
3.29708e-21
3.29168e-21
3.28045e-21
3.26289e-21
3.23972e-21
3.21377e-21
3.19016e-21
3.17435e-21
3.16898e-21
2.8246e-21
2.83366e-21
2.84404e-21
2.8541e-21
2.86363e-21
2.87287e-21
2.88185e-21
2.89035e-21
2.89798e-21
2.90439e-21
2.90939e-21
2.91295e-21
2.91517e-21
2.91621e-21
2.91626e-21
2.91548e-21
2.91401e-21
2.91195e-21
2.90935e-21
2.9062e-21
2.90248e-21
2.89813e-21
2.89309e-21
2.88735e-21
2.88095e-21
2.87407e-21
2.86706e-21
2.86042e-21
2.8548e-21
2.85079e-21
2.84883e-21
2.84898e-21
2.85095e-21
2.85422e-21
2.85812e-21
2.86209e-21
2.8657e-21
2.8687e-21
2.87098e-21
2.87252e-21
2.87337e-21
2.87362e-21
2.87333e-21
2.87259e-21
2.87148e-21
2.87007e-21
2.86844e-21
2.86669e-21
2.86492e-21
2.86322e-21
2.86172e-21
2.8605e-21
2.85965e-21
2.85917e-21
2.85905e-21
2.85918e-21
2.85944e-21
2.85965e-21
2.85964e-21
2.85927e-21
2.85844e-21
2.85714e-21
2.85542e-21
2.85344e-21
2.8514e-21
2.84951e-21
2.848e-21
2.84704e-21
2.84672e-21
2.84704e-21
2.84795e-21
2.84931e-21
2.85099e-21
2.85282e-21
2.85466e-21
2.8564e-21
2.85793e-21
2.85916e-21
2.86004e-21
2.86052e-21
2.8606e-21
2.86031e-21
2.8597e-21
2.85886e-21
2.85792e-21
2.85703e-21
2.85636e-21
2.85609e-21
2.85643e-21
2.85755e-21
2.85959e-21
2.86263e-21
2.8666e-21
2.87131e-21
2.87648e-21
2.88174e-21
2.88673e-21
2.89117e-21
2.89487e-21
2.89776e-21
2.89993e-21
2.90159e-21
2.90304e-21
2.90464e-21
2.90673e-21
2.90954e-21
2.91313e-21
2.91743e-21
2.92219e-21
2.92711e-21
2.93187e-21
2.93618e-21
2.93982e-21
2.94265e-21
2.94457e-21
2.94555e-21
2.94557e-21
2.94464e-21
2.94281e-21
2.9401e-21
2.93658e-21
2.93232e-21
2.9274e-21
2.9219e-21
2.9159e-21
2.9095e-21
2.90284e-21
2.89616e-21
2.88979e-21
2.88419e-21
2.87986e-21
2.87721e-21
2.87631e-21
2.87679e-21
2.87782e-21
2.87843e-21
2.87797e-21
2.8767e-21
2.87597e-21
2.87779e-21
2.88381e-21
2.89442e-21
2.90865e-21
2.92487e-21
2.9416e-21
2.95781e-21
2.97288e-21
2.98641e-21
2.99811e-21
3.00782e-21
3.01547e-21
3.02109e-21
3.02476e-21
3.02658e-21
3.02664e-21
3.02505e-21
3.0219e-21
3.01733e-21
3.0115e-21
3.00469e-21
2.99727e-21
2.9897e-21
2.98242e-21
2.97581e-21
2.97007e-21
2.96513e-21
2.96077e-21
2.9567e-21
2.95274e-21
2.94899e-21
2.94575e-21
2.94344e-21
2.94234e-21
2.94247e-21
2.94352e-21
2.94503e-21
2.94657e-21
2.94791e-21
2.94908e-21
2.95028e-21
2.95181e-21
2.95389e-21
2.9566e-21
2.9599e-21
2.96359e-21
2.96746e-21
2.9713e-21
2.97496e-21
2.97836e-21
2.98148e-21
2.98428e-21
2.98673e-21
2.98879e-21
2.99038e-21
2.99143e-21
2.99186e-21
2.99164e-21
2.99075e-21
2.98924e-21
2.98723e-21
2.98486e-21
2.98237e-21
2.97995e-21
2.97782e-21
2.97614e-21
2.97502e-21
2.97456e-21
2.97479e-21
2.97577e-21
2.97748e-21
2.97982e-21
2.98255e-21
2.98531e-21
2.98768e-21
2.98924e-21
2.98968e-21
2.98882e-21
2.98666e-21
2.98334e-21
2.97921e-21
2.97476e-21
2.97064e-21
2.96745e-21
2.96555e-21
2.96483e-21
2.96477e-21
2.96464e-21
2.96382e-21
2.96205e-21
2.95947e-21
2.95637e-21
2.95308e-21
2.94985e-21
2.94689e-21
2.94446e-21
2.94285e-21
2.94222e-21
2.94253e-21
2.94347e-21
2.9447e-21
2.94597e-21
2.94732e-21
2.94906e-21
2.95155e-21
2.95512e-21
2.95983e-21
2.96548e-21
2.97167e-21
2.97787e-21
2.98357e-21
2.98836e-21
2.99198e-21
2.9943e-21
2.99533e-21
2.99519e-21
2.99405e-21
2.99216e-21
2.98975e-21
2.98708e-21
2.98435e-21
2.98176e-21
2.97943e-21
2.97746e-21
2.97592e-21
2.97484e-21
2.97422e-21
2.97405e-21
2.97432e-21
2.97497e-21
2.9759e-21
2.97697e-21
2.97798e-21
2.97867e-21
2.97868e-21
2.97764e-21
2.97511e-21
2.97064e-21
2.96388e-21
2.95467e-21
2.94326e-21
2.93054e-21
2.91804e-21
2.90777e-21
2.9015e-21
2.90011e-21
2.90328e-21
2.9098e-21
2.91822e-21
2.92732e-21
2.93623e-21
2.94444e-21
2.9516e-21
2.95757e-21
2.96229e-21
2.96582e-21
2.96827e-21
2.9698e-21
2.97058e-21
2.97078e-21
2.97057e-21
2.97008e-21
2.96941e-21
2.96864e-21
2.96776e-21
2.96668e-21
2.96525e-21
2.96325e-21
2.96039e-21
2.9564e-21
2.95106e-21
2.94433e-21
2.93644e-21
2.928e-21
2.91989e-21
2.91311e-21
2.90842e-21
2.90608e-21
2.90573e-21
2.90662e-21
2.90795e-21
2.90914e-21
2.90998e-21
2.91051e-21
2.91095e-21
2.91156e-21
2.91252e-21
2.91396e-21
2.9159e-21
2.91831e-21
2.92111e-21
2.9242e-21
2.92745e-21
2.93076e-21
2.93397e-21
2.93699e-21
2.9397e-21
2.94206e-21
2.944e-21
2.94553e-21
2.94664e-21
2.94735e-21
2.94768e-21
2.94765e-21
2.94728e-21
2.94659e-21
2.9456e-21
2.94432e-21
2.94277e-21
2.94099e-21
2.93902e-21
2.93692e-21
2.93475e-21
2.9326e-21
2.93054e-21
2.92865e-21
2.92699e-21
2.92559e-21
2.92445e-21
2.92351e-21
2.92265e-21
2.92172e-21
2.92047e-21
2.91862e-21
2.91586e-21
2.91187e-21
2.90642e-21
2.89951e-21
2.89152e-21
2.88336e-21
2.87647e-21
2.87252e-21
2.87277e-21
2.87747e-21
2.88578e-21
2.8961e-21
2.90679e-21
2.91661e-21
2.9249e-21
2.93145e-21
2.93635e-21
2.93983e-21
2.94217e-21
2.9436e-21
2.94437e-21
2.94467e-21
2.94465e-21
2.94446e-21
2.94422e-21
2.94403e-21
2.94398e-21
2.94411e-21
2.94447e-21
2.94506e-21
2.94588e-21
2.94687e-21
2.94799e-21
2.94916e-21
2.95031e-21
2.95136e-21
2.95225e-21
2.95291e-21
2.95328e-21
2.95333e-21
2.95303e-21
2.95234e-21
2.95128e-21
2.94985e-21
2.94809e-21
2.94614e-21
2.94418e-21
2.94257e-21
2.94176e-21
2.94231e-21
2.94472e-21
2.94932e-21
2.9561e-21
2.96471e-21
2.97449e-21
2.98467e-21
2.9945e-21
3.00338e-21
3.0109e-21
3.01682e-21
3.02104e-21
3.02352e-21
3.0242e-21
3.02305e-21
3.01997e-21
3.01492e-21
3.00796e-21
2.9994e-21
2.98999e-21
2.98099e-21
2.97406e-21
2.97081e-21
2.97216e-21
2.97796e-21
2.98705e-21
2.99778e-21
3.00864e-21
3.01855e-21
3.02691e-21
3.03353e-21
3.0384e-21
3.04164e-21
3.04337e-21
3.04372e-21
3.04282e-21
3.0408e-21
3.03782e-21
3.03415e-21
3.0301e-21
3.0261e-21
3.02266e-21
3.02025e-21
3.01929e-21
3.02007e-21
3.02267e-21
3.02699e-21
3.03282e-21
3.03979e-21
3.04751e-21
3.05555e-21
3.06347e-21
3.07086e-21
3.07731e-21
3.08246e-21
3.08591e-21
3.08729e-21
3.08622e-21
3.08234e-21
3.07538e-21
3.06527e-21
3.05225e-21
3.03699e-21
3.0205e-21
3.00391e-21
2.98816e-21
2.97375e-21
2.9609e-21
2.94993e-21
2.9416e-21
2.93701e-21
2.93718e-21
2.94246e-21
2.9522e-21
2.96492e-21
2.9788e-21
2.99221e-21
3.00407e-21
3.01391e-21
3.02175e-21
3.02795e-21
3.03298e-21
3.03724e-21
3.04101e-21
3.04438e-21
3.04729e-21
3.04962e-21
3.05122e-21
3.05196e-21
3.05176e-21
3.05055e-21
3.0483e-21
3.04497e-21
3.0405e-21
3.03483e-21
3.02791e-21
3.01971e-21
3.01026e-21
2.99977e-21
2.98868e-21
2.97774e-21
2.96795e-21
2.96043e-21
2.95608e-21
2.95534e-21
2.95802e-21
2.96346e-21
2.97077e-21
2.97911e-21
2.98776e-21
2.99619e-21
3.00402e-21
3.01097e-21
3.01686e-21
3.02156e-21
3.02499e-21
3.02707e-21
3.02774e-21
3.02695e-21
3.0247e-21
3.02107e-21
3.01634e-21
3.011e-21
3.00579e-21
3.00156e-21
2.99904e-21
2.99856e-21
2.99995e-21
3.0026e-21
3.00575e-21
3.00875e-21
3.01129e-21
3.01337e-21
3.01523e-21
3.01714e-21
3.01924e-21
3.02151e-21
3.02371e-21
3.02547e-21
3.02642e-21
3.0262e-21
3.02454e-21
3.02124e-21
3.0162e-21
3.0094e-21
3.00097e-21
2.99123e-21
2.9808e-21
2.97058e-21
2.9616e-21
2.95483e-21
2.95086e-21
2.94968e-21
2.95079e-21
2.95349e-21
2.95717e-21
2.96163e-21
2.96699e-21
2.97356e-21
2.98157e-21
2.99096e-21
3.00137e-21
3.01219e-21
3.02271e-21
3.0323e-21
3.04046e-21
3.04689e-21
3.05141e-21
3.054e-21
3.0547e-21
3.05365e-21
3.05101e-21
3.04699e-21
3.04184e-21
3.03581e-21
3.02917e-21
3.02216e-21
3.01497e-21
3.00772e-21
3.00053e-21
2.99357e-21
2.98704e-21
2.98131e-21
2.97675e-21
2.97366e-21
2.97205e-21
2.97159e-21
2.97163e-21
2.97136e-21
2.97004e-21
2.96708e-21
2.96223e-21
2.95552e-21
2.94732e-21
2.93829e-21
2.92936e-21
2.92155e-21
2.91574e-21
2.91237e-21
2.91132e-21
2.91189e-21
2.9131e-21
2.91401e-21
2.91403e-21
2.91309e-21
2.91165e-21
2.91053e-21
2.9106e-21
2.91243e-21
2.91599e-21
2.92077e-21
2.92592e-21
2.93064e-21
2.93433e-21
2.9367e-21
2.93769e-21
2.93744e-21
2.93615e-21
2.93406e-21
2.93142e-21
2.92844e-21
2.92531e-21
2.92219e-21
2.91921e-21
2.91647e-21
2.91404e-21
2.91197e-21
2.91029e-21
2.90901e-21
2.90811e-21
2.90757e-21
2.90735e-21
2.90741e-21
2.90767e-21
2.90806e-21
2.9085e-21
2.90889e-21
2.90912e-21
2.9091e-21
2.90873e-21
2.90792e-21
2.9066e-21
2.90473e-21
2.90228e-21
2.89928e-21
2.8958e-21
2.89194e-21
2.88787e-21
2.88382e-21
2.88008e-21
2.87701e-21
2.87501e-21
2.87445e-21
2.87559e-21
2.87853e-21
2.88312e-21
2.88902e-21
2.89577e-21
2.90287e-21
2.90983e-21
2.91628e-21
2.92193e-21
2.92654e-21
2.92999e-21
2.93218e-21
2.93305e-21
2.93261e-21
2.93086e-21
2.92785e-21
2.92368e-21
2.91855e-21
2.91284e-21
2.90712e-21
2.90201e-21
2.89796e-21
2.89491e-21
2.89221e-21
2.88889e-21
2.88435e-21
2.87901e-21
2.87451e-21
2.87315e-21
2.87649e-21
2.88419e-21
2.89407e-21
2.90328e-21
2.90955e-21
2.91182e-21
2.91018e-21
2.90553e-21
2.89926e-21
2.89297e-21
2.88819e-21
2.88618e-21
2.8877e-21
2.89278e-21
2.90078e-21
2.91064e-21
2.92112e-21
2.93119e-21
2.94016e-21
2.94766e-21
2.95361e-21
2.95811e-21
2.96132e-21
2.96342e-21
2.9646e-21
2.965e-21
2.96472e-21
2.96384e-21
2.9624e-21
2.9604e-21
2.95783e-21
2.95461e-21
2.95065e-21
2.94579e-21
2.93984e-21
2.93255e-21
2.92369e-21
2.91307e-21
2.9008e-21
2.88746e-21
2.87432e-21
2.86326e-21
2.85627e-21
2.85452e-21
2.85776e-21
2.86439e-21
2.87229e-21
2.87965e-21
2.88542e-21
2.88925e-21
2.89127e-21
2.89183e-21
2.89137e-21
2.89026e-21
2.88882e-21
2.88732e-21
2.88594e-21
2.88484e-21
2.8841e-21
2.88382e-21
2.884e-21
2.88464e-21
2.88567e-21
2.88696e-21
2.88839e-21
2.88982e-21
2.89113e-21
2.89226e-21
2.89319e-21
2.89397e-21
2.89468e-21
2.89542e-21
2.89629e-21
2.89737e-21
2.8987e-21
2.90026e-21
2.90199e-21
2.9038e-21
2.90562e-21
2.90734e-21
2.90891e-21
2.91026e-21
2.91137e-21
2.91222e-21
2.91279e-21
2.91306e-21
2.91298e-21
2.91247e-21
2.91143e-21
2.90969e-21
2.90708e-21
2.90337e-21
2.8984e-21
2.89208e-21
2.88454e-21
2.8762e-21
2.86785e-21
2.86059e-21
2.85558e-21
2.8537e-21
2.85523e-21
2.8598e-21
2.86652e-21
2.87435e-21
2.88231e-21
2.88964e-21
2.89581e-21
2.90049e-21
2.90358e-21
2.9052e-21
2.90566e-21
2.90545e-21
2.90515e-21
2.90529e-21
2.90624e-21
2.9081e-21
2.91068e-21
2.91366e-21
2.91665e-21
2.91936e-21
2.92166e-21
2.92353e-21
2.9251e-21
2.92655e-21
2.92809e-21
2.92989e-21
2.93206e-21
2.93453e-21
2.9371e-21
2.9394e-21
2.94098e-21
2.94136e-21
2.94017e-21
2.93735e-21
2.93339e-21
2.92953e-21
2.92768e-21
2.92983e-21
2.93707e-21
2.9489e-21
2.96349e-21
2.97848e-21
2.99193e-21
3.00267e-21
3.01027e-21
3.01473e-21
3.01623e-21
3.01501e-21
3.01125e-21
3.0051e-21
2.99674e-21
2.98651e-21
2.97506e-21
2.96342e-21
2.9529e-21
2.94476e-21
2.93983e-21
2.93835e-21
2.94015e-21
2.94489e-21
2.95216e-21
2.96137e-21
2.97169e-21
2.98226e-21
2.99241e-21
3.00187e-21
3.01066e-21
3.01892e-21
3.02666e-21
3.03377e-21
3.04e-21
3.04514e-21
3.04908e-21
3.05188e-21
3.05373e-21
3.0549e-21
3.05568e-21
3.05625e-21
3.05668e-21
3.05692e-21
3.05681e-21
3.05618e-21
3.05491e-21
3.05294e-21
3.05035e-21
3.04719e-21
3.04349e-21
3.03907e-21
3.03365e-21
3.02693e-21
3.01881e-21
3.00958e-21
2.99994e-21
2.99097e-21
2.98383e-21
2.97951e-21
2.97861e-21
2.98124e-21
2.98705e-21
2.99538e-21
3.00536e-21
3.01609e-21
3.02675e-21
3.03663e-21
3.04516e-21
3.05191e-21
3.05652e-21
3.05879e-21
3.05865e-21
3.05626e-21
3.05206e-21
3.04673e-21
3.04111e-21
3.03601e-21
3.03195e-21
3.02904e-21
3.02697e-21
3.02521e-21
3.0232e-21
3.02055e-21
3.01709e-21
3.01288e-21
3.00813e-21
3.00313e-21
2.99819e-21
2.9936e-21
2.98956e-21
2.9862e-21
2.98356e-21
2.98162e-21
2.98032e-21
2.97957e-21
2.97926e-21
2.9793e-21
2.97959e-21
2.98002e-21
2.98048e-21
2.98085e-21
2.981e-21
2.98081e-21
2.9802e-21
2.97909e-21
2.9775e-21
2.97543e-21
2.97295e-21
2.97015e-21
2.96713e-21
2.96399e-21
2.96084e-21
2.95777e-21
2.95485e-21
2.95212e-21
2.9496e-21
2.94731e-21
2.9452e-21
2.94324e-21
2.94136e-21
2.93948e-21
2.93747e-21
2.93523e-21
2.93263e-21
2.92953e-21
2.92585e-21
2.92155e-21
2.91669e-21
2.91149e-21
2.90632e-21
2.90171e-21
2.89826e-21
2.89645e-21
2.89647e-21
2.89816e-21
2.90101e-21
2.90435e-21
2.90753e-21
2.91006e-21
2.91168e-21
2.91238e-21
2.9123e-21
2.91166e-21
2.91073e-21
2.90975e-21
2.90886e-21
2.90813e-21
2.90753e-21
2.90698e-21
2.90634e-21
2.90547e-21
2.90425e-21
2.90258e-21
2.90039e-21
2.89765e-21
2.89436e-21
2.89057e-21
2.88637e-21
2.88194e-21
2.87751e-21
2.8734e-21
2.86996e-21
2.86756e-21
2.86649e-21
2.86688e-21
2.86871e-21
2.87175e-21
2.87568e-21
2.88009e-21
2.81352e-21
2.8179e-21
2.82189e-21
2.82538e-21
2.8283e-21
2.8306e-21
2.83227e-21
2.83329e-21
2.83366e-21
2.83333e-21
2.83229e-21
2.83051e-21
2.82794e-21
2.82454e-21
2.82026e-21
2.81496e-21
2.80847e-21
2.80049e-21
2.79072e-21
2.77903e-21
2.76584e-21
2.75266e-21
2.74229e-21
2.73823e-21
2.74294e-21
2.75627e-21
2.77533e-21
2.79613e-21
2.81544e-21
2.83146e-21
2.84368e-21
2.85228e-21
2.85774e-21
2.86059e-21
2.86133e-21
2.86043e-21
2.85841e-21
2.85583e-21
2.85334e-21
2.85161e-21
2.85118e-21
2.85238e-21
2.85522e-21
2.85942e-21
2.86451e-21
2.86999e-21
2.87544e-21
2.88055e-21
2.88518e-21
2.88929e-21
2.89291e-21
2.8961e-21
2.89895e-21
2.90154e-21
2.90393e-21
2.90618e-21
2.90832e-21
2.91038e-21
2.91239e-21
2.91433e-21
2.91623e-21
2.91807e-21
2.91986e-21
2.92157e-21
2.9232e-21
2.92473e-21
2.92616e-21
2.92747e-21
2.92866e-21
2.92972e-21
2.93065e-21
2.93145e-21
2.93213e-21
2.9327e-21
2.93318e-21
2.93357e-21
2.93388e-21
2.93413e-21
2.93431e-21
2.93443e-21
2.9345e-21
2.93455e-21
2.93463e-21
2.93481e-21
2.9352e-21
2.93593e-21
2.93711e-21
2.93886e-21
2.94121e-21
2.94414e-21
2.94756e-21
2.95136e-21
2.9554e-21
2.95955e-21
2.96374e-21
2.9679e-21
2.97197e-21
2.97591e-21
2.97964e-21
2.98313e-21
2.98635e-21
2.98932e-21
2.99212e-21
2.99483e-21
2.99753e-21
3.0002e-21
3.00271e-21
3.00488e-21
3.00647e-21
3.00732e-21
3.00738e-21
3.00679e-21
3.00582e-21
3.00481e-21
3.00409e-21
3.00385e-21
3.00407e-21
3.00456e-21
3.00501e-21
3.00506e-21
3.00447e-21
3.00312e-21
3.00105e-21
2.99848e-21
2.99572e-21
2.9931e-21
2.99096e-21
2.98952e-21
2.98892e-21
2.98917e-21
2.99021e-21
2.99192e-21
2.99414e-21
2.99674e-21
2.99959e-21
3.00254e-21
3.00548e-21
3.00828e-21
3.01081e-21
3.01294e-21
3.01458e-21
3.01561e-21
3.01597e-21
3.01562e-21
3.01455e-21
3.01276e-21
3.0103e-21
3.00723e-21
3.00364e-21
2.99964e-21
2.99538e-21
2.99102e-21
2.98673e-21
2.98267e-21
2.97898e-21
2.97581e-21
2.97336e-21
2.97189e-21
2.97166e-21
2.97285e-21
2.9754e-21
2.97895e-21
2.98287e-21
2.98642e-21
2.98887e-21
2.98969e-21
2.98858e-21
2.98557e-21
2.98107e-21
2.97582e-21
2.97087e-21
2.96732e-21
2.96598e-21
2.96709e-21
2.97025e-21
2.97457e-21
2.97902e-21
2.98272e-21
2.98505e-21
2.98569e-21
2.98453e-21
2.98161e-21
2.97706e-21
2.9711e-21
2.96401e-21
2.95615e-21
2.948e-21
2.94007e-21
2.93293e-21
2.92708e-21
2.92289e-21
2.92054e-21
2.91997e-21
2.9209e-21
2.92292e-21
2.92554e-21
2.92837e-21
2.9311e-21
2.93355e-21
2.93567e-21
2.93745e-21
2.93888e-21
2.93997e-21
2.94069e-21
2.94098e-21
2.94079e-21
2.94004e-21
2.93868e-21
2.93667e-21
2.93394e-21
2.93046e-21
2.92618e-21
2.92105e-21
2.91508e-21
2.90836e-21
2.9012e-21
2.89419e-21
2.88826e-21
2.88452e-21
2.88392e-21
2.88686e-21
2.89289e-21
2.90089e-21
2.90942e-21
2.9172e-21
2.92334e-21
2.9274e-21
2.92934e-21
2.92937e-21
2.92793e-21
2.92562e-21
2.92311e-21
2.92104e-21
2.91993e-21
2.91999e-21
2.92116e-21
2.92306e-21
2.92522e-21
2.92715e-21
2.92851e-21
2.92911e-21
2.9289e-21
2.92788e-21
2.92596e-21
2.9229e-21
2.91828e-21
2.91155e-21
2.90232e-21
2.89069e-21
2.87761e-21
2.86513e-21
2.85609e-21
2.85318e-21
2.85772e-21
2.86898e-21
2.8845e-21
2.90122e-21
2.91662e-21
2.9293e-21
2.93902e-21
2.94638e-21
2.9523e-21
2.95765e-21
2.963e-21
2.9685e-21
2.97398e-21
2.97913e-21
2.98362e-21
2.98724e-21
2.98988e-21
2.99153e-21
2.99225e-21
2.99208e-21
2.99109e-21
2.98929e-21
2.9867e-21
2.98337e-21
2.97936e-21
2.97477e-21
2.96978e-21
2.96456e-21
2.95932e-21
2.95423e-21
2.94943e-21
2.94506e-21
2.94127e-21
2.93824e-21
2.9362e-21
2.93539e-21
2.93604e-21
2.93828e-21
2.9421e-21
2.94731e-21
2.9536e-21
2.96051e-21
2.96756e-21
2.97427e-21
2.98019e-21
2.98494e-21
2.98825e-21
2.98993e-21
2.98993e-21
2.98832e-21
2.98529e-21
2.98113e-21
2.97619e-21
2.97087e-21
2.96551e-21
2.96039e-21
2.9557e-21
2.9516e-21
2.94825e-21
2.94588e-21
2.94484e-21
2.94552e-21
2.94823e-21
2.95308e-21
2.95989e-21
2.96815e-21
2.97716e-21
2.98621e-21
2.99466e-21
3.002e-21
3.00791e-21
3.01217e-21
3.01464e-21
3.01524e-21
3.0139e-21
3.01061e-21
3.00537e-21
2.99825e-21
2.98943e-21
2.97919e-21
2.96797e-21
2.95637e-21
2.94514e-21
2.93511e-21
2.92711e-21
2.92184e-21
2.91973e-21
2.92081e-21
2.92466e-21
2.93047e-21
2.93721e-21
2.94388e-21
2.94971e-21
2.95424e-21
2.95742e-21
2.9595e-21
2.96097e-21
2.96238e-21
2.96423e-21
2.96682e-21
2.9702e-21
2.97424e-21
2.97862e-21
2.98302e-21
2.98715e-21
2.99082e-21
2.99391e-21
2.9964e-21
2.9983e-21
2.99968e-21
3.00061e-21
3.00116e-21
3.00141e-21
3.00141e-21
3.00122e-21
3.00086e-21
3.00034e-21
2.99962e-21
2.99861e-21
2.99714e-21
2.99496e-21
2.99173e-21
2.98697e-21
2.98012e-21
2.97051e-21
2.95741e-21
2.94012e-21
2.91827e-21
2.89227e-21
2.86415e-21
2.8383e-21
2.82103e-21
2.81816e-21
2.83159e-21
2.85779e-21
2.88995e-21
2.92156e-21
2.94849e-21
2.9692e-21
2.98377e-21
2.99308e-21
2.9982e-21
3.0001e-21
2.99962e-21
2.99743e-21
2.99409e-21
2.99006e-21
2.9857e-21
2.98131e-21
2.97711e-21
2.97327e-21
2.97001e-21
2.96755e-21
2.96623e-21
2.96634e-21
2.96801e-21
2.97105e-21
2.97493e-21
2.97879e-21
2.9817e-21
2.9828e-21
2.98152e-21
2.97767e-21
2.97155e-21
2.96397e-21
2.95623e-21
2.94979e-21
2.9459e-21
2.94511e-21
2.94706e-21
2.9507e-21
2.95468e-21
2.95788e-21
2.95956e-21
2.9595e-21
2.95783e-21
2.95496e-21
2.95146e-21
2.94789e-21
2.94474e-21
2.94235e-21
2.94087e-21
2.94032e-21
2.9406e-21
2.94167e-21
2.94355e-21
2.94637e-21
2.9503e-21
2.9554e-21
2.96146e-21
2.96798e-21
2.97418e-21
2.97917e-21
2.98203e-21
2.98196e-21
2.9783e-21
2.97068e-21
2.95935e-21
2.94555e-21
2.93191e-21
2.92202e-21
2.91903e-21
2.92386e-21
2.93461e-21
2.94784e-21
2.96037e-21
2.97028e-21
2.97688e-21
2.98021e-21
2.98054e-21
2.97807e-21
2.97278e-21
2.96448e-21
2.953e-21
2.93851e-21
2.92204e-21
2.90593e-21
2.89357e-21
2.88821e-21
2.89116e-21
2.90092e-21
2.91413e-21
2.9274e-21
2.93852e-21
2.94674e-21
2.95227e-21
2.95581e-21
2.95816e-21
2.95997e-21
2.96163e-21
2.96325e-21
2.96475e-21
2.96596e-21
2.96665e-21
2.96666e-21
2.96587e-21
2.96424e-21
2.96172e-21
2.95831e-21
2.95403e-21
2.94891e-21
2.94309e-21
2.93674e-21
2.93017e-21
2.92375e-21
2.91795e-21
2.91319e-21
2.90985e-21
2.90816e-21
2.90814e-21
2.9096e-21
2.91215e-21
2.9153e-21
2.91851e-21
2.92127e-21
2.92318e-21
2.924e-21
2.92357e-21
2.92187e-21
2.91894e-21
2.91488e-21
2.90986e-21
2.9041e-21
2.89796e-21
2.89188e-21
2.88641e-21
2.88215e-21
2.87969e-21
2.87945e-21
2.8816e-21
2.88591e-21
2.89175e-21
2.89827e-21
2.90458e-21
2.90999e-21
2.91406e-21
2.91667e-21
2.918e-21
2.91838e-21
2.91832e-21
2.91836e-21
2.919e-21
2.92058e-21
2.92318e-21
2.92662e-21
2.9305e-21
2.9343e-21
2.93749e-21
2.93966e-21
2.94053e-21
2.93996e-21
2.938e-21
2.93482e-21
2.93075e-21
2.92621e-21
2.92168e-21
2.91763e-21
2.9144e-21
2.9122e-21
2.91105e-21
2.91081e-21
2.91126e-21
2.91214e-21
2.91317e-21
2.91412e-21
2.91479e-21
2.91504e-21
2.91484e-21
2.91422e-21
2.91332e-21
2.91237e-21
2.91164e-21
2.91143e-21
2.91199e-21
2.91346e-21
2.91588e-21
2.91914e-21
2.92302e-21
2.92723e-21
2.93143e-21
2.93529e-21
2.93849e-21
2.94076e-21
2.94186e-21
2.94159e-21
2.93983e-21
2.93658e-21
2.93203e-21
2.92664e-21
2.92114e-21
2.91642e-21
2.91334e-21
2.91236e-21
2.9134e-21
2.91586e-21
2.91885e-21
2.92151e-21
2.92329e-21
2.924e-21
2.92377e-21
2.92299e-21
2.92217e-21
2.92182e-21
2.92236e-21
2.92406e-21
2.92698e-21
2.93098e-21
2.93576e-21
2.94096e-21
2.94618e-21
2.95107e-21
2.95534e-21
2.95878e-21
2.96127e-21
2.96272e-21
2.96313e-21
2.96252e-21
2.96099e-21
2.95871e-21
2.95591e-21
2.95288e-21
2.94996e-21
2.94749e-21
2.94569e-21
2.9447e-21
2.94446e-21
2.94479e-21
2.94542e-21
2.94609e-21
2.94659e-21
2.94683e-21
2.94685e-21
2.9468e-21
2.94688e-21
2.94726e-21
2.94795e-21
2.9487e-21
2.94899e-21
2.94804e-21
2.94494e-21
2.93892e-21
2.9298e-21
2.91852e-21
2.90764e-21
2.9009e-21
2.90169e-21
2.91094e-21
2.92643e-21
2.94419e-21
2.96057e-21
2.97333e-21
2.98161e-21
2.98537e-21
2.98489e-21
2.98053e-21
2.97266e-21
2.96169e-21
2.94817e-21
2.93292e-21
2.91708e-21
2.90208e-21
2.88939e-21
2.88022e-21
2.87517e-21
2.874e-21
2.8758e-21
2.87945e-21
2.88413e-21
2.88961e-21
2.89609e-21
2.90386e-21
2.91294e-21
2.92299e-21
2.93341e-21
2.94352e-21
2.9527e-21
2.96044e-21
2.96644e-21
2.97057e-21
2.97282e-21
2.97332e-21
2.97226e-21
2.96984e-21
2.96629e-21
2.96178e-21
2.95652e-21
2.95065e-21
2.94433e-21
2.93773e-21
2.93102e-21
2.9244e-21
2.91806e-21
2.91219e-21
2.9069e-21
2.90227e-21
2.8983e-21
2.89496e-21
2.89223e-21
2.89011e-21
2.88862e-21
2.88778e-21
2.88757e-21
2.88794e-21
2.88879e-21
2.88996e-21
2.89129e-21
2.89265e-21
2.89398e-21
2.8953e-21
2.89668e-21
2.89822e-21
2.89999e-21
2.90202e-21
2.90426e-21
2.90657e-21
2.90884e-21
2.91091e-21
2.91268e-21
2.9141e-21
2.91514e-21
2.91581e-21
2.91617e-21
2.91624e-21
2.9161e-21
2.91577e-21
2.9153e-21
2.91472e-21
2.91403e-21
2.91324e-21
2.91235e-21
2.91133e-21
2.91015e-21
2.90879e-21
2.9072e-21
2.90536e-21
2.90323e-21
2.90079e-21
2.89801e-21
2.8949e-21
2.89146e-21
2.88767e-21
2.88352e-21
2.87896e-21
2.87392e-21
2.86833e-21
2.86216e-21
2.8556e-21
2.84914e-21
2.84364e-21
2.84019e-21
2.83981e-21
2.84293e-21
2.84919e-21
2.85753e-21
2.86663e-21
2.87532e-21
2.88284e-21
2.88883e-21
2.89324e-21
2.89621e-21
2.89792e-21
2.89858e-21
2.89835e-21
2.89738e-21
2.89576e-21
2.89355e-21
2.89079e-21
2.8875e-21
2.88365e-21
2.87924e-21
2.87424e-21
2.86867e-21
2.86256e-21
2.85604e-21
2.84936e-21
2.84286e-21
2.83699e-21
2.83227e-21
2.82912e-21
2.8278e-21
2.82832e-21
2.83045e-21
2.83379e-21
2.83788e-21
2.84228e-21
2.84664e-21
2.85073e-21
2.85439e-21
2.85749e-21
2.85999e-21
2.8618e-21
2.86286e-21
2.86311e-21
2.86247e-21
2.86085e-21
2.85819e-21
2.85445e-21
2.84963e-21
2.8438e-21
2.83709e-21
2.82969e-21
2.82184e-21
2.81379e-21
2.80581e-21
2.79819e-21
2.79126e-21
2.78547e-21
2.78136e-21
2.77945e-21
2.7801e-21
2.78327e-21
2.78838e-21
2.79448e-21
2.80041e-21
2.80518e-21
2.80812e-21
2.80894e-21
2.80769e-21
2.80466e-21
2.8003e-21
2.79515e-21
2.78977e-21
2.78467e-21
2.78028e-21
2.7769e-21
2.7747e-21
2.77383e-21
2.77442e-21
2.77663e-21
2.78054e-21
2.78605e-21
2.79279e-21
2.80018e-21
2.80752e-21
2.81416e-21
2.81958e-21
2.82343e-21
2.8255e-21
2.82573e-21
2.82413e-21
2.82082e-21
2.81607e-21
2.81036e-21
2.80441e-21
2.79913e-21
2.79546e-21
2.79411e-21
2.79529e-21
2.7987e-21
2.80361e-21
2.80914e-21
2.81453e-21
2.81926e-21
2.82306e-21
2.82587e-21
2.82773e-21
2.82879e-21
2.82919e-21
2.82907e-21
2.82858e-21
2.82783e-21
2.82693e-21
2.82598e-21
2.82507e-21
2.82428e-21
2.82367e-21
2.82331e-21
2.82321e-21
2.82339e-21
2.82382e-21
2.82445e-21
2.82518e-21
2.82591e-21
2.8265e-21
2.82683e-21
2.82677e-21
2.82624e-21
2.82522e-21
2.82378e-21
2.82207e-21
2.82037e-21
2.81904e-21
2.81849e-21
2.81905e-21
2.82096e-21
2.82423e-21
2.82871e-21
2.83407e-21
2.83994e-21
2.84594e-21
2.85178e-21
2.85723e-21
2.86217e-21
2.86658e-21
2.87043e-21
2.87377e-21
2.87664e-21
2.87908e-21
2.88112e-21
2.8828e-21
2.88414e-21
2.88517e-21
2.8859e-21
2.88638e-21
2.88664e-21
2.88672e-21
2.88669e-21
2.88662e-21
2.88655e-21
2.88656e-21
2.88669e-21
2.88696e-21
2.8874e-21
2.88797e-21
2.88864e-21
2.88935e-21
2.89001e-21
2.89053e-21
2.8908e-21
2.89071e-21
2.89018e-21
2.88912e-21
2.8875e-21
2.88534e-21
2.8827e-21
2.87976e-21
2.87674e-21
2.87394e-21
2.8717e-21
2.87031e-21
2.87002e-21
2.87093e-21
2.87304e-21
2.87621e-21
2.88024e-21
2.88486e-21
2.88985e-21
2.89502e-21
2.90021e-21
2.90535e-21
2.91037e-21
2.91524e-21
2.91994e-21
2.92444e-21
2.92868e-21
2.93258e-21
2.93602e-21
2.93885e-21
2.94089e-21
2.94196e-21
2.94184e-21
2.94029e-21
2.93708e-21
2.93196e-21
2.92471e-21
2.91517e-21
2.90345e-21
2.89013e-21
2.87655e-21
2.86481e-21
2.85733e-21
2.85579e-21
2.86029e-21
2.86933e-21
2.88065e-21
2.89226e-21
2.90294e-21
2.91215e-21
2.91976e-21
2.92576e-21
2.93014e-21
2.93287e-21
2.93394e-21
2.93337e-21
2.9313e-21
2.928e-21
2.92394e-21
2.9197e-21
2.91596e-21
2.91334e-21
2.91226e-21
2.91286e-21
2.91496e-21
2.91816e-21
2.92198e-21
2.92592e-21
2.92957e-21
2.93261e-21
2.93483e-21
2.93615e-21
2.93657e-21
2.93616e-21
2.9351e-21
2.93361e-21
2.93191e-21
2.93026e-21
2.92887e-21
2.92787e-21
2.92734e-21
2.92729e-21
2.92764e-21
2.9283e-21
2.92915e-21
2.93005e-21
2.93088e-21
2.93154e-21
2.93191e-21
