3.70702e-23
3.70702e-23
3.70702e-23
3.70702e-23
3.70702e-23
3.70702e-23
3.70702e-23
3.70701e-23
3.70701e-23
3.70701e-23
3.70701e-23
3.70701e-23
3.70701e-23
3.707e-23
3.70699e-23
3.70696e-23
3.70693e-23
3.70687e-23
3.70683e-23
3.70677e-23
3.70673e-23
3.70668e-23
3.70661e-23
3.70655e-23
3.70647e-23
3.70643e-23
3.7064e-23
3.70636e-23
3.70631e-23
3.70624e-23
3.70619e-23
3.70614e-23
3.7061e-23
3.70605e-23
3.706e-23
3.70594e-23
3.70589e-23
3.70585e-23
3.7058e-23
3.70578e-23
3.70577e-23
3.70573e-23
3.70569e-23
3.70567e-23
3.70565e-23
3.70564e-23
3.7056e-23
3.70557e-23
3.70552e-23
3.7055e-23
3.7055e-23
3.70547e-23
3.70545e-23
3.70542e-23
3.70542e-23
3.70539e-23
3.70536e-23
3.70534e-23
3.70532e-23
3.70529e-23
3.70528e-23
3.7053e-23
3.70528e-23
3.70526e-23
3.70523e-23
3.70519e-23
3.70518e-23
3.70515e-23
3.70513e-23
3.70511e-23
3.7051e-23
3.70509e-23
3.70508e-23
3.70504e-23
3.70503e-23
3.70499e-23
3.70499e-23
3.70495e-23
3.70493e-23
3.70491e-23
3.70489e-23
3.70488e-23
3.70487e-23
3.70484e-23
3.70482e-23
3.7048e-23
3.70478e-23
3.70478e-23
3.70477e-23
3.70474e-23
3.70472e-23
3.70467e-23
3.70464e-23
3.70463e-23
3.7046e-23
3.70457e-23
3.70456e-23
3.70455e-23
3.70455e-23
3.70455e-23
3.70454e-23
3.70454e-23
3.70454e-23
3.70455e-23
3.70457e-23
3.7046e-23
3.70465e-23
3.70467e-23
3.70473e-23
3.7048e-23
3.70485e-23
3.70491e-23
3.70497e-23
3.70505e-23
3.70512e-23
3.70522e-23
3.70536e-23
3.70556e-23
3.70578e-23
3.706e-23
3.70618e-23
3.70623e-23
3.70615e-23
3.70585e-23
3.70538e-23
3.70478e-23
3.70417e-23
3.70367e-23
3.70335e-23
3.70325e-23
3.70333e-23
3.70359e-23
3.70393e-23
3.70424e-23
3.70446e-23
3.70461e-23
3.70475e-23
3.70491e-23
3.70518e-23
3.70548e-23
3.70581e-23
3.70606e-23
3.70616e-23
3.70609e-23
3.70586e-23
3.70552e-23
3.70513e-23
3.7047e-23
3.70431e-23
3.70396e-23
3.70368e-23
3.70348e-23
3.70336e-23
3.70331e-23
3.70333e-23
3.70341e-23
3.70356e-23
3.70377e-23
3.704e-23
3.70428e-23
3.70457e-23
3.70484e-23
3.70511e-23
3.70535e-23
3.70557e-23
3.70573e-23
3.70582e-23
3.7059e-23
3.7059e-23
3.70585e-23
3.70579e-23
3.7057e-23
3.70559e-23
3.70542e-23
3.70519e-23
3.7049e-23
3.70458e-23
3.7043e-23
3.70411e-23
3.70404e-23
3.70407e-23
3.70423e-23
3.70445e-23
3.70467e-23
3.70489e-23
3.70508e-23
3.70524e-23
3.70533e-23
3.70536e-23
3.70535e-23
3.7053e-23
3.70519e-23
3.70504e-23
3.70488e-23
3.70473e-23
3.7046e-23
3.70449e-23
3.70442e-23
3.70439e-23
3.70441e-23
3.70447e-23
3.70452e-23
3.70459e-23
3.70469e-23
3.70479e-23
3.70489e-23
3.70498e-23
3.70507e-23
3.70515e-23
3.70524e-23
3.70534e-23
3.70544e-23
3.70558e-23
3.70572e-23
3.70582e-23
3.70588e-23
3.70586e-23
3.70574e-23
3.70551e-23
3.70522e-23
3.70493e-23
3.70466e-23
3.70446e-23
3.7044e-23
3.70446e-23
3.70462e-23
3.70487e-23
3.70513e-23
3.70533e-23
3.70542e-23
3.70532e-23
3.705e-23
3.70457e-23
3.70414e-23
3.70387e-23
3.7038e-23
3.70392e-23
3.70418e-23
3.70453e-23
3.70489e-23
3.70519e-23
3.70542e-23
3.70553e-23
3.70545e-23
3.70523e-23
3.70494e-23
3.7046e-23
3.70438e-23
3.70433e-23
3.70444e-23
3.70469e-23
3.70503e-23
3.70535e-23
3.70558e-23
3.70566e-23
3.70562e-23
3.70544e-23
3.70517e-23
3.70491e-23
3.70469e-23
3.70451e-23
3.7044e-23
3.70436e-23
3.70434e-23
3.70437e-23
3.70444e-23
3.70454e-23
3.70462e-23
3.70472e-23
3.7048e-23
3.70484e-23
3.70488e-23
3.7049e-23
3.70491e-23
3.70492e-23
3.70496e-23
3.70504e-23
3.70515e-23
3.7053e-23
3.70548e-23
3.70567e-23
3.70583e-23
3.70593e-23
3.70593e-23
3.70583e-23
3.70559e-23
3.70529e-23
3.70494e-23
3.70459e-23
3.70433e-23
3.70417e-23
3.70409e-23
3.70409e-23
3.70416e-23
3.70425e-23
3.70435e-23
3.70445e-23
3.70454e-23
3.70459e-23
3.70465e-23
3.70469e-23
3.70471e-23
3.70473e-23
3.70474e-23
3.70473e-23
3.70474e-23
3.70475e-23
3.70478e-23
3.70485e-23
3.70492e-23
3.70502e-23
3.70518e-23
3.70537e-23
3.7056e-23
3.70583e-23
3.70604e-23
3.70618e-23
3.70617e-23
3.70601e-23
3.70568e-23
3.7053e-23
3.70487e-23
3.70445e-23
3.70406e-23
3.70377e-23
3.70362e-23
3.70363e-23
3.70383e-23
3.70417e-23
3.70463e-23
3.70517e-23
3.7057e-23
3.70624e-23
3.70673e-23
3.70711e-23
3.70738e-23
3.70751e-23
3.7074e-23
3.70711e-23
3.70657e-23
3.70589e-23
3.70506e-23
3.70428e-23
3.70362e-23
3.70319e-23
3.70301e-23
3.70303e-23
3.7032e-23
3.70346e-23
3.70371e-23
3.70399e-23
3.70428e-23
3.70455e-23
3.70477e-23
3.70497e-23
3.70514e-23
3.70527e-23
3.70538e-23
3.70545e-23
3.70549e-23
3.70551e-23
3.70547e-23
3.7054e-23
3.70531e-23
3.7052e-23
3.70512e-23
3.70501e-23
3.70492e-23
3.70487e-23
3.70485e-23
3.70482e-23
3.70481e-23
3.70482e-23
3.70483e-23
3.70488e-23
3.70487e-23
3.70488e-23
3.70487e-23
3.70488e-23
3.70488e-23
3.70488e-23
3.70489e-23
3.70491e-23
3.70494e-23
3.70499e-23
3.70506e-23
3.70516e-23
3.70527e-23
3.70544e-23
3.70569e-23
3.70602e-23
3.70648e-23
3.70699e-23
3.70754e-23
3.70794e-23
3.70796e-23
3.70734e-23
3.70611e-23
3.70461e-23
3.70343e-23
3.70286e-23
3.70293e-23
3.7034e-23
3.70397e-23
3.70454e-23
3.70503e-23
3.70546e-23
3.70577e-23
3.70595e-23
3.70598e-23
3.70583e-23
3.70549e-23
3.70503e-23
3.7046e-23
3.70425e-23
3.70402e-23
3.70397e-23
3.70405e-23
3.70422e-23
3.70443e-23
3.70467e-23
3.70488e-23
3.70507e-23
3.70527e-23
3.70547e-23
3.70568e-23
3.70593e-23
3.70623e-23
3.70658e-23
3.70694e-23
3.70727e-23
3.70746e-23
3.70729e-23
3.70667e-23
3.70562e-23
3.70438e-23
3.70334e-23
3.70271e-23
3.70261e-23
3.70289e-23
3.70339e-23
3.70395e-23
3.70447e-23
3.70492e-23
3.70528e-23
3.70561e-23
3.70582e-23
3.70596e-23
3.70597e-23
3.70588e-23
3.70566e-23
3.70533e-23
3.70499e-23
3.70469e-23
3.70448e-23
3.70439e-23
3.70439e-23
3.70448e-23
3.70461e-23
3.70473e-23
3.70486e-23
3.705e-23
3.70514e-23
3.70527e-23
3.70542e-23
3.70555e-23
3.70572e-23
3.70592e-23
3.70613e-23
3.70632e-23
3.70646e-23
3.70655e-23
3.70655e-23
3.70639e-23
3.70615e-23
3.7058e-23
3.70543e-23
3.70514e-23
3.70498e-23
3.70496e-23
3.70505e-23
3.70518e-23
3.70529e-23
3.70537e-23
3.70536e-23
3.70532e-23
3.70522e-23
3.70508e-23
3.70499e-23
3.70489e-23
3.70478e-23
3.70467e-23
3.70451e-23
3.70433e-23
3.70414e-23
3.70401e-23
3.70396e-23
3.70399e-23
3.70414e-23
3.70435e-23
3.70459e-23
3.70486e-23
3.70511e-23
3.70533e-23
3.70553e-23
3.70571e-23
3.70584e-23
3.70592e-23
3.70592e-23
3.70584e-23
3.70567e-23
3.70545e-23
3.70523e-23
3.70503e-23
3.70485e-23
3.70475e-23
3.70471e-23
3.70472e-23
3.70478e-23
3.70485e-23
3.70493e-23
3.70501e-23
3.70508e-23
3.70515e-23
3.70519e-23
3.70522e-23
3.70523e-23
3.70523e-23
3.70523e-23
3.70524e-23
3.70523e-23
3.70525e-23
3.70527e-23
3.70525e-23
3.70522e-23
3.70519e-23
3.70515e-23
3.70508e-23
3.70499e-23
3.7049e-23
3.70481e-23
3.70476e-23
3.70474e-23
3.70474e-23
3.70478e-23
3.70482e-23
3.70486e-23
3.70488e-23
3.70488e-23
3.70484e-23
3.70482e-23
3.70481e-23
3.70485e-23
3.70493e-23
3.70504e-23
3.70518e-23
3.70532e-23
3.70547e-23
3.70558e-23
3.70565e-23
3.70563e-23
3.70553e-23
3.70537e-23
3.70518e-23
3.70499e-23
3.70485e-23
3.70475e-23
3.7047e-23
3.70467e-23
3.70459e-23
3.70451e-23
3.70444e-23
3.70434e-23
3.70425e-23
3.70418e-23
3.70417e-23
3.70421e-23
3.70429e-23
3.70438e-23
3.7045e-23
3.70461e-23
3.7047e-23
3.70475e-23
3.70478e-23
3.7048e-23
3.7048e-23
3.70483e-23
3.70483e-23
3.70487e-23
3.70492e-23
3.705e-23
3.70509e-23
3.70521e-23
3.70535e-23
3.70557e-23
3.70586e-23
3.70626e-23
3.70675e-23
3.70728e-23
3.70756e-23
3.70725e-23
3.70614e-23
3.70443e-23
3.70283e-23
3.70197e-23
3.70194e-23
3.70248e-23
3.70324e-23
3.70401e-23
3.70463e-23
3.70514e-23
3.70546e-23
3.70563e-23
3.70565e-23
3.70555e-23
3.70539e-23
3.70525e-23
3.70518e-23
3.70518e-23
3.7052e-23
3.70519e-23
3.70504e-23
3.70477e-23
3.7044e-23
3.70404e-23
3.70378e-23
3.70367e-23
3.70366e-23
3.70375e-23
3.70388e-23
3.70404e-23
3.70418e-23
3.70431e-23
3.70442e-23
3.70451e-23
3.70457e-23
3.70463e-23
3.70467e-23
3.70468e-23
3.7047e-23
3.70472e-23
3.70474e-23
3.70478e-23
3.70479e-23
3.70481e-23
3.70486e-23
3.7049e-23
3.70494e-23
3.70496e-23
3.70499e-23
3.70503e-23
3.70505e-23
3.70505e-23
3.70508e-23
3.70509e-23
3.70512e-23
3.70513e-23
3.70518e-23
3.70527e-23
3.7054e-23
3.70556e-23
3.70575e-23
3.70599e-23
3.70628e-23
3.70656e-23
3.70676e-23
3.70674e-23
3.70634e-23
3.70549e-23
3.70432e-23
3.70312e-23
3.70225e-23
3.70192e-23
3.70206e-23
3.70249e-23
3.70304e-23
3.70357e-23
3.70403e-23
3.70444e-23
3.70478e-23
3.70505e-23
3.70527e-23
3.70546e-23
3.70561e-23
3.70573e-23
3.70583e-23
3.70592e-23
3.70595e-23
3.70591e-23
3.70578e-23
3.70564e-23
3.70547e-23
3.70532e-23
3.70526e-23
3.70527e-23
3.70539e-23
3.70545e-23
3.70536e-23
3.70502e-23
3.7045e-23
3.70388e-23
3.70334e-23
3.70305e-23
3.70304e-23
3.70323e-23
3.70355e-23
3.70388e-23
3.7042e-23
3.70447e-23
3.70472e-23
3.70494e-23
3.70514e-23
3.70533e-23
3.7055e-23
3.70569e-23
3.70589e-23
3.70608e-23
3.70628e-23
3.70646e-23
3.70655e-23
3.70657e-23
3.70642e-23
3.70612e-23
3.70569e-23
3.7052e-23
3.70472e-23
3.70433e-23
3.70408e-23
3.70393e-23
3.70387e-23
3.70387e-23
3.70394e-23
3.70402e-23
3.70416e-23
3.7044e-23
3.70467e-23
3.70506e-23
3.70557e-23
3.70612e-23
3.70659e-23
3.70681e-23
3.70653e-23
3.7057e-23
3.70456e-23
3.70347e-23
3.70285e-23
3.70275e-23
3.70305e-23
3.70346e-23
3.70391e-23
3.70427e-23
3.70453e-23
3.70471e-23
3.70482e-23
3.70489e-23
3.70495e-23
3.70496e-23
3.70498e-23
3.705e-23
3.70503e-23
3.70503e-23
3.70502e-23
3.70501e-23
3.70495e-23
3.7049e-23
3.70484e-23
3.70478e-23
3.70474e-23
3.70472e-23
3.70477e-23
3.70491e-23
3.70518e-23
3.70563e-23
3.70627e-23
3.70705e-23
3.7077e-23
3.7078e-23
3.70694e-23
3.70515e-23
3.70319e-23
3.702e-23
3.70186e-23
3.70247e-23
3.70339e-23
3.70431e-23
3.70514e-23
3.7059e-23
3.70669e-23
3.70761e-23
3.70863e-23
3.70948e-23
3.70948e-23
3.70797e-23
3.70518e-23
3.70241e-23
3.70098e-23
3.70102e-23
3.70181e-23
3.70272e-23
3.70344e-23
3.70391e-23
3.70419e-23
3.7043e-23
3.70436e-23
3.70435e-23
3.70435e-23
3.70433e-23
3.70433e-23
3.70439e-23
3.7045e-23
3.70468e-23
3.70491e-23
3.7052e-23
3.70552e-23
3.70584e-23
3.70615e-23
3.70641e-23
3.70657e-23
3.70653e-23
3.7063e-23
3.70589e-23
3.70539e-23
3.70488e-23
3.70445e-23
3.70417e-23
3.70406e-23
3.70413e-23
3.70439e-23
3.70483e-23
3.70542e-23
3.70612e-23
3.70686e-23
3.70742e-23
3.70752e-23
3.70689e-23
3.70557e-23
3.70409e-23
3.70304e-23
3.70271e-23
3.70297e-23
3.70348e-23
3.70404e-23
3.70449e-23
3.7048e-23
3.70501e-23
3.7051e-23
3.70515e-23
3.7052e-23
3.70526e-23
3.70535e-23
3.70551e-23
3.70567e-23
3.7058e-23
3.70589e-23
3.70586e-23
3.70573e-23
3.70556e-23
3.70539e-23
3.70529e-23
3.7053e-23
3.70539e-23
3.7055e-23
3.70552e-23
3.70542e-23
3.7052e-23
3.70491e-23
3.70464e-23
3.70448e-23
3.7045e-23
3.70465e-23
3.7049e-23
3.70517e-23
3.7054e-23
3.70555e-23
3.70564e-23
3.70561e-23
3.70555e-23
3.70537e-23
3.70521e-23
3.7051e-23
3.70504e-23
3.70509e-23
3.70522e-23
3.70541e-23
3.70565e-23
3.70591e-23
3.70611e-23
3.70622e-23
3.70619e-23
3.706e-23
3.70568e-23
3.70529e-23
3.70485e-23
3.70447e-23
3.70424e-23
3.70422e-23
3.70438e-23
3.70464e-23
3.705e-23
3.70536e-23
3.70559e-23
3.70574e-23
3.70579e-23
3.70572e-23
3.70558e-23
3.70537e-23
3.70512e-23
3.70486e-23
3.70467e-23
3.70451e-23
3.70444e-23
3.70446e-23
3.70453e-23
3.70464e-23
3.70475e-23
3.70485e-23
3.70491e-23
3.70497e-23
3.70499e-23
3.70499e-23
3.705e-23
3.70499e-23
3.70496e-23
3.70496e-23
3.70498e-23
3.705e-23
3.70501e-23
3.70499e-23
3.70502e-23
3.70503e-23
3.70503e-23
3.70506e-23
3.70507e-23
3.70508e-23
3.70511e-23
3.70513e-23
3.70516e-23
3.70521e-23
3.70524e-23
3.70529e-23
3.70537e-23
3.70542e-23
3.70547e-23
3.70548e-23
3.70545e-23
3.70539e-23
3.70528e-23
3.70514e-23
3.70498e-23
3.70486e-23
3.70475e-23
3.70471e-23
3.7047e-23
3.70474e-23
3.70478e-23
3.70483e-23
3.70488e-23
3.70491e-23
3.70489e-23
3.70485e-23
3.70481e-23
3.70474e-23
3.7047e-23
3.70464e-23
3.70462e-23
3.70461e-23
3.70463e-23
3.70465e-23
3.70471e-23
3.70479e-23
3.7049e-23
3.70502e-23
3.70512e-23
3.70525e-23
3.70538e-23
3.70548e-23
3.70558e-23
3.70564e-23
3.70569e-23
3.70569e-23
3.70559e-23
3.70537e-23
3.70503e-23
3.70461e-23
3.70417e-23
3.70384e-23
3.70366e-23
3.70364e-23
3.70382e-23
3.70415e-23
3.70462e-23
3.70526e-23
3.70603e-23
3.70691e-23
3.7078e-23
3.70846e-23
3.70849e-23
3.70771e-23
3.70629e-23
3.70484e-23
3.23689e-23
3.23652e-23
3.23648e-23
3.23656e-23
3.23662e-23
3.23666e-23
3.2367e-23
3.23679e-23
3.23693e-23
3.23713e-23
3.23735e-23
3.23753e-23
3.23771e-23
3.23785e-23
3.238e-23
3.23808e-23
3.23818e-23
3.23827e-23
3.23832e-23
3.2384e-23
3.23849e-23
3.23862e-23
3.23871e-23
3.23881e-23
3.23889e-23
3.23894e-23
3.23892e-23
3.23882e-23
3.23864e-23
3.23837e-23
3.23809e-23
3.23781e-23
3.23757e-23
3.23744e-23
3.23739e-23
3.23742e-23
3.23749e-23
3.23758e-23
3.23768e-23
3.23777e-23
3.23785e-23
3.23794e-23
3.23801e-23
3.23804e-23
3.2381e-23
3.23814e-23
3.23817e-23
3.23817e-23
3.23819e-23
3.23815e-23
3.23813e-23
3.23807e-23
3.23802e-23
3.23795e-23
3.23792e-23
3.23787e-23
3.23788e-23
3.2379e-23
3.23793e-23
3.23799e-23
3.23806e-23
3.23811e-23
3.23815e-23
3.23818e-23
3.23818e-23
3.23812e-23
3.23804e-23
3.23795e-23
3.23785e-23
3.23774e-23
3.23764e-23
3.23761e-23
3.23757e-23
3.23757e-23
3.23757e-23
3.23761e-23
3.23764e-23
3.2377e-23
3.23776e-23
3.23782e-23
3.23787e-23
3.23792e-23
3.23796e-23
3.23799e-23
3.23798e-23
3.23795e-23
3.2379e-23
3.23779e-23
3.2377e-23
3.23759e-23
3.23744e-23
3.23731e-23
3.23719e-23
3.23711e-23
3.23706e-23
3.23712e-23
3.23716e-23
3.23727e-23
3.23738e-23
3.23749e-23
3.23758e-23
3.23763e-23
3.23761e-23
3.23757e-23
3.23749e-23
3.23738e-23
3.23728e-23
3.23718e-23
3.23714e-23
3.23715e-23
3.23722e-23
3.23733e-23
3.23742e-23
3.23755e-23
3.23767e-23
3.23781e-23
3.23796e-23
3.2381e-23
3.23823e-23
3.23834e-23
3.23845e-23
3.23856e-23
3.23866e-23
3.23872e-23
3.23877e-23
3.23881e-23
3.23882e-23
3.23879e-23
3.2387e-23
3.23854e-23
3.23831e-23
3.23804e-23
3.23781e-23
3.23766e-23
3.23767e-23
3.23778e-23
3.23792e-23
3.23795e-23
3.23772e-23
3.23718e-23
3.2365e-23
3.23587e-23
3.23547e-23
3.23533e-23
3.23535e-23
3.2355e-23
3.23567e-23
3.23593e-23
3.23621e-23
3.23651e-23
3.23681e-23
3.23711e-23
3.23738e-23
3.23764e-23
3.23788e-23
3.23811e-23
3.23832e-23
3.23851e-23
3.23866e-23
3.23878e-23
3.23886e-23
3.23885e-23
3.23877e-23
3.23864e-23
3.23851e-23
3.23843e-23
3.23838e-23
3.23835e-23
3.23836e-23
3.23832e-23
3.23821e-23
3.23805e-23
3.23785e-23
3.23771e-23
3.23761e-23
3.23759e-23
3.23758e-23
3.23763e-23
3.23764e-23
3.23761e-23
3.23752e-23
3.23743e-23
3.23732e-23
3.23728e-23
3.23722e-23
3.23721e-23
3.23724e-23
3.23727e-23
3.2373e-23
3.23736e-23
3.2374e-23
3.23747e-23
3.23752e-23
3.2376e-23
3.23769e-23
3.23779e-23
3.23789e-23
3.23798e-23
3.23807e-23
3.23812e-23
3.23816e-23
3.23817e-23
3.23813e-23
3.23807e-23
3.23801e-23
3.23794e-23
3.23785e-23
3.23774e-23
3.23762e-23
3.23752e-23
3.23746e-23
3.23743e-23
3.23747e-23
3.23756e-23
3.23772e-23
3.23792e-23
3.23812e-23
3.2383e-23
3.23844e-23
3.23855e-23
3.23856e-23
3.23848e-23
3.23831e-23
3.23811e-23
3.23795e-23
3.23791e-23
3.23798e-23
3.23811e-23
3.23824e-23
3.23833e-23
3.23837e-23
3.23839e-23
3.23837e-23
3.2383e-23
3.23821e-23
3.23806e-23
3.23793e-23
3.23782e-23
3.23775e-23
3.23774e-23
3.23771e-23
3.23766e-23
3.23757e-23
3.23741e-23
3.23727e-23
3.23712e-23
3.23703e-23
3.23698e-23
3.23702e-23
3.23713e-23
3.23731e-23
3.23748e-23
3.23767e-23
3.23784e-23
3.23801e-23
3.23814e-23
3.23823e-23
3.23829e-23
3.23831e-23
3.23832e-23
3.23828e-23
3.23824e-23
3.23817e-23
3.23809e-23
3.23804e-23
3.23795e-23
3.23791e-23
3.23785e-23
3.23779e-23
3.23777e-23
3.23776e-23
3.2378e-23
3.23788e-23
3.238e-23
3.23821e-23
3.23846e-23
3.23877e-23
3.23912e-23
3.23946e-23
3.23974e-23
3.23983e-23
3.23961e-23
3.23916e-23
3.23848e-23
3.23776e-23
3.2372e-23
3.23685e-23
3.23668e-23
3.23666e-23
3.23674e-23
3.23688e-23
3.23704e-23
3.23722e-23
3.2374e-23
3.23757e-23
3.23771e-23
3.23782e-23
3.23791e-23
3.23798e-23
3.23805e-23
3.23808e-23
3.23811e-23
3.23813e-23
3.23816e-23
3.2382e-23
3.23828e-23
3.23836e-23
3.2385e-23
3.23869e-23
3.23888e-23
3.23908e-23
3.23918e-23
3.23919e-23
3.23907e-23
3.23882e-23
3.2385e-23
3.23819e-23
3.23796e-23
3.23783e-23
3.23782e-23
3.23786e-23
3.2379e-23
3.23793e-23
3.23792e-23
3.23789e-23
3.23783e-23
3.23776e-23
3.23767e-23
3.2376e-23
3.23756e-23
3.23752e-23
3.2375e-23
3.2375e-23
3.23752e-23
3.23755e-23
3.23762e-23
3.23768e-23
3.23774e-23
3.2378e-23
3.23787e-23
3.23792e-23
3.23797e-23
3.23803e-23
3.23808e-23
3.23814e-23
3.23821e-23
3.23826e-23
3.2383e-23
3.23832e-23
3.23834e-23
3.23837e-23
3.23838e-23
3.23836e-23
3.23835e-23
3.23831e-23
3.23828e-23
3.23825e-23
3.23823e-23
3.23822e-23
3.23823e-23
3.23827e-23
3.23833e-23
3.23845e-23
3.23859e-23
3.23879e-23
3.23899e-23
3.23918e-23
3.23929e-23
3.2392e-23
3.23888e-23
3.23836e-23
3.23771e-23
3.23711e-23
3.2367e-23
3.23654e-23
3.2366e-23
3.2368e-23
3.23704e-23
3.2373e-23
3.23753e-23
3.23771e-23
3.23787e-23
3.23796e-23
3.23804e-23
3.23811e-23
3.23813e-23
3.23813e-23
3.23814e-23
3.23814e-23
3.23813e-23
3.23809e-23
3.23806e-23
3.23804e-23
3.23802e-23
3.238e-23
3.23799e-23
3.23799e-23
3.238e-23
3.23802e-23
3.23805e-23
3.2381e-23
3.23815e-23
3.23821e-23
3.23827e-23
3.23831e-23
3.23836e-23
3.2384e-23
3.23844e-23
3.23846e-23
3.23843e-23
3.23833e-23
3.23819e-23
3.23795e-23
3.23765e-23
3.23734e-23
3.23707e-23
3.23685e-23
3.23674e-23
3.23675e-23
3.23685e-23
3.23702e-23
3.23723e-23
3.23746e-23
3.2377e-23
3.23796e-23
3.23822e-23
3.23849e-23
3.23878e-23
3.23906e-23
3.23932e-23
3.2395e-23
3.23955e-23
3.23936e-23
3.23892e-23
3.2383e-23
3.23762e-23
3.23706e-23
3.23673e-23
3.23664e-23
3.23672e-23
3.23689e-23
3.23715e-23
3.23739e-23
3.23763e-23
3.23785e-23
3.23805e-23
3.23824e-23
3.23842e-23
3.23858e-23
3.23869e-23
3.23876e-23
3.23878e-23
3.23873e-23
3.2386e-23
3.23841e-23
3.23818e-23
3.2379e-23
3.23762e-23
3.23738e-23
3.23719e-23
3.23704e-23
3.23696e-23
3.23694e-23
3.23699e-23
3.2371e-23
3.23727e-23
3.23749e-23
3.23776e-23
3.2381e-23
3.23848e-23
3.23891e-23
3.23936e-23
3.23982e-23
3.24018e-23
3.24042e-23
3.24051e-23
3.24044e-23
3.24027e-23
3.24007e-23
3.23981e-23
3.23948e-23
3.23902e-23
3.2384e-23
3.23765e-23
3.23696e-23
3.23639e-23
3.23611e-23
3.23608e-23
3.23623e-23
3.23649e-23
3.2368e-23
3.23706e-23
3.23725e-23
3.23739e-23
3.23749e-23
3.23754e-23
3.23761e-23
3.23768e-23
3.23779e-23
3.23791e-23
3.23805e-23
3.23819e-23
3.23834e-23
3.23848e-23
3.23867e-23
3.23885e-23
3.23904e-23
3.23922e-23
3.23942e-23
3.23959e-23
3.23972e-23
3.23974e-23
3.23966e-23
3.23941e-23
3.239e-23
3.23849e-23
3.23798e-23
3.23754e-23
3.23722e-23
3.23703e-23
3.23694e-23
3.23694e-23
3.237e-23
3.23712e-23
3.23728e-23
3.23743e-23
3.23762e-23
3.23782e-23
3.23803e-23
3.23821e-23
3.23844e-23
3.23865e-23
3.23886e-23
3.23899e-23
3.23902e-23
3.23893e-23
3.23872e-23
3.23843e-23
3.23816e-23
3.23792e-23
3.23777e-23
3.23775e-23
3.23782e-23
3.23789e-23
3.23794e-23
3.23794e-23
3.2379e-23
3.23788e-23
3.23785e-23
3.23789e-23
3.23799e-23
3.23815e-23
3.23833e-23
3.23856e-23
3.23881e-23
3.23905e-23
3.23928e-23
3.2395e-23
3.23966e-23
3.23969e-23
3.23959e-23
3.23932e-23
3.23893e-23
3.23849e-23
3.23809e-23
3.23781e-23
3.23762e-23
3.23749e-23
3.23738e-23
3.23721e-23
3.23701e-23
3.23683e-23
3.23664e-23
3.23655e-23
3.23652e-23
3.23662e-23
3.23682e-23
3.23706e-23
3.23733e-23
3.23761e-23
3.23788e-23
3.23815e-23
3.23839e-23
3.23863e-23
3.2388e-23
3.23895e-23
3.23906e-23
3.23915e-23
3.23917e-23
3.23921e-23
3.23921e-23
3.23918e-23
3.23914e-23
3.23905e-23
3.23889e-23
3.23869e-23
3.23847e-23
3.23827e-23
3.23812e-23
3.23813e-23
3.23823e-23
3.23843e-23
3.2387e-23
3.23901e-23
3.23926e-23
3.23943e-23
3.23948e-23
3.2394e-23
3.23914e-23
3.2388e-23
3.23845e-23
3.23814e-23
3.23797e-23
3.23796e-23
3.23807e-23
3.23821e-23
3.23831e-23
3.23833e-23
3.23821e-23
3.23798e-23
3.23771e-23
3.23747e-23
3.23733e-23
3.23733e-23
3.23746e-23
3.23764e-23
3.23786e-23
3.23805e-23
3.23822e-23
3.23835e-23
3.23844e-23
3.23849e-23
3.23853e-23
3.23855e-23
3.23853e-23
3.23852e-23
3.23848e-23
3.2384e-23
3.23835e-23
3.2383e-23
3.23824e-23
3.23817e-23
3.23814e-23
3.23809e-23
3.23805e-23
3.23802e-23
3.23801e-23
3.238e-23
3.23803e-23
3.23807e-23
3.23811e-23
3.23818e-23
3.23828e-23
3.23836e-23
3.23844e-23
3.23851e-23
3.23858e-23
3.23864e-23
3.23867e-23
3.23866e-23
3.23865e-23
3.23858e-23
3.23844e-23
3.23826e-23
3.23804e-23
3.23775e-23
3.2375e-23
3.23727e-23
3.23712e-23
3.23705e-23
3.23705e-23
3.2371e-23
3.2372e-23
3.23735e-23
3.2375e-23
3.23767e-23
3.23788e-23
3.23809e-23
3.23828e-23
3.23847e-23
3.23865e-23
3.2388e-23
3.23892e-23
3.23896e-23
3.23893e-23
3.23878e-23
3.23863e-23
3.23851e-23
3.23853e-23
3.23867e-23
3.23884e-23
3.23884e-23
3.23854e-23
3.23791e-23
3.23719e-23
3.23669e-23
3.23661e-23
3.23692e-23
3.23745e-23
3.23801e-23
3.23849e-23
3.23881e-23
3.23893e-23
3.2388e-23
3.23845e-23
3.23797e-23
3.23745e-23
3.23696e-23
3.23661e-23
3.23645e-23
3.23643e-23
3.23655e-23
3.23676e-23
3.23697e-23
3.23721e-23
3.23739e-23
3.23759e-23
3.23775e-23
3.23789e-23
3.238e-23
3.2381e-23
3.2382e-23
3.23827e-23
3.23834e-23
3.23843e-23
3.23853e-23
3.23865e-23
3.23881e-23
3.23899e-23
3.2392e-23
3.23945e-23
3.2397e-23
3.2399e-23
3.23996e-23
3.23976e-23
3.23929e-23
3.2386e-23
3.23783e-23
3.23722e-23
3.23688e-23
3.23685e-23
3.23702e-23
3.23727e-23
3.23754e-23
3.23778e-23
3.23795e-23
3.23807e-23
3.23813e-23
3.23817e-23
3.23818e-23
3.23816e-23
3.23812e-23
3.23806e-23
3.23799e-23
3.23794e-23
3.23787e-23
3.23783e-23
3.23781e-23
3.23783e-23
3.23784e-23
3.23788e-23
3.23792e-23
3.23795e-23
3.23796e-23
3.23798e-23
3.23797e-23
3.23795e-23
3.23791e-23
3.23788e-23
3.23786e-23
3.23784e-23
3.23785e-23
3.23787e-23
3.23788e-23
3.23791e-23
3.23793e-23
3.23797e-23
3.238e-23
3.23805e-23
3.2381e-23
3.23814e-23
3.23821e-23
3.23829e-23
3.2384e-23
3.23855e-23
3.23871e-23
3.23891e-23
3.2391e-23
3.23927e-23
3.23933e-23
3.23922e-23
3.23897e-23
3.23857e-23
3.23808e-23
3.2376e-23
3.23721e-23
3.23698e-23
3.23687e-23
3.23692e-23
3.23705e-23
3.23727e-23
3.2375e-23
3.23772e-23
3.23792e-23
3.23806e-23
3.23812e-23
3.23809e-23
3.23797e-23
3.23784e-23
3.23771e-23
3.23764e-23
3.23762e-23
3.23762e-23
3.23766e-23
3.23774e-23
3.2378e-23
3.23782e-23
3.23782e-23
3.23779e-23
3.23774e-23
3.23771e-23
3.23767e-23
3.23768e-23
3.23775e-23
3.2379e-23
3.23808e-23
3.23832e-23
3.23852e-23
3.2386e-23
3.23845e-23
3.238e-23
3.23732e-23
3.2366e-23
3.23607e-23
3.23585e-23
3.23597e-23
3.23631e-23
3.23674e-23
3.2372e-23
3.23765e-23
3.23805e-23
3.23843e-23
3.23878e-23
3.23911e-23
3.23941e-23
3.23964e-23
3.23974e-23
3.23967e-23
3.2394e-23
3.23897e-23
3.23843e-23
3.23793e-23
3.23749e-23
3.2371e-23
3.23679e-23
3.23657e-23
3.23648e-23
3.23651e-23
3.23659e-23
3.2367e-23
3.2368e-23
3.23686e-23
3.23692e-23
3.23704e-23
3.2372e-23
3.23737e-23
3.23753e-23
3.23767e-23
3.23781e-23
3.23787e-23
3.23792e-23
3.23793e-23
3.23795e-23
3.238e-23
3.23807e-23
3.23816e-23
3.23825e-23
3.23831e-23
3.23837e-23
3.23844e-23
3.23853e-23
3.23865e-23
3.23883e-23
3.23902e-23
3.2392e-23
3.2393e-23
3.23927e-23
3.23907e-23
3.23871e-23
3.23825e-23
3.23777e-23
3.23729e-23
3.23686e-23
3.23657e-23
3.23641e-23
3.23638e-23
3.23647e-23
3.23663e-23
3.23686e-23
3.23713e-23
3.23746e-23
3.23779e-23
3.23814e-23
3.23844e-23
3.23865e-23
3.23873e-23
3.2387e-23
3.23857e-23
3.23839e-23
3.23824e-23
3.23813e-23
3.23813e-23
3.23821e-23
3.23833e-23
3.23844e-23
3.23854e-23
3.2386e-23
3.2386e-23
3.23857e-23
3.2385e-23
3.23841e-23
3.23831e-23
3.2382e-23
3.2381e-23
3.23802e-23
3.23796e-23
3.23791e-23
3.23786e-23
3.23784e-23
3.23783e-23
3.23786e-23
3.23788e-23
3.23791e-23
3.23797e-23
3.23803e-23
3.23809e-23
3.23818e-23
3.23825e-23
3.2383e-23
3.23835e-23
3.23837e-23
3.23838e-23
3.23838e-23
3.23838e-23
3.23834e-23
3.23831e-23
3.23827e-23
3.23824e-23
3.23822e-23
3.2382e-23
3.23819e-23
3.23819e-23
3.23821e-23
3.23824e-23
3.23833e-23
3.23841e-23
3.2385e-23
3.23858e-23
3.23864e-23
3.23865e-23
3.23862e-23
3.23848e-23
3.23828e-23
3.23802e-23
3.23776e-23
3.23756e-23
3.23744e-23
3.23741e-23
3.23748e-23
3.2376e-23
3.23775e-23
3.23789e-23
3.23798e-23
3.23805e-23
3.23806e-23
3.23806e-23
3.23804e-23
3.23801e-23
3.23801e-23
3.23799e-23
3.238e-23
3.23808e-23
3.23815e-23
3.23821e-23
3.23829e-23
3.23836e-23
3.23843e-23
3.2385e-23
3.23855e-23
3.23855e-23
3.23853e-23
3.23845e-23
3.23832e-23
3.23815e-23
3.23794e-23
3.23774e-23
3.23757e-23
3.23742e-23
3.23733e-23
3.23729e-23
3.142e-23
3.14205e-23
3.14212e-23
3.14221e-23
3.14231e-23
3.14242e-23
3.1425e-23
3.1426e-23
3.14269e-23
3.14281e-23
3.14292e-23
3.14305e-23
3.14319e-23
3.1433e-23
3.14343e-23
3.14359e-23
3.14378e-23
3.14402e-23
3.14427e-23
3.14454e-23
3.14466e-23
3.14448e-23
3.14379e-23
3.14264e-23
3.14132e-23
3.14026e-23
3.13976e-23
3.13977e-23
3.14015e-23
3.14069e-23
3.14123e-23
3.14174e-23
3.14215e-23
3.14247e-23
3.14273e-23
3.14292e-23
3.14303e-23
3.14306e-23
3.143e-23
3.14287e-23
3.14265e-23
3.14241e-23
3.14219e-23
3.14203e-23
3.14195e-23
3.14194e-23
3.14197e-23
3.14202e-23
3.14208e-23
3.14216e-23
3.14223e-23
3.14227e-23
3.14233e-23
3.14237e-23
3.14237e-23
3.14239e-23
3.14241e-23
3.14242e-23
3.14245e-23
3.14248e-23
3.14248e-23
3.14251e-23
3.14251e-23
3.14255e-23
3.14256e-23
3.1426e-23
3.14261e-23
3.14263e-23
3.14264e-23
3.14266e-23
3.14267e-23
3.14269e-23
3.14268e-23
3.14269e-23
3.1427e-23
3.1427e-23
3.14272e-23
3.1427e-23
3.14271e-23
3.14272e-23
3.14273e-23
3.14274e-23
3.1427e-23
3.14268e-23
3.14262e-23
3.14256e-23
3.14247e-23
3.14238e-23
3.1423e-23
3.14221e-23
3.14217e-23
3.14212e-23
3.14208e-23
3.14207e-23
3.14206e-23
3.14207e-23
3.14209e-23
3.14211e-23
3.14214e-23
3.14217e-23
3.14221e-23
3.14224e-23
3.14226e-23
3.14231e-23
3.14232e-23
3.14234e-23
3.14238e-23
3.14245e-23
3.14254e-23
3.14266e-23
3.14275e-23
3.14284e-23
3.14289e-23
3.14287e-23
3.14283e-23
3.14275e-23
3.1427e-23
3.14267e-23
3.14271e-23
3.14278e-23
3.1429e-23
3.14301e-23
3.14312e-23
3.14316e-23
3.14315e-23
3.14309e-23
3.14299e-23
3.14286e-23
3.14272e-23
3.1426e-23
3.14248e-23
3.14238e-23
3.14231e-23
3.14227e-23
3.14226e-23
3.14226e-23
3.14227e-23
3.14227e-23
3.14231e-23
3.14238e-23
3.14244e-23
3.14253e-23
3.14264e-23
3.14273e-23
3.14282e-23
3.14292e-23
3.143e-23
3.14306e-23
3.14314e-23
3.14315e-23
3.14318e-23
3.14317e-23
3.14316e-23
3.1431e-23
3.14304e-23
3.14295e-23
3.14283e-23
3.14266e-23
3.14247e-23
3.14226e-23
3.14208e-23
3.14199e-23
3.142e-23
3.14211e-23
3.14232e-23
3.14259e-23
3.14287e-23
3.14311e-23
3.14327e-23
3.1433e-23
3.14317e-23
3.1429e-23
3.14255e-23
3.14222e-23
3.14198e-23
3.14189e-23
3.14195e-23
3.14212e-23
3.14235e-23
3.14261e-23
3.14289e-23
3.14313e-23
3.14335e-23
3.14353e-23
3.14368e-23
3.14375e-23
3.14376e-23
3.14368e-23
3.14352e-23
3.14329e-23
3.14306e-23
3.14279e-23
3.14254e-23
3.14235e-23
3.14222e-23
3.14216e-23
3.14217e-23
3.14222e-23
3.14228e-23
3.14234e-23
3.14238e-23
3.14244e-23
3.14248e-23
3.14252e-23
3.14258e-23
3.14266e-23
3.14275e-23
3.14285e-23
3.143e-23
3.14311e-23
3.14322e-23
3.14335e-23
3.14347e-23
3.14361e-23
3.1437e-23
3.14371e-23
3.14363e-23
3.14338e-23
3.14298e-23
3.14249e-23
3.14199e-23
3.14163e-23
3.14148e-23
3.14152e-23
3.14171e-23
3.14199e-23
3.14231e-23
3.14261e-23
3.14285e-23
3.14302e-23
3.1431e-23
3.14308e-23
3.14299e-23
3.14284e-23
3.14267e-23
3.14255e-23
3.14251e-23
3.14253e-23
3.14259e-23
3.14269e-23
3.14282e-23
3.14292e-23
3.14302e-23
3.14321e-23
3.1434e-23
3.14371e-23
3.14405e-23
3.14442e-23
3.1447e-23
3.14477e-23
3.14446e-23
3.14372e-23
3.14268e-23
3.14163e-23
3.14083e-23
3.14046e-23
3.14052e-23
3.14085e-23
3.14127e-23
3.14165e-23
3.14191e-23
3.14204e-23
3.14207e-23
3.14205e-23
3.14204e-23
3.14209e-23
3.14217e-23
3.14226e-23
3.14242e-23
3.14255e-23
3.14271e-23
3.14286e-23
3.14298e-23
3.1431e-23
3.14322e-23
3.14335e-23
3.14346e-23
3.14355e-23
3.14361e-23
3.14364e-23
3.14366e-23
3.14364e-23
3.14359e-23
3.14353e-23
3.14346e-23
3.14335e-23
3.14323e-23
3.14306e-23
3.14284e-23
3.14261e-23
3.1424e-23
3.14217e-23
3.142e-23
3.14186e-23
3.14179e-23
3.14179e-23
3.14187e-23
3.142e-23
3.14219e-23
3.14241e-23
3.14267e-23
3.1429e-23
3.14313e-23
3.14332e-23
3.14346e-23
3.14354e-23
3.14356e-23
3.14355e-23
3.14352e-23
3.14343e-23
3.14333e-23
3.1432e-23
3.14303e-23
3.14279e-23
3.14251e-23
3.1422e-23
3.1419e-23
3.14163e-23
3.14147e-23
3.14142e-23
3.14146e-23
3.1416e-23
3.14178e-23
3.142e-23
3.14225e-23
3.14253e-23
3.1428e-23
3.14308e-23
3.14336e-23
3.14363e-23
3.1439e-23
3.14411e-23
3.1443e-23
3.14441e-23
3.14439e-23
3.14428e-23
3.14402e-23
3.14366e-23
3.14322e-23
3.14276e-23
3.14233e-23
3.14199e-23
3.14178e-23
3.14172e-23
3.14179e-23
3.14194e-23
3.14214e-23
3.14229e-23
3.14241e-23
3.14245e-23
3.14242e-23
3.14234e-23
3.14222e-23
3.14211e-23
3.14203e-23
3.14199e-23
3.142e-23
3.14204e-23
3.14212e-23
3.14222e-23
3.14231e-23
3.1424e-23
3.14248e-23
3.14254e-23
3.1426e-23
3.14266e-23
3.1427e-23
3.14274e-23
3.14277e-23
3.14279e-23
3.14282e-23
3.14287e-23
3.14297e-23
3.14308e-23
3.14325e-23
3.14351e-23
3.14387e-23
3.1443e-23
3.14487e-23
3.1455e-23
3.14615e-23
3.14661e-23
3.1466e-23
3.14579e-23
3.14402e-23
3.14166e-23
3.13949e-23
3.13814e-23
3.13785e-23
3.13831e-23
3.13914e-23
3.14005e-23
3.14087e-23
3.14155e-23
3.14206e-23
3.14247e-23
3.14276e-23
3.14296e-23
3.14308e-23
3.14317e-23
3.1432e-23
3.1432e-23
3.14318e-23
3.14309e-23
3.143e-23
3.14287e-23
3.14265e-23
3.14242e-23
3.1422e-23
3.14203e-23
3.14197e-23
3.14206e-23
3.14225e-23
3.14256e-23
3.14292e-23
3.14328e-23
3.14355e-23
3.14366e-23
3.14356e-23
3.14326e-23
3.14283e-23
3.1424e-23
3.14209e-23
3.14196e-23
3.14199e-23
3.14218e-23
3.14243e-23
3.14266e-23
3.14286e-23
3.14296e-23
3.14301e-23
3.14298e-23
3.14288e-23
3.14275e-23
3.14261e-23
3.14248e-23
3.14236e-23
3.14225e-23
3.14212e-23
3.14196e-23
3.14179e-23
3.14164e-23
3.14153e-23
3.14151e-23
3.14161e-23
3.14185e-23
3.14222e-23
3.14272e-23
3.14327e-23
3.1438e-23
3.14425e-23
3.14444e-23
3.14414e-23
3.14331e-23
3.14223e-23
3.1412e-23
3.14061e-23
3.14053e-23
3.1408e-23
3.14126e-23
3.14176e-23
3.14223e-23
3.14263e-23
3.14302e-23
3.14347e-23
3.14393e-23
3.14439e-23
3.14474e-23
3.14487e-23
3.14458e-23
3.14375e-23
3.14258e-23
3.14143e-23
3.14072e-23
3.14052e-23
3.14071e-23
3.14111e-23
3.14153e-23
3.14188e-23
3.14212e-23
3.14222e-23
3.14226e-23
3.14227e-23
3.14231e-23
3.14233e-23
3.14241e-23
3.14249e-23
3.1426e-23
3.14272e-23
3.14284e-23
3.14295e-23
3.14308e-23
3.14319e-23
3.1433e-23
3.14339e-23
3.14345e-23
3.14344e-23
3.14337e-23
3.14324e-23
3.14306e-23
3.14283e-23
3.1426e-23
3.14237e-23
3.14219e-23
3.14207e-23
3.14203e-23
3.14206e-23
3.14214e-23
3.14229e-23
3.14249e-23
3.14266e-23
3.14285e-23
3.14301e-23
3.14318e-23
3.14329e-23
3.14339e-23
3.14341e-23
3.14338e-23
3.14323e-23
3.14302e-23
3.14272e-23
3.14238e-23
3.14206e-23
3.1418e-23
3.14164e-23
3.14161e-23
3.1417e-23
3.14188e-23
3.14209e-23
3.14228e-23
3.14245e-23
3.14256e-23
3.14259e-23
3.14252e-23
3.14245e-23
3.1423e-23
3.14216e-23
3.14209e-23
3.14206e-23
3.14212e-23
3.14223e-23
3.14243e-23
3.14263e-23
3.14287e-23
3.14306e-23
3.14321e-23
3.14332e-23
3.14336e-23
3.1433e-23
3.1432e-23
3.14306e-23
3.14291e-23
3.14277e-23
3.14266e-23
3.14257e-23
3.14254e-23
3.14254e-23
3.14255e-23
3.1426e-23
3.14265e-23
3.14271e-23
3.14278e-23
3.14281e-23
3.14281e-23
3.14274e-23
3.14266e-23
3.14253e-23
3.14239e-23
3.14227e-23
3.14217e-23
3.14211e-23
3.1421e-23
3.14213e-23
3.1422e-23
3.14233e-23
3.14251e-23
3.14269e-23
3.14292e-23
3.14317e-23
3.14336e-23
3.14354e-23
3.14362e-23
3.14357e-23
3.14339e-23
3.14312e-23
3.14282e-23
3.14256e-23
3.14241e-23
3.14241e-23
3.14251e-23
3.14266e-23
3.14281e-23
3.1429e-23
3.14293e-23
3.14288e-23
3.14278e-23
3.14261e-23
3.14241e-23
3.14226e-23
3.14212e-23
3.14203e-23
3.142e-23
3.14202e-23
3.14208e-23
3.14217e-23
3.14231e-23
3.14245e-23
3.14261e-23
3.14277e-23
3.14289e-23
3.143e-23
3.1431e-23
3.14316e-23
3.14316e-23
3.14313e-23
3.14306e-23
3.14292e-23
3.1428e-23
3.1427e-23
3.14266e-23
3.14265e-23
3.14266e-23
3.1427e-23
3.14275e-23
3.14277e-23
3.14276e-23
3.14272e-23
3.14269e-23
3.14265e-23
3.14267e-23
3.1428e-23
3.14304e-23
3.14343e-23
3.14391e-23
3.14431e-23
3.14447e-23
3.14415e-23
3.14323e-23
3.14199e-23
3.1409e-23
3.1403e-23
3.14029e-23
3.14072e-23
3.14131e-23
3.14195e-23
3.14259e-23
3.14316e-23
3.1437e-23
3.14417e-23
3.14457e-23
3.14488e-23
3.14504e-23
3.14503e-23
3.14478e-23
3.14432e-23
3.14375e-23
3.14314e-23
3.14262e-23
3.1423e-23
3.1421e-23
3.142e-23
3.14188e-23
3.14174e-23
3.14155e-23
3.14139e-23
3.1413e-23
3.14131e-23
3.14143e-23
3.14161e-23
3.14185e-23
3.14212e-23
3.14239e-23
3.14265e-23
3.1429e-23
3.14311e-23
3.1433e-23
3.14343e-23
3.14356e-23
3.14364e-23
3.14371e-23
3.14377e-23
3.14379e-23
3.14378e-23
3.14375e-23
3.14369e-23
3.1436e-23
3.14352e-23
3.14344e-23
3.14334e-23
3.14325e-23
3.14317e-23
3.14309e-23
3.143e-23
3.14292e-23
3.14284e-23
3.14275e-23
3.1427e-23
3.14266e-23
3.14264e-23
3.14263e-23
3.14262e-23
3.14263e-23
3.14259e-23
3.14255e-23
3.14251e-23
3.1425e-23
3.14249e-23
3.14249e-23
3.14252e-23
3.14255e-23
3.1426e-23
3.14267e-23
3.14274e-23
3.14278e-23
3.14282e-23
3.14286e-23
3.1429e-23
3.14295e-23
3.14294e-23
3.14296e-23
3.14299e-23
3.14301e-23
3.14303e-23
3.14305e-23
3.1431e-23
3.14313e-23
3.14316e-23
3.14317e-23
3.14321e-23
3.14326e-23
3.14331e-23
3.14337e-23
3.14341e-23
3.14346e-23
3.1435e-23
3.14356e-23
3.14362e-23
3.14369e-23
3.14378e-23
3.1438e-23
3.14371e-23
3.1435e-23
3.14312e-23
3.14262e-23
3.14211e-23
3.14173e-23
3.14152e-23
3.14151e-23
3.14164e-23
3.14186e-23
3.14209e-23
3.1423e-23
3.14249e-23
3.14267e-23
3.14281e-23
3.14293e-23
3.14302e-23
3.14311e-23
3.14318e-23
3.14327e-23
3.14336e-23
3.14343e-23
3.1435e-23
3.14359e-23
3.14368e-23
3.14377e-23
3.14381e-23
3.14382e-23
3.14376e-23
3.14364e-23
3.14344e-23
3.14319e-23
3.14295e-23
3.14269e-23
3.1425e-23
3.14236e-23
3.1423e-23
3.14228e-23
3.1423e-23
3.14237e-23
3.14245e-23
3.14253e-23
3.14263e-23
3.14274e-23
3.14286e-23
3.143e-23
3.14313e-23
3.1433e-23
3.14346e-23
3.14362e-23
3.14378e-23
3.14392e-23
3.14403e-23
3.14411e-23
3.14419e-23
3.1442e-23
3.14416e-23
3.14408e-23
3.14395e-23
3.14374e-23
3.14346e-23
3.14309e-23
3.14273e-23
3.14239e-23
3.14216e-23
3.14212e-23
3.14221e-23
3.14244e-23
3.14274e-23
3.14305e-23
3.14331e-23
3.14356e-23
3.1437e-23
3.14376e-23
3.14377e-23
3.14368e-23
3.14357e-23
3.14343e-23
3.14323e-23
3.14303e-23
3.1428e-23
3.14256e-23
3.14232e-23
3.14212e-23
3.14197e-23
3.14195e-23
3.14202e-23
3.14218e-23
3.14239e-23
3.14264e-23
3.14292e-23
3.14317e-23
3.14341e-23
3.14364e-23
3.14382e-23
3.14391e-23
3.14389e-23
3.1437e-23
3.14339e-23
3.14303e-23
3.14267e-23
3.14239e-23
3.14224e-23
3.14221e-23
3.14228e-23
3.14242e-23
3.14257e-23
3.14269e-23
3.14283e-23
3.14291e-23
3.14298e-23
3.14303e-23
3.14307e-23
3.14311e-23
3.14314e-23
3.14313e-23
3.14311e-23
3.14308e-23
3.14305e-23
3.14302e-23
3.14298e-23
3.14295e-23
3.14291e-23
3.1429e-23
3.1429e-23
3.1429e-23
3.14292e-23
3.14297e-23
3.14304e-23
3.14311e-23
3.14318e-23
3.14323e-23
3.14325e-23
3.14323e-23
3.14314e-23
3.143e-23
3.14282e-23
3.14259e-23
3.14242e-23
3.14225e-23
3.14216e-23
3.14213e-23
3.14215e-23
3.14219e-23
3.14225e-23
3.14232e-23
3.14241e-23
3.1425e-23
3.14257e-23
3.14263e-23
3.1427e-23
3.14276e-23
3.1428e-23
3.14285e-23
3.1429e-23
3.14293e-23
3.14296e-23
3.14299e-23
3.143e-23
3.14299e-23
3.14299e-23
3.14298e-23
3.14298e-23
3.14298e-23
3.14297e-23
3.14293e-23
3.14291e-23
3.1429e-23
3.1429e-23
3.14291e-23
3.14292e-23
3.14297e-23
3.14303e-23
3.1431e-23
3.14317e-23
3.14325e-23
3.14334e-23
3.1434e-23
3.14342e-23
3.14342e-23
3.14335e-23
3.14323e-23
3.14308e-23
3.14292e-23
3.14273e-23
3.14257e-23
3.14243e-23
3.14233e-23
3.14227e-23
3.14223e-23
3.14222e-23
3.14224e-23
3.14225e-23
3.14227e-23
3.14228e-23
3.1423e-23
3.14233e-23
3.14236e-23
3.14243e-23
3.14252e-23
3.14264e-23
3.14278e-23
3.14293e-23
3.14312e-23
3.14335e-23
3.14359e-23
3.14389e-23
3.14422e-23
3.14456e-23
3.14486e-23
3.145e-23
3.14489e-23
3.14442e-23
3.14365e-23
3.14273e-23
3.14195e-23
3.14147e-23
3.14132e-23
3.14138e-23
3.14156e-23
3.14178e-23
3.142e-23
3.14223e-23
3.14248e-23
3.14272e-23
3.14296e-23
3.14318e-23
3.14339e-23
3.14353e-23
3.14359e-23
3.14358e-23
3.14346e-23
3.14325e-23
3.14301e-23
3.14275e-23
3.14257e-23
3.14244e-23
3.14238e-23
3.1424e-23
3.14247e-23
3.14259e-23
3.14273e-23
3.14285e-23
3.14299e-23
3.1431e-23
3.14318e-23
3.14323e-23
3.14326e-23
3.14325e-23
3.1432e-23
3.14314e-23
3.14308e-23
3.143e-23
3.14294e-23
3.14292e-23
3.1429e-23
3.1429e-23
3.14292e-23
3.14294e-23
3.14298e-23
