196.8
196.801
196.803
196.805
196.808
196.812
196.817
196.822
196.828
196.835
196.842
196.851
196.86
196.87
196.88
196.892
196.904
196.917
196.931
196.946
196.962
196.979
196.997
197.016
197.036
197.057
197.079
197.102
197.126
197.152
197.179
197.206
197.235
197.266
197.298
197.331
197.365
197.401
197.439
197.478
197.519
197.561
197.606
197.652
197.699
197.749
197.801
197.855
197.912
197.97
198.031
198.095
198.161
198.229
198.301
198.375
198.453
198.533
198.617
198.704
198.795
198.89
198.988
199.091
199.198
199.309
199.424
199.545
199.67
199.801
199.937
200.078
200.225
200.379
200.538
200.704
200.877
201.057
201.245
201.439
201.642
201.853
202.073
202.301
202.538
202.784
203.041
203.307
203.583
203.869
204.166
204.474
204.792
205.121
205.46
205.809
206.167
206.533
206.906
207.284
207.665
208.047
208.424
208.795
209.154
209.496
209.818
210.114
210.381
210.617
210.821
210.995
211.137
211.248
211.32
211.341
211.295
211.16
210.916
210.552
210.079
209.533
208.986
208.534
208.283
208.314
208.663
209.3
210.148
211.101
212.047
212.896
213.592
214.123
214.515
214.808
215.033
215.187
215.236
215.138
214.868
214.442
213.914
213.367
212.89
212.555
212.41
212.475
212.755
213.234
213.888
214.675
215.551
216.472
217.398
218.295
219.131
219.876
220.505
220.999
221.349
221.552
221.613
221.542
221.354
221.069
220.71
220.303
219.875
219.45
219.047
218.681
218.366
218.125
217.989
217.991
218.158
218.488
218.948
219.48
220.016
220.495
220.876
221.142
221.289
221.329
221.283
221.172
221.025
220.868
220.726
220.623
220.579
220.605
220.707
220.882
221.119
221.403
221.714
222.033
222.34
222.623
222.868
223.07
223.224
223.329
223.385
223.392
223.35
223.258
223.111
222.905
222.635
222.299
221.903
221.467
221.023
220.619
220.306
220.127
220.107
220.241
220.495
220.817
221.142
221.41
221.57
221.593
221.484
221.288
221.089
220.996
221.099
221.433
221.959
222.583
223.194
223.699
224.042
224.198
224.174
224.003
223.74
223.462
223.255
223.189
223.294
223.548
223.881
224.201
224.426
224.501
224.408
224.166
223.83
223.475
223.18
223.004
222.973
223.079
223.292
223.58
223.913
224.266
224.618
224.952
225.251
225.504
225.708
225.866
225.987
226.084
226.167
226.245
226.315
226.372
226.398
226.375
226.282
226.102
225.827
225.463
225.03
224.567
224.126
223.768
223.548
223.502
223.641
223.944
224.367
224.857
225.365
225.853
226.298
226.693
227.036
227.333
227.59
227.817
228.019
228.204
228.378
228.546
228.711
228.875
229.036
229.189
229.327
229.435
229.497
229.491
229.395
229.187
228.857
228.408
227.869
227.293
226.757
226.337
226.097
226.073
226.279
226.706
227.32
228.059
228.835
229.553
230.126
230.49
230.604
230.447
230.013
229.31
228.364
227.224
225.965
224.688
223.51
222.545
221.897
221.641
221.808
222.363
223.214
224.232
225.295
226.31
227.217
227.987
228.61
229.088
229.429
229.647
229.755
229.77
229.708
229.584
229.415
229.219
229.013
228.816
228.644
228.512
228.429
228.401
228.424
228.493
228.598
228.729
228.875
229.028
229.183
229.334
229.481
229.624
229.761
229.895
230.025
230.153
230.276
230.394
230.505
230.605
230.687
230.745
230.765
230.731
230.619
230.399
230.029
229.46
228.641
227.538
226.174
224.674
223.304
222.406
222.237
222.796
223.83
224.996
226.029
226.793
227.255
227.436
227.375
227.121
226.733
226.284
225.865
225.57
225.475
225.615
225.972
226.483
227.066
227.641
228.151
228.56
228.852
229.025
229.085
229.039
228.891
228.639
228.27
227.762
227.086
226.219
225.16
223.961
222.749
221.731
221.145
221.165
221.799
222.886
224.166
225.397
226.42
227.162
227.618
227.812
227.785
227.578
227.233
226.795
226.315
225.854
225.478
225.246
225.19
225.31
225.57
225.916
226.287
226.636
226.932
227.16
227.314
227.397
227.41
227.354
227.227
227.025
226.738
226.361
225.884
225.305
224.63
223.884
223.107
222.364
221.724
221.248
220.959
220.839
220.832
220.868
220.887
220.851
220.751
220.603
220.435
220.281
220.165
220.103
220.094
220.132
220.216
220.353
220.562
220.863
221.263
221.75
222.289
222.831
223.326
223.733
224.027
224.195
224.235
224.152
223.956
223.661
223.284
222.851
222.395
221.954
221.569
221.277
221.098
221.036
221.075
221.184
221.329
221.479
221.61
221.708
221.765
221.782
221.762
221.709
221.63
221.529
221.413
221.286
221.151
221.01
220.866
220.719
220.572
220.428
220.292
220.172
220.078
220.017
219.998
220.022
220.084
220.176
220.281
220.385
220.477
220.551
220.609
220.658
220.707
220.767
220.839
220.919
220.995
221.047
221.055
221
220.87
220.66
220.382
220.057
219.722
219.417
219.182
219.043
219.008
219.065
219.192
219.363
219.562
219.782
220.029
220.314
220.646
221.025
221.441
221.875
222.301
222.697
223.044
223.334
223.565
223.744
223.883
223.994
224.09
224.179
224.265
224.347
224.417
224.468
224.488
224.466
224.389
224.244
224.005
223.639
223.091
222.303
221.235
219.933
218.597
217.603
217.347
217.986
219.305
220.875
222.309
223.398
224.088
224.413
224.44
224.248
223.92
223.539
223.18
222.892
222.69
222.549
222.427
222.291
222.144
222.033
222.029
222.192
222.546
223.062
223.682
224.337
224.973
225.553
226.059
226.49
226.85
227.151
227.404
227.623
227.814
227.986
228.141
228.283
228.412
228.527
228.628
228.713
228.782
228.834
228.867
228.882
228.878
228.856
228.817
228.763
228.698
228.622
228.54
228.449
228.347
228.225
228.072
227.87
227.597
227.23
226.743
226.116
225.341
224.438
223.479
222.611
222.049
222.01
222.605
223.755
225.23
226.761
228.143
229.268
230.112
230.692
231.047
231.213
231.225
231.109
230.884
230.567
230.171
229.713
229.211
228.689
228.178
227.711
227.315
227.008
226.784
226.616
226.462
226.283
226.069
225.857
225.743
225.843
226.245
226.954
227.888
228.913
229.903
230.772
231.48
232.022
232.408
232.657
232.785
232.805
232.722
232.54
232.256
231.867
231.37
230.767
230.066
229.294
228.49
227.72
227.058
226.582
226.347
226.369
226.621
227.048
227.583
228.17
228.77
229.354
229.904
230.395
230.799
231.077
231.18
231.055
230.66
229.991
229.125
228.251
227.649
227.572
228.105
229.104
230.301
231.451
232.411
233.142
233.663
234.019
234.258
234.416
234.521
234.591
234.64
234.673
234.696
234.712
234.727
234.744
234.77
234.813
234.88
234.977
235.106
235.265
235.443
235.616
235.747
235.775
235.62
235.183
234.377
233.185
231.76
230.498
229.926
230.371
231.685
233.368
234.92
236.062
236.718
236.918
236.702
236.08
235.013
233.438
231.362
229.021
227.018
226.141
226.785
228.586
230.763
232.706
234.186
235.23
235.959
236.491
236.919
237.304
237.684
238.076
238.483
238.893
239.282
239.625
239.892
240.053
240.082
239.956
239.66
239.193
238.571
237.841
237.075
236.371
235.826
235.515
235.47
235.673
236.067
236.57
237.088
237.525
237.787
237.785
237.443
236.717
235.637
234.362
233.209
232.559
232.657
233.442
234.604
235.791
236.774
237.474
237.909
238.141
238.236
238.25
238.219
238.162
238.077
237.95
237.76
237.49
237.139
236.727
236.296
235.903
235.589
235.368
235.216
235.085
234.926
234.715
234.466
234.228
234.073
234.062
234.21
234.481
234.793
235.061
235.219
235.237
235.121
234.898
234.612
234.309
234.033
233.817
233.676
233.606
233.58
233.56
233.498
233.349
233.081
232.678
232.151
231.539
230.903
230.32
229.867
229.607
229.573
229.753
230.094
230.504
230.887
231.158
231.267
231.202
230.983
230.654
230.271
229.89
229.561
229.323
229.204
229.214
229.349
229.583
229.877
230.187
230.473
230.711
230.891
231.016
231.095
231.143
231.174
231.197
231.22
231.247
231.276
231.308
231.341
231.37
231.396
231.415
231.428
231.432
231.428
231.415
231.393
231.359
231.314
231.255
231.18
231.085
230.968
230.825
230.654
230.456
230.232
229.993
229.753
229.53
229.348
229.226
229.179
229.206
229.294
229.419
229.557
229.683
229.782
229.85
229.891
229.917
229.941
229.975
230.03
230.112
230.22
230.35
230.496
230.647
230.792
230.92
231.019
231.077
231.085
231.035
230.921
230.739
230.489
230.175
229.804
229.387
228.94
228.487
228.064
227.721
227.52
227.515
227.734
228.161
228.734
229.366
229.96
230.425
230.68
230.647
230.248
229.412
228.103
226.377
224.447
222.696
221.532
221.148
197.126
197.822
198.618
199.394
200.133
200.851
201.552
202.216
202.814
203.321
203.721
204.013
204.202
204.301
204.324
204.284
204.19
204.049
203.865
203.639
203.369
203.049
202.677
202.251
201.775
201.263
200.74
200.247
199.83
199.534
199.391
199.407
199.559
199.808
200.104
200.406
200.68
200.909
201.082
201.201
201.267
201.287
201.267
201.211
201.127
201.02
200.896
200.762
200.626
200.496
200.379
200.283
200.214
200.172
200.157
200.161
200.174
200.183
200.175
200.139
200.07
199.965
199.829
199.674
199.513
199.365
199.246
199.169
199.139
199.159
199.222
199.32
199.441
199.574
199.709
199.836
199.947
200.036
200.099
200.132
200.135
200.11
200.061
199.996
199.924
199.856
199.804
199.783
199.807
199.891
200.044
200.272
200.569
200.922
201.308
201.701
202.074
202.404
202.678
202.892
203.05
203.169
203.272
203.385
203.533
203.734
203.992
204.301
204.643
204.996
205.334
205.636
205.887
206.075
206.194
206.239
206.211
206.11
205.94
205.703
205.404
205.049
204.644
204.195
203.709
203.195
202.662
202.13
201.623
201.176
200.828
200.607
200.521
200.541
200.604
200.64
200.6
200.504
200.453
200.598
201.059
201.866
202.944
204.172
205.44
206.67
207.814
208.842
209.733
210.474
211.059
211.49
211.772
211.914
211.922
211.803
211.566
211.22
210.779
210.263
209.701
209.126
208.573
208.07
207.632
207.255
206.921
206.61
206.31
206.026
205.782
205.609
205.528
205.541
205.624
205.742
205.864
205.973
206.07
206.172
206.299
206.467
206.685
206.946
207.236
207.54
207.841
208.129
208.397
208.643
208.864
209.058
209.221
209.347
209.432
209.468
209.454
209.389
209.276
209.123
208.944
208.753
208.567
208.401
208.269
208.178
208.135
208.143
208.207
208.325
208.489
208.681
208.874
209.037
209.139
209.156
209.075
208.896
208.63
208.303
207.953
207.628
207.372
207.212
207.141
207.119
207.092
207.014
206.867
206.659
206.415
206.157
205.906
205.677
205.49
205.366
205.318
205.341
205.415
205.512
205.616
205.729
205.873
206.076
206.362
206.735
207.18
207.666
208.153
208.603
208.986
209.281
209.478
209.578
209.59
209.527
209.406
209.246
209.064
208.878
208.7
208.541
208.408
208.307
208.238
208.203
208.201
208.231
208.287
208.364
208.449
208.529
208.582
208.583
208.503
208.31
207.971
207.46
206.765
205.906
204.95
204.013
203.244
202.776
202.674
202.914
203.404
204.038
204.723
205.395
206.014
206.555
207.007
207.365
207.632
207.818
207.934
207.993
208.007
207.988
207.948
207.894
207.83
207.757
207.668
207.552
207.391
207.166
206.856
206.445
205.93
205.33
204.69
204.076
203.563
203.209
203.032
203.005
203.072
203.174
203.268
203.338
203.387
203.431
203.49
203.577
203.702
203.865
204.064
204.293
204.545
204.81
205.079
205.342
205.589
205.815
206.012
206.178
206.312
206.414
206.485
206.527
206.54
206.526
206.488
206.425
206.339
206.231
206.105
205.964
205.811
205.653
205.494
205.342
205.201
205.076
204.97
204.882
204.808
204.74
204.665
204.566
204.421
204.206
203.9
203.485
202.962
202.359
201.745
201.229
200.934
200.955
201.31
201.934
202.709
203.512
204.251
204.875
205.368
205.737
206
206.175
206.282
206.337
206.355
206.349
206.328
206.302
206.279
206.264
206.262
206.277
206.308
206.354
206.412
206.48
206.55
206.618
206.678
206.725
206.754
206.761
206.744
206.7
206.627
206.526
206.398
206.246
206.08
205.916
205.778
205.703
205.73
205.899
206.233
206.732
207.368
208.093
208.848
209.576
210.234
210.789
211.224
211.531
211.706
211.745
211.646
211.402
211.01
210.475
209.821
209.103
208.419
207.89
207.638
207.731
208.157
208.828
209.622
210.425
211.157
211.774
212.259
212.614
212.845
212.963
212.976
212.895
212.73
212.493
212.204
211.887
211.575
211.306
211.114
211.033
211.083
211.27
211.589
212.019
212.537
213.111
213.709
214.298
214.846
215.324
215.702
215.953
216.046
215.954
215.651
215.115
214.344
213.354
212.198
210.951
209.698
208.51
207.425
206.461
205.642
205.025
204.693
204.722
205.137
205.889
206.866
207.932
208.967
209.887
210.657
211.28
211.78
212.192
212.547
212.863
213.148
213.397
213.6
213.747
213.827
213.835
213.765
213.614
213.38
213.058
212.645
212.137
211.53
210.83
210.051
209.228
208.416
207.691
207.137
206.822
206.776
206.987
207.404
207.961
208.594
209.25
209.889
210.481
211.007
211.451
211.804
212.059
212.212
212.256
212.189
212.01
211.726
211.359
210.944
210.539
210.206
209.999
209.944
210.028
210.206
210.419
210.621
210.788
210.921
211.036
211.154
211.286
211.429
211.566
211.669
211.71
211.662
211.507
211.229
210.82
210.28
209.619
208.862
208.057
207.269
206.578
206.057
205.748
205.652
205.731
205.933
206.214
206.558
206.973
207.483
208.103
208.83
209.634
210.47
211.284
212.029
212.666
213.173
213.536
213.752
213.826
213.766
213.585
213.299
212.927
212.487
211.999
211.483
210.951
210.414
209.882
209.366
208.884
208.46
208.125
207.9
207.786
207.758
207.767
207.754
207.661
207.447
207.092
206.599
205.995
205.331
204.677
204.107
203.689
203.455
203.395
203.458
203.57
203.66
203.686
203.642
203.562
203.507
203.542
203.709
204.006
204.392
204.806
205.186
205.489
205.691
205.79
205.794
205.719
205.583
205.403
205.197
204.977
204.757
204.546
204.352
204.179
204.033
203.914
203.823
203.76
203.722
203.708
203.712
203.731
203.758
203.788
203.812
203.823
203.814
203.777
203.706
203.595
203.442
203.245
203.006
202.73
202.426
202.106
201.787
201.492
201.248
201.084
201.028
201.101
201.309
201.64
202.07
202.562
203.08
203.587
204.056
204.462
204.791
205.031
205.176
205.22
205.165
205.01
204.76
204.423
204.013
203.56
203.106
202.698
202.37
202.117
201.89
201.619
201.26
200.843
200.493
200.381
200.622
201.189
201.92
202.603
203.067
203.236
203.114
202.772
202.312
201.853
201.51
201.379
201.512
201.914
202.537
203.299
204.109
204.889
205.586
206.174
206.646
207.007
207.271
207.451
207.56
207.608
207.603
207.55
207.454
207.314
207.128
206.892
206.597
206.234
205.786
205.238
204.57
203.771
202.849
201.849
200.865
200.039
199.52
199.394
199.642
200.144
200.741
201.3
201.742
202.039
202.202
202.257
202.235
202.166
202.072
201.973
201.883
201.814
201.772
201.764
201.791
201.851
201.94
202.049
202.167
202.285
202.394
202.488
202.567
202.633
202.694
202.756
202.828
202.914
203.018
203.137
203.269
203.406
203.541
203.668
203.783
203.88
203.958
204.014
204.049
204.06
204.043
203.993
203.901
203.757
203.545
203.251
202.863
202.373
201.793
201.154
200.516
199.961
199.576
199.426
199.533
199.867
200.364
200.944
201.534
202.078
202.535
202.881
203.108
203.226
203.257
203.237
203.211
203.218
203.286
203.42
203.609
203.827
204.045
204.242
204.407
204.541
204.651
204.752
204.859
204.986
205.138
205.313
205.494
205.654
205.759
205.773
205.671
205.446
205.137
204.837
204.689
204.841
205.371
206.244
207.321
208.425
209.413
210.197
210.744
211.054
211.14
211.021
210.709
210.216
209.558
208.759
207.869
206.967
206.15
205.513
205.119
204.986
205.1
205.437
205.967
206.643
207.406
208.189
208.943
209.647
210.302
210.918
211.496
212.027
212.491
212.874
213.166
213.372
213.507
213.591
213.644
213.681
213.707
213.717
213.7
213.644
213.538
213.38
213.175
212.928
212.639
212.297
211.88
211.367
210.75
210.053
209.328
208.655
208.123
207.805
207.745
207.952
208.4
209.038
209.802
210.624
211.442
212.202
212.862
213.388
213.754
213.944
213.954
213.795
213.5
213.121
212.719
212.356
212.07
211.869
211.731
211.615
211.481
211.298
211.055
210.756
210.416
210.058
209.705
209.378
209.092
208.857
208.677
208.549
208.469
208.43
208.425
208.445
208.484
208.534
208.585
208.629
208.655
208.656
208.624
208.555
208.448
208.304
208.13
207.93
207.713
207.487
207.259
207.037
206.825
206.627
206.444
206.278
206.126
205.984
205.848
205.711
205.566
205.402
205.211
204.984
204.713
204.397
204.04
203.658
203.28
202.946
202.7
202.578
202.595
202.737
202.967
203.234
203.49
203.697
203.837
203.908
203.92
203.891
203.84
203.784
203.735
203.696
203.666
203.639
203.604
203.551
203.47
203.355
203.2
203.002
202.763
202.485
202.177
201.85
201.523
201.22
200.968
200.793
200.717
200.75
200.891
201.122
201.418
201.751
197.124
197.452
197.75
198.008
198.222
198.389
198.507
198.574
198.591
198.554
198.461
198.311
198.1
197.827
197.485
197.067
196.558
195.939
195.186
194.291
193.288
192.289
191.505
191.196
191.546
192.54
193.962
195.516
196.959
198.158
199.073
199.718
200.128
200.343
200.399
200.333
200.182
199.99
199.804
199.676
199.645
199.736
199.95
200.265
200.647
201.058
201.466
201.849
202.196
202.503
202.773
203.01
203.221
203.412
203.586
203.749
203.903
204.049
204.19
204.326
204.457
204.583
204.703
204.817
204.923
205.022
205.112
205.192
205.262
205.322
205.371
205.41
205.439
205.46
205.474
205.48
205.481
205.477
205.468
205.455
205.439
205.422
205.407
205.401
205.411
205.448
205.521
205.636
205.797
206.003
206.246
206.519
206.811
207.112
207.416
207.719
208.016
208.303
208.575
208.83
209.064
209.279
209.482
209.677
209.872
210.063
210.243
210.396
210.505
210.558
210.552
210.497
210.413
210.326
210.26
210.23
210.234
210.258
210.278
210.269
210.212
210.097
209.929
209.725
209.506
209.3
209.129
209.012
208.957
208.968
209.038
209.159
209.319
209.509
209.716
209.933
210.149
210.355
210.54
210.697
210.815
210.889
210.912
210.882
210.798
210.661
210.473
210.24
209.968
209.666
209.346
209.019
208.699
208.397
208.124
207.892
207.715
207.614
207.607
207.708
207.912
208.191
208.499
208.779
208.978
209.056
208.989
208.782
208.464
208.092
207.743
207.5
207.422
207.528
207.786
208.13
208.484
208.781
208.974
209.04
208.971
208.769
208.444
208.012
207.494
206.92
206.322
205.742
205.221
204.797
204.497
204.335
204.307
204.392
204.557
204.769
204.996
205.215
205.414
205.588
205.735
205.856
205.95
206.015
206.047
206.041
205.992
205.895
205.748
205.547
205.287
204.967
204.582
204.134
203.629
203.092
202.567
202.123
201.844
201.801
202.022
202.473
203.071
203.708
204.287
204.743
205.043
205.182
205.178
205.064
204.883
204.685
204.52
204.424
204.416
204.488
204.614
204.757
204.883
204.964
204.988
204.95
204.85
204.682
204.428
204.056
203.528
202.814
201.923
200.928
199.983
199.299
199.079
199.418
200.261
201.424
202.679
203.836
204.792
205.529
206.089
206.541
206.951
207.358
207.776
208.19
208.577
208.913
209.182
209.375
209.493
209.538
209.515
209.428
209.279
209.069
208.802
208.483
208.121
207.727
207.316
206.904
206.503
206.125
205.781
205.481
205.239
205.073
205.001
205.04
205.199
205.478
205.863
206.328
206.841
207.365
207.864
208.303
208.655
208.899
209.02
209.016
208.892
208.661
208.345
207.972
207.571
207.168
206.783
206.433
206.128
205.882
205.711
205.642
205.704
205.919
206.298
206.823
207.457
208.149
208.843
209.491
210.057
210.514
210.847
211.044
211.099
211.008
210.769
210.382
209.854
209.197
208.433
207.597
206.733
205.897
205.153
204.562
204.177
204.03
204.123
204.424
204.873
205.392
205.907
206.359
206.716
206.971
207.145
207.273
207.396
207.552
207.762
208.03
208.346
208.686
209.026
209.344
209.625
209.861
210.05
210.193
210.294
210.359
210.393
210.402
210.39
210.361
210.318
210.259
210.183
210.083
209.946
209.753
209.479
209.089
208.541
207.784
206.766
205.437
203.768
201.794
199.669
197.721
196.424
196.21
197.216
199.177
201.586
203.956
205.979
207.539
208.642
209.351
209.747
209.901
209.875
209.721
209.478
209.182
208.861
208.537
208.226
207.942
207.7
207.519
207.422
207.432
207.557
207.785
208.073
208.359
208.572
208.649
208.546
208.251
207.786
207.212
206.626
206.139
205.842
205.776
205.916
206.18
206.471
206.704
206.824
206.813
206.684
206.466
206.201
205.933
205.696
205.517
205.408
205.368
205.392
205.476
205.621
205.839
206.14
206.528
206.988
207.482
207.952
208.329
208.546
208.543
208.271
207.703
206.858
205.831
204.818
204.089
203.876
204.247
205.059
206.055
206.999
207.748
208.248
208.503
208.533
208.352
207.959
207.341
206.483
205.402
204.175
202.977
202.062
201.672
201.903
202.641
203.636
204.635
205.474
206.096
206.517
206.789
206.971
207.111
207.238
207.361
207.474
207.562
207.611
207.608
207.544
207.416
207.22
206.957
206.628
206.237
205.793
205.31
204.811
204.325
203.886
203.526
203.274
203.146
203.144
203.254
203.447
203.686
203.928
204.138
204.286
204.351
204.323
204.2
203.986
203.687
203.316
202.891
202.438
201.991
201.591
201.284
201.111
201.107
201.283
201.62
202.072
202.576
203.065
203.486
203.808
204.021
204.137
204.183
204.196
204.216
204.281
204.414
204.624
204.894
205.196
205.49
205.738
205.907
205.977
205.938
205.793
205.557
205.252
204.912
204.571
204.266
204.021
203.854
203.764
203.743
203.774
203.835
203.909
203.976
204.022
204.038
204.019
203.969
203.899
203.825
203.768
203.75
203.79
203.898
204.077
204.319
204.608
204.92
205.231
205.516
205.751
205.916
205.991
205.964
205.825
205.574
205.225
204.814
204.395
204.036
203.798
203.718
203.789
203.967
204.183
204.376
204.504
204.552
204.531
204.471
204.409
204.383
204.425
204.555
204.776
205.079
205.441
205.835
206.23
206.601
206.925
207.187
207.377
207.488
207.521
207.477
207.364
207.194
206.983
206.756
206.537
206.35
206.214
206.137
206.116
206.136
206.18
206.225
206.257
206.27
206.265
206.254
206.253
206.274
206.316
206.362
206.373
206.289
206.045
205.582
204.889
204.037
203.218
202.711
202.768
203.457
204.61
205.931
207.149
208.095
208.706
208.977
208.931
208.594
207.993
207.16
206.137
204.986
203.793
202.665
201.713
201.028
200.654
200.572
200.715
200.999
201.363
201.79
202.294
202.896
203.597
204.37
205.171
205.948
206.653
207.249
207.713
208.035
208.215
208.261
208.188
208.012
207.748
207.411
207.016
206.574
206.098
205.599
205.093
204.593
204.115
203.672
203.274
202.926
202.629
202.381
202.18
202.027
201.923
201.869
201.864
201.905
201.982
202.085
202.202
202.323
202.443
202.562
202.687
202.824
202.98
203.155
203.344
203.54
203.73
203.906
204.059
204.183
204.279
204.345
204.386
204.405
204.405
204.39
204.363
204.325
204.277
204.22
204.154
204.075
203.983
203.876
203.75
203.603
203.433
203.238
203.017
202.77
202.496
202.197
201.87
201.513
201.12
200.687
200.213
199.712
199.221
198.805
198.548
198.522
198.76
199.236
199.868
200.558
201.219
201.792
202.251
202.593
202.826
202.965
203.023
203.015
202.949
202.834
202.674
202.471
202.227
201.942
201.613
201.24
200.824
200.368
199.881
199.383
198.899
198.464
198.116
197.886
197.794
197.84
198.007
198.266
198.58
198.918
199.253
199.567
199.848
200.088
200.28
200.42
200.502
200.522
200.473
200.35
200.147
199.862
199.495
199.051
198.54
197.977
197.38
196.768
196.162
195.583
195.057
194.618
194.306
194.16
194.206
194.442
194.824
195.28
195.723
196.08
196.301
196.363
196.272
196.047
195.724
195.342
194.944
194.568
194.246
194
193.845
193.789
193.845
194.022
194.328
194.753
195.271
195.838
196.4
196.908
197.325
197.623
197.789
197.815
197.702
197.462
197.113
196.692
196.253
195.864
195.596
195.501
195.596
195.857
196.229
196.647
197.054
197.411
197.698
197.909
198.05
198.129
198.157
198.146
198.106
198.045
197.973
197.896
197.821
197.754
197.7
197.664
197.647
197.651
197.673
197.709
197.753
197.796
197.829
197.842
197.826
197.775
197.687
197.568
197.43
197.294
197.186
197.137
197.173
197.31
197.55
197.881
198.279
198.715
199.161
199.594
199.999
200.367
200.693
200.978
201.224
201.434
201.611
201.758
201.877
201.969
202.037
202.083
202.109
202.117
202.112
202.098
202.08
202.063
202.05
202.047
202.054
202.073
202.102
202.139
202.178
202.214
202.239
202.246
202.226
202.173
202.081
201.947
201.774
201.565
201.335
201.1
200.883
200.709
200.6
200.573
200.639
200.794
201.031
201.331
201.677
202.051
202.438
202.828
203.213
203.589
203.954
204.306
204.641
204.956
205.244
205.496
205.702
205.847
205.917
205.896
205.768
205.514
205.116
204.558
203.829
202.939
201.931
200.906
200.022
199.459
199.344
199.681
200.359
201.208
202.082
202.887
203.585
204.163
204.621
204.959
205.173
205.262
205.229
205.084
204.847
204.553
204.246
203.977
203.792
203.723
203.779
203.948
204.199
204.495
204.801
205.084
205.32
205.496
205.603
205.641
205.617
205.544
205.437
205.314
205.194
205.092
205.019
204.981
204.978
205.005
205.054
205.116
205.182
205.243
205.291
205.316
