86.41 86.41 0
102.28 94.345 7.935
91.68 93.4567 4.66661
100.69 95.265 3.7628
88.62 93.936 3.20335
69.63 89.885 4.82199
89.36 89.81 4.07601
104.21 91.61 3.96237
103.73 92.9567 3.74499
95.07 93.168 3.35628
124.18 95.9873 4.14304
97.56 96.1183 3.78433
103.17 96.6608 3.52309
131.81 99.1714 4.11612
96.77 99.0113 3.83524
132.12 101.081 4.14154
86.45 100.22 3.98436
93.66 99.8556 3.77413
111.94 100.492 3.62618
97.01 100.318 3.4445
92.38 99.9395 3.2981
108.86 100.345 3.17065
92.96 100.024 3.04663
105.6 100.256 2.92616
90.93 99.8832 2.83136
100.11 99.8919 2.7203
87.96 99.45 2.65465
93.56 99.2396 2.56672
127.82 100.225 2.66552
97.32 100.128 2.57695
98.71 100.083 2.49286
96.76 99.9788 2.41593
119.99 100.585 2.41882
56.23 99.2806 2.68485
93.02 99.1017 2.61314
82.53 98.6414 2.5809
95.33 98.5519 2.51177
100.17 98.5945 2.44515
87.2 98.3023 2.39949
82.88 97.9168 2.3703
92.98 97.7963 2.3149
102.58 97.9102 2.26198
92.12 97.7756 2.21285
84.02 97.463 2.18446
96.43 97.44 2.13548
93.2 97.3478 2.09058
101.72 97.4409 2.04773
116.2 97.8317 2.04235
104.17 97.961 2.00442
95.17 97.9052 1.96471
75.25 97.461 1.97637
84.74 97.2163 1.95337
116.4 97.5783 1.95005
112.16 97.8483 1.93255
96.65 97.8265 1.89722
104.36 97.9432 1.86668
143.43 98.7412 1.99976
89.17 98.5762 1.9719
100 98.6003 1.93834
91.59 98.4835 1.90934
78.81 98.161 1.90527
90.72 98.041 1.87813
97.75 98.0363 1.84808
124.61 98.4516 1.86577
67.53 97.9758 1.89744
105.4 98.0883 1.87185
100.45 98.1236 1.84404
90.52 98.0118 1.82016
98.16 98.0139 1.79359
88.42 97.8769 1.77308
111 98.0617 1.75768
93.44 97.9975 1.73428
85.81 97.8305 1.71849
102.49 97.8935 1.69627
103.45 97.9676 1.67514
93.01 97.9024 1.65424
93.71 97.8479 1.63352
65.71 97.4359 1.66425
78.2 97.1924 1.661
107.24 97.318 1.64491
107.83 97.4478 1.62965
100.5 97.485 1.61008
106.88 97.5982 1.59459
125.06 97.9251 1.60905
111.03 98.0793 1.59747
97.97 98.078 1.57878
115.1 98.2737 1.57275
101.57 98.3111 1.55522
91.32 98.2326 1.53965
102.96 98.2851 1.52336
96.44 98.2648 1.50666
84.4 98.1141 1.49779
95.11 98.0818 1.48195
89.87 97.9945 1.4687
96.17 97.9753 1.45329
103.46 98.0324 1.43921
115.88 98.2164 1.43613
117.46 98.4128 1.4349
105.67 98.4861 1.42222
84.49 98.3461 1.41486
