-1.20237e-22
-1.19592e-22
-1.18435e-22
-1.16897e-22
-1.15191e-22
-1.13304e-22
-1.11359e-22
-1.09484e-22
-1.07785e-22
-1.06399e-22
-1.05464e-22
-1.05014e-22
-1.04988e-22
-1.05328e-22
-1.05946e-22
-1.06708e-22
-1.07505e-22
-1.08207e-22
-1.08789e-22
-1.09245e-22
-1.09547e-22
-1.09641e-22
-1.09614e-22
-1.09486e-22
-1.09336e-22
-1.09172e-22
-1.09043e-22
-1.09043e-22
-1.09077e-22
-1.09263e-22
-1.09545e-22
-1.09864e-22
-1.10219e-22
-1.10592e-22
-1.10963e-22
-1.11288e-22
-1.11571e-22
-1.11848e-22
-1.12022e-22
-1.12133e-22
-1.12227e-22
-1.12271e-22
-1.12249e-22
-1.12127e-22
-1.11942e-22
-1.11734e-22
-1.11425e-22
-1.11103e-22
-1.10721e-22
-1.10367e-22
-1.10009e-22
-1.09672e-22
-1.09417e-22
-1.09212e-22
-1.09113e-22
-1.09117e-22
-1.09214e-22
-1.0935e-22
-1.09543e-22
-1.09776e-22
-1.09979e-22
-1.10167e-22
-1.10335e-22
-1.10481e-22
-1.10596e-22
-1.10629e-22
-1.10658e-22
-1.10658e-22
-1.10607e-22
-1.1056e-22
-1.10494e-22
-1.10422e-22
-1.10395e-22
-1.10432e-22
-1.10466e-22
-1.10524e-22
-1.10596e-22
-1.10716e-22
-1.1085e-22
-1.10954e-22
-1.11054e-22
-1.1116e-22
-1.1124e-22
-1.11287e-22
-1.1128e-22
-1.11228e-22
-1.11177e-22
-1.11081e-22
-1.1097e-22
-1.1084e-22
-1.1075e-22
-1.10651e-22
-1.10492e-22
-1.10392e-22
-1.10291e-22
-1.10124e-22
-1.09961e-22
-1.0974e-22
-1.09555e-22
-1.0937e-22
-1.09183e-22
-1.09027e-22
-1.0895e-22
-1.08927e-22
-1.08967e-22
-1.09096e-22
-1.09264e-22
-1.0945e-22
-1.09699e-22
-1.0994e-22
-1.10193e-22
-1.10497e-22
-1.10825e-22
-1.11099e-22
-1.11384e-22
-1.11657e-22
-1.11873e-22
-1.12007e-22
-1.12035e-22
-1.12022e-22
-1.11934e-22
-1.11767e-22
-1.11556e-22
-1.1132e-22
-1.1105e-22
-1.10794e-22
-1.10554e-22
-1.10364e-22
-1.10194e-22
-1.10028e-22
-1.09966e-22
-1.09931e-22
-1.0994e-22
-1.09952e-22
-1.09965e-22
-1.10002e-22
-1.10011e-22
-1.09982e-22
-1.09949e-22
-1.09924e-22
-1.09915e-22
-1.09934e-22
-1.09942e-22
-1.09896e-22
-1.09931e-22
-1.09972e-22
-1.10041e-22
-1.10135e-22
-1.10222e-22
-1.10336e-22
-1.10393e-22
-1.10417e-22
-1.10348e-22
-1.10265e-22
-1.10173e-22
-1.10021e-22
-1.09844e-22
-1.09735e-22
-1.09603e-22
-1.09549e-22
-1.09553e-22
-1.09615e-22
-1.09721e-22
-1.09974e-22
-1.10248e-22
-1.1053e-22
-1.10903e-22
-1.11203e-22
-1.11492e-22
-1.11791e-22
-1.11976e-22
-1.12098e-22
-1.12108e-22
-1.12019e-22
-1.11855e-22
-1.11645e-22
-1.11412e-22
-1.11164e-22
-1.10865e-22
-1.10586e-22
-1.10337e-22
-1.10098e-22
-1.09891e-22
-1.09728e-22
-1.09631e-22
-1.0955e-22
-1.09519e-22
-1.09505e-22
-1.09512e-22
-1.09548e-22
-1.09574e-22
-1.09572e-22
-1.09574e-22
-1.09534e-22
-1.09446e-22
-1.09416e-22
-1.09361e-22
-1.09357e-22
-1.09409e-22
-1.0955e-22
-1.09767e-22
-1.10099e-22
-1.10487e-22
-1.10911e-22
-1.11331e-22
-1.11743e-22
-1.1208e-22
-1.1242e-22
-1.12647e-22
-1.12784e-22
-1.12813e-22
-1.12767e-22
-1.12627e-22
-1.12421e-22
-1.1212e-22
-1.1179e-22
-1.11419e-22
-1.10977e-22
-1.10529e-22
-1.10079e-22
-1.09671e-22
-1.09327e-22
-1.08987e-22
-1.08725e-22
-1.08537e-22
-1.08431e-22
-1.08367e-22
-1.08417e-22
-1.08547e-22
-1.08747e-22
-1.09002e-22
-1.09266e-22
-1.09568e-22
-1.09884e-22
-1.10211e-22
-1.10513e-22
-1.10799e-22
-1.11049e-22
-1.11231e-22
-1.11347e-22
-1.11412e-22
-1.11427e-22
-1.11332e-22
-1.11193e-22
-1.11007e-22
-1.10816e-22
-1.10579e-22
-1.10381e-22
-1.10212e-22
-1.10064e-22
-1.10019e-22
-1.09977e-22
-1.09975e-22
-1.1001e-22
-1.10096e-22
-1.10161e-22
-1.10224e-22
-1.10261e-22
-1.10304e-22
-1.10332e-22
-1.10375e-22
-1.1039e-22
-1.10346e-22
-1.10353e-22
-1.10426e-22
-1.10471e-22
-1.10574e-22
-1.10661e-22
-1.10734e-22
-1.10777e-22
-1.10759e-22
-1.10785e-22
-1.10768e-22
-1.10774e-22
-1.10786e-22
-1.10818e-22
-1.10891e-22
-1.10996e-22
-1.11106e-22
-1.11223e-22
-1.11298e-22
-1.11391e-22
-1.11438e-22
-1.11382e-22
-1.11294e-22
-1.11123e-22
-1.10814e-22
-1.1045e-22
-1.10038e-22
-1.09619e-22
-1.09276e-22
-1.09026e-22
-1.08895e-22
-1.08901e-22
-1.09029e-22
-1.09235e-22
-1.09497e-22
-1.09776e-22
-1.1011e-22
-1.10388e-22
-1.10646e-22
-1.10849e-22
-1.10952e-22
-1.11042e-22
-1.10995e-22
-1.10915e-22
-1.10827e-22
-1.10642e-22
-1.1046e-22
-1.1027e-22
-1.10085e-22
-1.09977e-22
-1.09865e-22
-1.09789e-22
-1.0978e-22
-1.09787e-22
-1.09874e-22
-1.10005e-22
-1.10185e-22
-1.10352e-22
-1.10518e-22
-1.10654e-22
-1.10708e-22
-1.10782e-22
-1.10807e-22
-1.10772e-22
-1.10714e-22
-1.10627e-22
-1.10528e-22
-1.10415e-22
-1.10314e-22
-1.1025e-22
-1.10243e-22
-1.10227e-22
-1.10252e-22
-1.1026e-22
-1.10288e-22
-1.10339e-22
-1.10389e-22
-1.10405e-22
-1.10393e-22
-1.10444e-22
-1.10448e-22
-1.10488e-22
-1.10542e-22
-1.10599e-22
-1.10693e-22
-1.10804e-22
-1.10878e-22
-1.10943e-22
-1.1094e-22
-1.10979e-22
-1.10949e-22
-1.10882e-22
-1.10747e-22
-1.1059e-22
-1.10454e-22
-1.10298e-22
-1.10118e-22
-1.09952e-22
-1.09857e-22
-1.09782e-22
-1.09775e-22
-1.09763e-22
-1.09823e-22
-1.09824e-22
-1.09824e-22
-1.09868e-22
-1.09868e-22
-1.0987e-22
-1.0988e-22
-1.09868e-22
-1.09885e-22
-1.09893e-22
-1.09915e-22
-1.09974e-22
-1.10045e-22
-1.10228e-22
-1.10382e-22
-1.1055e-22
-1.10722e-22
-1.10904e-22
-1.11057e-22
-1.11206e-22
-1.1132e-22
-1.11417e-22
-1.11436e-22
-1.11479e-22
-1.11428e-22
-1.11334e-22
-1.11181e-22
-1.11025e-22
-1.10838e-22
-1.10629e-22
-1.10466e-22
-1.10277e-22
-1.1014e-22
-1.10031e-22
-1.09964e-22
-1.09927e-22
-1.09942e-22
-1.09935e-22
-1.09956e-22
-1.09989e-22
-1.10005e-22
-1.09981e-22
-1.09985e-22
-1.0991e-22
-1.09833e-22
-1.09749e-22
-1.09653e-22
-1.09529e-22
-1.09402e-22
-1.09281e-22
-1.09187e-22
-1.09163e-22
-1.0917e-22
-1.09293e-22
-1.09473e-22
-1.0972e-22
-1.10018e-22
-1.10394e-22
-1.10678e-22
-1.10997e-22
-1.11232e-22
-1.11466e-22
-1.11606e-22
-1.11691e-22
-1.11717e-22
-1.11657e-22
-1.11554e-22
-1.11408e-22
-1.11255e-22
-1.11074e-22
-1.10924e-22
-1.10694e-22
-1.10522e-22
-1.10428e-22
-1.10345e-22
-1.10255e-22
-1.10283e-22
-1.10315e-22
-1.10383e-22
-1.1041e-22
-1.10493e-22
-1.10561e-22
-1.10651e-22
-1.10675e-22
-1.10735e-22
-1.10727e-22
-1.10658e-22
-1.10556e-22
-1.10426e-22
-1.10261e-22
-1.10062e-22
-1.09857e-22
-1.09677e-22
-1.0953e-22
-1.09413e-22
-1.09346e-22
-1.09307e-22
-1.09354e-22
-1.09416e-22
-1.09526e-22
-1.09623e-22
-1.09722e-22
-1.09821e-22
-1.09921e-22
-1.10013e-22
-1.10142e-22
-1.10236e-22
-1.10316e-22
-1.10353e-22
-1.10458e-22
-1.10551e-22
-1.10652e-22
-1.10745e-22
-1.10868e-22
-1.10961e-22
-1.11085e-22
-1.11161e-22
-1.11219e-22
-1.11294e-22
-1.11331e-22
-1.11338e-22
-1.11324e-22
-1.1127e-22
-1.11176e-22
-1.11098e-22
-1.10942e-22
-1.10793e-22
-1.10649e-22
-1.10504e-22
-1.10392e-22
-1.10311e-22
-1.10231e-22
-1.10201e-22
-1.1023e-22
-1.10293e-22
-1.1038e-22
-1.10471e-22
-1.10581e-22
-1.10612e-22
-1.10624e-22
-1.10604e-22
-1.10577e-22
-1.10542e-22
-1.10541e-22
-1.10556e-22
-1.10508e-22
-1.1053e-22
-1.10494e-22
-1.10495e-22
-1.10485e-22
-1.10443e-22
-1.10426e-22
-1.1039e-22
-1.10396e-22
-1.1038e-22
-1.10372e-22
-1.10298e-22
-1.10273e-22
-1.10244e-22
-1.10223e-22
-1.1017e-22
-1.10172e-22
-1.10103e-22
-1.10017e-22
-1.0993e-22
-1.09855e-22
-1.09767e-22
-1.09717e-22
-1.09694e-22
-1.09726e-22
-1.09735e-22
-1.09795e-22
-1.09873e-22
-1.10006e-22
-1.10168e-22
-1.10335e-22
-1.10486e-22
-1.10659e-22
-1.1077e-22
-1.10908e-22
-1.10944e-22
-1.10981e-22
-1.10942e-22
-1.10851e-22
-1.10708e-22
-1.1059e-22
-1.10411e-22
-1.10282e-22
-1.10184e-22
-1.10143e-22
-1.1014e-22
-1.10193e-22
-1.10299e-22
-1.10372e-22
-1.1045e-22
-1.10508e-22
-1.10477e-22
-1.10479e-22
-1.10445e-22
-1.10403e-22
-1.10356e-22
-1.10313e-22
-1.1025e-22
-1.10178e-22
-1.10115e-22
-1.10009e-22
-1.09917e-22
-1.09841e-22
-1.09796e-22
-1.09791e-22
-1.09746e-22
-1.09773e-22
-1.09837e-22
-1.09966e-22
-1.10141e-22
-1.10363e-22
-1.10646e-22
-1.10911e-22
-1.11183e-22
-1.11395e-22
-1.11504e-22
-1.11621e-22
-1.11618e-22
-1.11562e-22
-1.11522e-22
-1.11419e-22
-1.11313e-22
-1.11194e-22
-1.11083e-22
-1.10975e-22
-1.10857e-22
-1.10674e-22
-1.10541e-22
-1.1043e-22
-1.10293e-22
-1.10171e-22
-1.10116e-22
-1.10077e-22
-1.10047e-22
-1.1002e-22
-1.09994e-22
-1.09921e-22
-1.0985e-22
-1.09772e-22
-1.09652e-22
-1.09509e-22
-1.09381e-22
-1.0927e-22
-1.09244e-22
-1.09248e-22
-1.09339e-22
-1.09552e-22
-1.09816e-22
-1.10127e-22
-1.1045e-22
-1.10742e-22
-1.11029e-22
-1.11273e-22
-1.11468e-22
-1.11526e-22
-1.11543e-22
-1.11483e-22
-1.1135e-22
-1.11157e-22
-1.10891e-22
-1.106e-22
-1.10333e-22
-1.1012e-22
-1.09949e-22
-1.09842e-22
-1.09786e-22
-1.0975e-22
-1.09759e-22
-1.09822e-22
-1.09913e-22
-1.10022e-22
-1.10129e-22
-1.10228e-22
-1.10343e-22
-1.10459e-22
-1.1053e-22
-1.10579e-22
-1.10526e-22
-1.10489e-22
-1.10444e-22
-1.10391e-22
-1.10365e-22
-1.10355e-22
-1.10346e-22
-1.10361e-22
-1.10435e-22
-1.10502e-22
-1.10589e-22
-1.10692e-22
-1.10803e-22
-1.1089e-22
-1.10957e-22
-1.10991e-22
-1.1097e-22
-1.1092e-22
-1.10844e-22
-1.1071e-22
-1.10502e-22
-1.10254e-22
-1.09969e-22
-1.09679e-22
-1.09438e-22
-1.0924e-22
-1.0909e-22
-1.09013e-22
-1.0902e-22
-1.09145e-22
-1.09332e-22
-1.0957e-22
-1.09867e-22
-1.10189e-22
-1.10502e-22
-1.10836e-22
-1.11085e-22
-1.11265e-22
-1.11383e-22
-1.11413e-22
-1.11432e-22
-1.11403e-22
-1.11305e-22
-1.11137e-22
-1.10942e-22
-1.1078e-22
-1.10596e-22
-1.10436e-22
-1.10298e-22
-1.10166e-22
-1.10079e-22
-1.0996e-22
-1.09866e-22
-1.09822e-22
-1.09788e-22
-1.09794e-22
-1.09824e-22
-1.09931e-22
-1.10027e-22
-1.10147e-22
-1.10222e-22
-1.10259e-22
-1.10304e-22
-1.10338e-22
-1.10345e-22
-1.10343e-22
-1.10276e-22
-1.10211e-22
-1.1016e-22
-1.10139e-22
-1.10101e-22
-1.10093e-22
-1.10128e-22
-1.10172e-22
-1.10257e-22
-1.10438e-22
-1.10558e-22
-1.10709e-22
-1.1079e-22
-1.1089e-22
-1.10939e-22
-1.10968e-22
-1.10966e-22
-1.10924e-22
-1.10827e-22
-1.10684e-22
-1.10528e-22
-1.10377e-22
-1.10202e-22
-1.10092e-22
-1.09977e-22
-1.09903e-22
-1.09875e-22
-1.09848e-22
-1.09894e-22
-1.09976e-22
-1.1006e-22
-1.10149e-22
-1.10283e-22
-1.10368e-22
-1.10455e-22
-1.10507e-22
-1.10581e-22
-1.10635e-22
-1.10699e-22
-1.10715e-22
-1.10706e-22
-1.10694e-22
-1.10668e-22
-1.10624e-22
-1.10558e-22
-1.10474e-22
-1.10347e-22
-1.10232e-22
-1.10085e-22
-1.09963e-22
-1.09842e-22
-1.09709e-22
-1.09687e-22
-1.09698e-22
-1.09798e-22
-1.09968e-22
-1.10206e-22
-1.10453e-22
-1.10736e-22
-1.11041e-22
-1.11293e-22
-1.11512e-22
-1.11593e-22
-1.11651e-22
-1.11623e-22
-1.11453e-22
-1.11255e-22
-1.10995e-22
-1.10674e-22
-1.1033e-22
-1.10008e-22
-1.09713e-22
-1.09509e-22
-1.09375e-22
-1.09372e-22
-1.09419e-22
-1.09546e-22
-1.09752e-22
-1.09974e-22
-1.10221e-22
-1.10434e-22
-1.10627e-22
-1.10799e-22
-1.10923e-22
-1.11015e-22
-1.11044e-22
-1.11037e-22
-1.1106e-22
-1.11052e-22
-1.11024e-22
-1.10973e-22
-1.10896e-22
-1.10779e-22
-1.10678e-22
-1.10573e-22
-1.10434e-22
-1.10318e-22
-1.10247e-22
-1.10184e-22
-1.10143e-22
-1.1013e-22
-1.10211e-22
-1.1028e-22
-1.10372e-22
-1.10517e-22
-1.10671e-22
-1.10818e-22
-1.10889e-22
-1.11015e-22
-1.1107e-22
-1.11031e-22
-1.10955e-22
-1.10813e-22
-1.10622e-22
-1.104e-22
-1.10164e-22
-1.0991e-22
-1.09669e-22
-1.09455e-22
-1.09314e-22
-1.09234e-22
-1.09207e-22
-1.09228e-22
-1.09338e-22
-1.09503e-22
-1.09691e-22
-1.09915e-22
-1.1014e-22
-1.10387e-22
-1.10626e-22
-1.10852e-22
-1.11014e-22
-1.11163e-22
-1.11229e-22
-1.11235e-22
-1.11226e-22
-1.11126e-22
-1.11016e-22
-1.10888e-22
-1.10753e-22
-1.10634e-22
-1.10505e-22
-1.1039e-22
-1.10342e-22
-1.10307e-22
-1.10316e-22
-1.10337e-22
-1.10412e-22
-1.10468e-22
-1.10544e-22
-1.10579e-22
-1.10644e-22
-1.10697e-22
-1.10731e-22
-1.10717e-22
-1.10619e-22
-1.10516e-22
-1.10377e-22
-1.10197e-22
-1.10031e-22
-1.09829e-22
-1.09672e-22
-1.09506e-22
-1.09417e-22
-1.09366e-22
-1.09395e-22
-1.09516e-22
-1.097e-22
-1.09889e-22
-1.10136e-22
-1.10361e-22
-1.10567e-22
-1.10767e-22
-1.10919e-22
-1.10957e-22
-1.10989e-22
-1.10919e-22
-1.10883e-22
-1.10754e-22
-1.10569e-22
-1.10381e-22
-1.10166e-22
-1.09973e-22
-1.09816e-22
-1.09722e-22
-1.09678e-22
-1.09749e-22
-1.09807e-22
-1.09901e-22
-1.10079e-22
-1.10275e-22
-1.10486e-22
-1.10718e-22
-1.10958e-22
-1.11175e-22
-1.11366e-22
-1.1154e-22
-1.11704e-22
-1.11831e-22
-1.11847e-22
-1.11791e-22
-1.11695e-22
-1.11538e-22
-1.11308e-22
-1.11009e-22
-1.1071e-22
-1.10417e-22
-1.10133e-22
-1.09901e-22
-1.098e-22
-1.09748e-22
-1.09771e-22
-1.09868e-22
-1.09984e-22
-1.10079e-22
-1.10199e-22
-1.1023e-22
-1.10189e-22
-1.10097e-22
-1.1e-22
-1.09882e-22
-1.0982e-22
-1.09816e-22
-1.09851e-22
-1.09944e-22
-1.10089e-22
-1.10237e-22
-1.10489e-22
-1.10686e-22
-1.1084e-22
-1.10945e-22
-1.1103e-22
-1.11072e-22
-1.11068e-22
-1.11008e-22
-1.10888e-22
-1.10756e-22
-1.10548e-22
-1.10406e-22
-1.10242e-22
-1.10107e-22
-1.1001e-22
-1.09937e-22
-1.09877e-22
-1.09838e-22
-1.09843e-22
-1.09894e-22
-1.09943e-22
-1.10059e-22
-1.10197e-22
-1.10331e-22
-1.10479e-22
-1.10611e-22
-1.10747e-22
-1.10884e-22
-1.1101e-22
-1.11124e-22
-1.1116e-22
-1.11155e-22
-1.111e-22
-1.11027e-22
-1.10907e-22
-1.10748e-22
-1.10603e-22
-1.10434e-22
-1.10284e-22
-1.10125e-22
-1.09993e-22
-1.09873e-22
-1.09849e-22
-1.09832e-22
-1.09831e-22
-1.09897e-22
-1.09962e-22
-1.10077e-22
-1.10233e-22
-1.10351e-22
-1.10483e-22
-1.10638e-22
-1.10775e-22
-1.10868e-22
-1.1093e-22
-1.10933e-22
-1.10864e-22
-1.1075e-22
-1.1063e-22
-1.10451e-22
-1.10297e-22
-1.09929e-22
-1.09371e-22
-1.08642e-22
-1.07782e-22
-1.06917e-22
-1.06141e-22
-1.0549e-22
-1.04985e-22
-1.04659e-22
-1.04546e-22
-1.04618e-22
-1.04823e-22
-1.05048e-22
-1.05291e-22
-1.05514e-22
-1.05686e-22
-1.05758e-22
-1.05726e-22
-1.05696e-22
-1.05676e-22
-1.05637e-22
-1.05586e-22
-1.05574e-22
-1.05584e-22
-1.05606e-22
-1.05633e-22
-1.05654e-22
-1.05703e-22
-1.05786e-22
-1.0588e-22
-1.05952e-22
-1.06056e-22
-1.06167e-22
-1.06285e-22
-1.06466e-22
-1.06595e-22
-1.06714e-22
-1.06837e-22
-1.06897e-22
-1.06908e-22
-1.06802e-22
-1.06613e-22
-1.06334e-22
-1.06005e-22
-1.05629e-22
-1.0523e-22
-1.04797e-22
-1.04376e-22
-1.04012e-22
-1.03723e-22
-1.03544e-22
-1.03512e-22
-1.03627e-22
-1.03895e-22
-1.04262e-22
-1.04782e-22
-1.05343e-22
-1.05853e-22
-1.0632e-22
-1.06764e-22
-1.07142e-22
-1.07409e-22
-1.07572e-22
-1.07675e-22
-1.07667e-22
-1.07551e-22
-1.0734e-22
-1.07065e-22
-1.06767e-22
-1.06479e-22
-1.06215e-22
-1.06029e-22
-1.05939e-22
-1.0594e-22
-1.06005e-22
-1.06108e-22
-1.06284e-22
-1.06478e-22
-1.06655e-22
-1.06758e-22
-1.06793e-22
-1.06794e-22
-1.06739e-22
-1.0662e-22
-1.06461e-22
-1.06222e-22
-1.05985e-22
-1.0574e-22
-1.05518e-22
-1.05295e-22
-1.05145e-22
-1.05031e-22
-1.04983e-22
-1.05028e-22
-1.0515e-22
-1.05357e-22
-1.05553e-22
-1.0582e-22
-1.06066e-22
-1.06341e-22
-1.06539e-22
-1.06652e-22
-1.06696e-22
-1.06694e-22
-1.06645e-22
-1.06569e-22
-1.06434e-22
-1.06339e-22
-1.06255e-22
-1.06206e-22
-1.06202e-22
-1.06187e-22
-1.06227e-22
-1.06225e-22
-1.06231e-22
-1.06228e-22
-1.06149e-22
-1.06079e-22
-1.05989e-22
-1.05831e-22
-1.05653e-22
-1.05467e-22
-1.05282e-22
-1.0513e-22
-1.05063e-22
-1.05054e-22
-1.05111e-22
-1.05175e-22
-1.0523e-22
-1.05287e-22
-1.05315e-22
-1.0529e-22
-1.05238e-22
-1.05175e-22
-1.05078e-22
-1.04956e-22
-1.04934e-22
-1.0491e-22
-1.0487e-22
-1.04844e-22
-1.04826e-22
-1.04789e-22
-1.04772e-22
-1.04839e-22
-1.04946e-22
-1.05069e-22
-1.0523e-22
-1.05431e-22
-1.05656e-22
-1.05901e-22
-1.06196e-22
-1.0648e-22
-1.06773e-22
-1.07041e-22
-1.07266e-22
-1.07357e-22
-1.07402e-22
-1.07351e-22
-1.07204e-22
-1.06951e-22
-1.06659e-22
-1.06333e-22
-1.06018e-22
-1.05775e-22
-1.05606e-22
-1.05583e-22
-1.0563e-22
-1.05751e-22
-1.05933e-22
-1.06078e-22
-1.06245e-22
-1.06399e-22
-1.06455e-22
-1.0647e-22
-1.06442e-22
-1.06292e-22
-1.06097e-22
-1.05851e-22
-1.05642e-22
-1.05432e-22
-1.05332e-22
-1.0527e-22
-1.05257e-22
-1.05313e-22
-1.05334e-22
-1.05407e-22
-1.0547e-22
-1.05559e-22
-1.05663e-22
-1.0574e-22
-1.05837e-22
-1.06005e-22
-1.06182e-22
-1.06353e-22
-1.06525e-22
-1.06693e-22
-1.06837e-22
-1.06966e-22
-1.07022e-22
-1.07034e-22
-1.07034e-22
-1.06969e-22
-1.06949e-22
-1.06942e-22
-1.06888e-22
-1.06933e-22
-1.07049e-22
-1.07191e-22
-1.07278e-22
-1.07352e-22
-1.07351e-22
-1.07277e-22
-1.07134e-22
-1.06921e-22
-1.06668e-22
-1.06332e-22
-1.05917e-22
-1.0549e-22
-1.05053e-22
-1.04645e-22
-1.04303e-22
-1.04105e-22
-1.04068e-22
-1.04106e-22
-1.04279e-22
-1.04585e-22
-1.04891e-22
-1.05166e-22
-1.05483e-22
-1.05774e-22
-1.06054e-22
-1.0625e-22
-1.06383e-22
-1.06484e-22
-1.06487e-22
-1.06471e-22
-1.06427e-22
-1.06396e-22
-1.06327e-22
-1.06293e-22
-1.06241e-22
-1.06157e-22
-1.06099e-22
-1.06092e-22
-1.06093e-22
-1.06093e-22
-1.06099e-22
-1.06094e-22
-1.06086e-22
-1.06049e-22
-1.06058e-22
-1.06083e-22
-1.06067e-22
-1.06065e-22
-1.06075e-22
-1.06069e-22
-1.06072e-22
-1.06026e-22
-1.05955e-22
-1.0585e-22
-1.05723e-22
-1.05618e-22
-1.05519e-22
-1.05453e-22
-1.05416e-22
-1.05463e-22
-1.05544e-22
-1.05672e-22
-1.05805e-22
-1.0597e-22
-1.06145e-22
-1.06284e-22
-1.06441e-22
-1.06559e-22
-1.06651e-22
-1.06701e-22
-1.06733e-22
-1.06729e-22
-1.06765e-22
-1.06782e-22
-1.06829e-22
-1.06896e-22
-1.06996e-22
-1.07027e-22
-1.07052e-22
-1.06974e-22
-1.0683e-22
-1.06621e-22
-1.06291e-22
-1.05953e-22
-1.05605e-22
-1.05276e-22
-1.04953e-22
-1.04642e-22
-1.04421e-22
-1.04293e-22
-1.04295e-22
-1.04433e-22
-1.04702e-22
-1.05134e-22
-1.05624e-22
-1.06173e-22
-1.0671e-22
-1.07163e-22
-1.07501e-22
-1.07611e-22
-1.07518e-22
-1.07201e-22
-1.06764e-22
-1.06261e-22
-1.057e-22
-1.05283e-22
-1.04931e-22
-1.04791e-22
-1.04768e-22
-1.04895e-22
-1.05041e-22
-1.05225e-22
-1.05446e-22
-1.05605e-22
-1.05735e-22
-1.05799e-22
-1.05765e-22
-1.05669e-22
-1.05535e-22
-1.05381e-22
-1.0521e-22
-1.05091e-22
-1.05064e-22
-1.05193e-22
-1.0544e-22
-1.0578e-22
-1.0625e-22
-1.0677e-22
-1.07297e-22
-1.07775e-22
-1.08165e-22
-1.08422e-22
-1.08527e-22
-1.08446e-22
-1.08194e-22
-1.07853e-22
-1.074e-22
-1.06884e-22
-1.06391e-22
-1.05987e-22
-1.0563e-22
-1.05396e-22
-1.05249e-22
-1.05183e-22
-1.05211e-22
-1.05306e-22
-1.05453e-22
-1.05633e-22
-1.05848e-22
-1.06064e-22
-1.06166e-22
-1.06258e-22
-1.06265e-22
-1.06207e-22
-1.06082e-22
-1.05927e-22
-1.05739e-22
-1.05514e-22
-1.05297e-22
-1.0512e-22
-1.0502e-22
-1.04924e-22
-1.0488e-22
-1.04883e-22
-1.0498e-22
-1.0512e-22
-1.05304e-22
-1.0546e-22
-1.05622e-22
-1.05713e-22
-1.05773e-22
-1.05826e-22
-1.0586e-22
-1.05845e-22
-1.05824e-22
-1.05846e-22
-1.05852e-22
-1.0589e-22
-1.05932e-22
-1.05933e-22
-1.05972e-22
-1.06014e-22
-1.06119e-22
-1.06216e-22
-1.06371e-22
-1.06493e-22
-1.06631e-22
-1.06718e-22
-1.06816e-22
-1.06837e-22
-1.06819e-22
-1.06805e-22
-1.06731e-22
-1.06647e-22
-1.0656e-22
-1.06472e-22
-1.06345e-22
-1.06189e-22
-1.06005e-22
-1.05773e-22
-1.05542e-22
-1.05412e-22
-1.0532e-22
-1.05368e-22
-1.05532e-22
-1.05765e-22
-1.05983e-22
-1.06173e-22
-1.0638e-22
-1.06526e-22
-1.06605e-22
-1.06608e-22
-1.06485e-22
-1.06367e-22
-1.0621e-22
-1.06e-22
-1.05759e-22
-1.05523e-22
-1.05324e-22
-1.05181e-22
-1.05041e-22
-1.04918e-22
-1.04858e-22
-1.04784e-22
-1.0472e-22
-1.04721e-22
-1.04807e-22
-1.04951e-22
-1.05154e-22
-1.05448e-22
-1.05786e-22
-1.06119e-22
-1.06452e-22
-1.06693e-22
-1.06879e-22
-1.07013e-22
-1.07071e-22
-1.07039e-22
-1.06944e-22
-1.06799e-22
-1.06577e-22
-1.06354e-22
-1.06094e-22
-1.05812e-22
-1.05568e-22
-1.05363e-22
-1.05223e-22
-1.051e-22
-1.0506e-22
-1.05096e-22
-1.05181e-22
-1.05351e-22
-1.05566e-22
-1.05766e-22
-1.06039e-22
-1.06307e-22
-1.06561e-22
-1.06775e-22
-1.06926e-22
-1.0703e-22
-1.0709e-22
-1.07046e-22
-1.07019e-22
-1.06946e-22
-1.06768e-22
-1.06594e-22
-1.06396e-22
-1.06202e-22
-1.06037e-22
-1.0593e-22
-1.05838e-22
-1.05779e-22
-1.05747e-22
-1.05772e-22
-1.05784e-22
-1.05789e-22
-1.05788e-22
-1.05807e-22
-1.05775e-22
-1.05741e-22
-1.05702e-22
-1.05615e-22
-1.05497e-22
-1.0535e-22
-1.05161e-22
-1.04973e-22
-1.04834e-22
-1.04758e-22
-1.04773e-22
-1.04891e-22
-1.05069e-22
-1.05313e-22
-1.05564e-22
-1.05787e-22
-1.06001e-22
-1.06096e-22
-1.06145e-22
-1.06219e-22
-1.06335e-22
-1.06484e-22
-1.06648e-22
-1.06799e-22
-1.06939e-22
-1.07025e-22
-1.07044e-22
-1.06977e-22
-1.06853e-22
-1.0672e-22
-1.06578e-22
-1.06391e-22
-1.06242e-22
-1.0609e-22
-1.05994e-22
-1.0593e-22
-1.05868e-22
-1.05876e-22
-1.05871e-22
-1.05926e-22
-1.0596e-22
-1.06066e-22
-1.06168e-22
-1.06286e-22
-1.06307e-22
-1.06333e-22
-1.06342e-22
-1.06275e-22
-1.06212e-22
-1.06076e-22
-1.05961e-22
-1.05859e-22
-1.05803e-22
-1.05749e-22
-1.05781e-22
-1.05862e-22
-1.05943e-22
-1.06092e-22
-1.0629e-22
-1.06471e-22
-1.0665e-22
-1.06817e-22
-1.0688e-22
-1.06867e-22
-1.06766e-22
-1.06572e-22
-1.06317e-22
-1.06027e-22
-1.05723e-22
-1.0548e-22
-1.05263e-22
-1.05167e-22
-1.05159e-22
-1.05228e-22
-1.05325e-22
-1.05479e-22
-1.05606e-22
-1.05718e-22
-1.05767e-22
-1.05678e-22
-1.05601e-22
-1.0543e-22
-1.05254e-22
-1.05132e-22
-1.05016e-22
-1.04966e-22
-1.04967e-22
-1.04998e-22
-1.05059e-22
-1.05152e-22
-1.05293e-22
-1.05524e-22
-1.05812e-22
-1.06105e-22
-1.0639e-22
-1.06614e-22
-1.06785e-22
-1.06898e-22
-1.06954e-22
-1.06977e-22
-1.07e-22
-1.06978e-22
-1.06948e-22
-1.06912e-22
-1.06803e-22
-1.06681e-22
-1.06562e-22
-1.0641e-22
-1.06275e-22
-1.06124e-22
-1.05984e-22
-1.0589e-22
-1.05891e-22
-1.0596e-22
-1.06038e-22
-1.06112e-22
-1.0618e-22
-1.06213e-22
-1.06205e-22
-1.0617e-22
-1.06088e-22
-1.06035e-22
-1.05961e-22
-1.05925e-22
-1.05873e-22
-1.05835e-22
-1.058e-22
-1.05755e-22
-1.05691e-22
-1.05607e-22
-1.05499e-22
-1.05372e-22
-1.05273e-22
-1.05173e-22
-1.05112e-22
-1.05108e-22
-1.05231e-22
-1.05418e-22
-1.05644e-22
-1.05929e-22
-1.06179e-22
-1.06348e-22
-1.06457e-22
-1.06473e-22
-1.06353e-22
-1.06108e-22
-1.05881e-22
-1.05615e-22
-1.05331e-22
-1.05123e-22
-1.05014e-22
-1.05006e-22
-1.05114e-22
-1.05286e-22
-1.05515e-22
-1.05792e-22
-1.06116e-22
-1.0642e-22
-1.06689e-22
-1.06936e-22
-1.07108e-22
-1.07209e-22
-1.07224e-22
-1.07145e-22
-1.06944e-22
-1.06742e-22
-1.06438e-22
-1.06199e-22
-1.05964e-22
-1.0585e-22
-1.05796e-22
-1.05774e-22
-1.05764e-22
-1.05759e-22
-1.0566e-22
-1.0551e-22
-1.05331e-22
-1.05134e-22
-1.04945e-22
-1.04819e-22
-1.04752e-22
-1.04749e-22
-1.04822e-22
-1.04966e-22
-1.05134e-22
-1.05354e-22
-1.0557e-22
-1.05755e-22
-1.05987e-22
-1.06226e-22
-1.06445e-22
-1.06626e-22
-1.06717e-22
-1.06669e-22
-1.06527e-22
-1.06309e-22
-1.06075e-22
-1.05851e-22
-1.057e-22
-1.05605e-22
-1.05584e-22
-1.05613e-22
-1.05695e-22
-1.05766e-22
-1.05903e-22
-1.05998e-22
-1.06109e-22
-1.06201e-22
-1.06271e-22
-1.06311e-22
-1.06375e-22
-1.06419e-22
-1.06454e-22
-1.06446e-22
-1.06426e-22
-1.06425e-22
-1.06407e-22
-1.06367e-22
-1.06351e-22
-1.0629e-22
-1.06204e-22
-1.06098e-22
-1.05934e-22
-1.0573e-22
-1.05516e-22
-1.05407e-22
-1.05334e-22
-1.05363e-22
-1.05466e-22
-1.05629e-22
-1.05842e-22
-1.06042e-22
-1.06189e-22
-1.06297e-22
-1.06373e-22
-1.06362e-22
-1.06303e-22
-1.06199e-22
-1.06046e-22
-1.05909e-22
-1.05808e-22
-1.05764e-22
-1.05775e-22
-1.05858e-22
-1.05973e-22
-1.06139e-22
-1.06313e-22
-1.06475e-22
-1.06602e-22
-1.06707e-22
-1.06692e-22
-1.06604e-22
-1.06492e-22
-1.06267e-22
-1.06047e-22
-1.05825e-22
-1.0563e-22
-1.05551e-22
-1.05522e-22
-1.05556e-22
-1.05616e-22
-1.05675e-22
-1.05757e-22
-1.05739e-22
-1.05695e-22
-1.0561e-22
-1.05502e-22
-1.05422e-22
-1.05411e-22
-1.05462e-22
-1.05514e-22
-1.05659e-22
-1.05796e-22
-1.0591e-22
-1.05975e-22
-1.06057e-22
-1.06195e-22
-1.06256e-22
-1.06392e-22
-1.06536e-22
-1.06703e-22
-1.06838e-22
-1.06925e-22
-1.06915e-22
-1.06803e-22
-1.06629e-22
-1.06295e-22
-1.0594e-22
-1.05578e-22
-1.05218e-22
-1.0494e-22
-1.04734e-22
-1.04664e-22
-1.04679e-22
-1.0478e-22
-1.04927e-22
-1.0513e-22
-1.05331e-22
-1.05486e-22
-1.05614e-22
-1.05698e-22
-1.05723e-22
-1.05734e-22
-1.0571e-22
-1.05695e-22
-1.05731e-22
-1.05784e-22
-1.0595e-22
-1.061e-22
-1.06293e-22
-1.06526e-22
-1.06692e-22
-1.06845e-22
-1.06957e-22
-1.07034e-22
-1.07086e-22
-1.07043e-22
-1.06903e-22
-1.06698e-22
-1.06421e-22
-1.06105e-22
-1.058e-22
-1.05616e-22
-1.05459e-22
-1.05368e-22
-1.05383e-22
-1.05422e-22
-1.05491e-22
-1.05582e-22
-1.05667e-22
-1.05863e-22
-1.06089e-22
-1.06361e-22
-1.0661e-22
-1.0684e-22
-1.06999e-22
-1.07061e-22
-1.07003e-22
-1.06878e-22
-1.06661e-22
-1.06422e-22
-1.06169e-22
-1.0597e-22
-1.05832e-22
-1.05732e-22
-1.057e-22
-1.05708e-22
-1.05703e-22
-1.0575e-22
-1.0581e-22
-1.05932e-22
-1.06043e-22
-1.06202e-22
-1.06302e-22
-1.06359e-22
-1.06327e-22
-1.06184e-22
-1.05977e-22
-1.05743e-22
-1.05425e-22
-1.05104e-22
-1.04788e-22
-1.04537e-22
-1.04364e-22
-1.04285e-22
-1.04307e-22
-1.04435e-22
-1.04626e-22
-1.04858e-22
-1.0516e-22
-1.05534e-22
-1.05872e-22
-1.06215e-22
-1.06546e-22
-1.06859e-22
-1.07079e-22
-1.0723e-22
-1.0725e-22
-1.07142e-22
-1.06922e-22
-1.06664e-22
-1.06354e-22
-1.06025e-22
-1.05685e-22
-1.05369e-22
-1.05107e-22
-1.04944e-22
-1.0485e-22
-1.04876e-22
-1.04971e-22
-1.05161e-22
-1.05419e-22
-1.05693e-22
-1.05921e-22
-1.06075e-22
-1.06183e-22
-1.06159e-22
-1.06095e-22
-1.05879e-22
-1.05619e-22
-1.0532e-22
-1.05086e-22
-1.04956e-22
-1.04966e-22
-1.05153e-22
-1.05483e-22
-1.05904e-22
-1.06317e-22
-1.06705e-22
-1.06993e-22
-1.07128e-22
-1.07155e-22
-1.07102e-22
-1.06993e-22
-1.06769e-22
-1.06602e-22
-1.06458e-22
-1.06339e-22
-1.0627e-22
-1.06282e-22
-1.06349e-22
-1.06483e-22
-1.06662e-22
-1.06867e-22
-1.0711e-22
-1.07348e-22
-1.07459e-22
-1.07477e-22
-1.07288e-22
-1.06994e-22
-1.06632e-22
-1.06272e-22
-1.0597e-22
-1.05727e-22
-1.05667e-22
-1.05739e-22
-1.0593e-22
-1.0618e-22
-1.0646e-22
-1.06678e-22
-1.0678e-22
-1.06833e-22
-1.06725e-22
-1.06543e-22
-1.06271e-22
-1.05885e-22
-1.05469e-22
-1.05074e-22
-1.04641e-22
-1.043e-22
-1.0405e-22
-1.03939e-22
-1.039e-22
-1.03964e-22
-1.04078e-22
-1.04271e-22
-1.04526e-22
-1.04827e-22
-1.05105e-22
-1.05385e-22
-1.05643e-22
-1.05838e-22
-1.0599e-22
-1.06108e-22
-1.06174e-22
-1.0615e-22
-1.06129e-22
-1.06056e-22
-1.06013e-22
-1.05963e-22
-1.05974e-22
-1.05963e-22
-1.06017e-22
-1.06037e-22
-1.06098e-22
-1.0614e-22
-1.06167e-22
-1.06129e-22
-1.06098e-22
-1.06031e-22
-1.05978e-22
-1.05883e-22
-1.0581e-22
-1.0578e-22
-1.05828e-22
-1.05935e-22
-1.0615e-22
-1.0641e-22
-1.06744e-22
-1.07027e-22
-1.07238e-22
-1.07307e-22
-1.07306e-22
-1.07194e-22
-1.07009e-22
-1.06818e-22
-1.06633e-22
-1.06497e-22
-1.06423e-22
-1.06454e-22
-1.06482e-22
-1.06628e-22
-1.06785e-22
-1.06914e-22
-1.06967e-22
-1.06873e-22
-1.06733e-22
-1.06501e-22
-1.06177e-22
-1.05811e-22
-1.05406e-22
-1.05016e-22
-1.04652e-22
-1.04333e-22
-1.04098e-22
-1.03954e-22
-1.03759e-22
-1.03491e-22
-1.03118e-22
-1.02665e-22
-1.02201e-22
-1.01806e-22
-1.01495e-22
-1.01312e-22
-1.01234e-22
-1.01352e-22
-1.01594e-22
-1.01953e-22
-1.02402e-22
-1.02887e-22
-1.03326e-22
-1.037e-22
-1.03994e-22
-1.04157e-22
-1.04251e-22
-1.04244e-22
-1.04171e-22
-1.04018e-22
-1.0377e-22
-1.03483e-22
-1.03267e-22
-1.03082e-22
-1.03005e-22
-1.03078e-22
-1.03235e-22
-1.03414e-22
-1.03515e-22
-1.03551e-22
-1.03537e-22
-1.03476e-22
-1.03393e-22
-1.03338e-22
-1.0336e-22
-1.03377e-22
-1.03469e-22
-1.03516e-22
-1.0351e-22
-1.03475e-22
-1.033e-22
-1.03056e-22
-1.02807e-22
-1.02422e-22
-1.02054e-22
-1.01712e-22
-1.01361e-22
-1.01082e-22
-1.00947e-22
-1.00987e-22
-1.01197e-22
-1.01601e-22
-1.02156e-22
-1.02824e-22
-1.03512e-22
-1.04163e-22
-1.04702e-22
-1.05103e-22
-1.05339e-22
-1.05413e-22
-1.05319e-22
-1.05067e-22
-1.04715e-22
-1.04295e-22
-1.03916e-22
-1.0358e-22
-1.03297e-22
-1.03077e-22
-1.02892e-22
-1.02726e-22
-1.02578e-22
-1.02427e-22
-1.02281e-22
-1.02136e-22
-1.01987e-22
-1.01868e-22
-1.01732e-22
-1.01615e-22
-1.01529e-22
-1.01491e-22
-1.01454e-22
-1.01398e-22
-1.01337e-22
-1.01299e-22
-1.01312e-22
-1.01293e-22
-1.01301e-22
-1.01374e-22
-1.01499e-22
-1.01682e-22
-1.0199e-22
-1.02423e-22
-1.02949e-22
-1.03561e-22
-1.04263e-22
-1.0492e-22
-1.0548e-22
-1.05915e-22
-1.06145e-22
-1.06143e-22
-1.05914e-22
-1.05497e-22
-1.04883e-22
-1.04223e-22
-1.03605e-22
-1.03179e-22
-1.02969e-22
-1.02992e-22
-1.03133e-22
-1.03268e-22
-1.03382e-22
-1.03421e-22
-1.03302e-22
-1.03018e-22
-1.02632e-22
-1.02149e-22
-1.01643e-22
-1.01177e-22
-1.00859e-22
-1.00695e-22
-1.00798e-22
-1.01073e-22
-1.01536e-22
-1.02087e-22
-1.02718e-22
-1.03359e-22
-1.0397e-22
-1.04471e-22
-1.04796e-22
-1.0497e-22
-1.0494e-22
-1.0476e-22
-1.04468e-22
-1.04116e-22
-1.03721e-22
-1.03399e-22
-1.03114e-22
-1.02884e-22
-1.02721e-22
-1.02603e-22
-1.02488e-22
-1.02341e-22
-1.02202e-22
-1.02016e-22
-1.01852e-22
-1.01766e-22
-1.01776e-22
-1.01883e-22
-1.02066e-22
-1.02316e-22
-1.02597e-22
-1.02835e-22
-1.03063e-22
-1.03159e-22
-1.03238e-22
-1.03301e-22
-1.03352e-22
-1.03467e-22
-1.03611e-22
-1.03807e-22
-1.0405e-22
-1.04213e-22
-1.04276e-22
-1.04254e-22
-1.04107e-22
-1.03864e-22
-1.03565e-22
-1.03227e-22
-1.02868e-22
-1.02623e-22
-1.02485e-22
-1.02485e-22
-1.02568e-22
-1.02703e-22
-1.02892e-22
-1.03038e-22
-1.03161e-22
-1.03228e-22
-1.0322e-22
-1.0317e-22
-1.03005e-22
-1.02826e-22
-1.0263e-22
-1.02492e-22
-1.02411e-22
-1.02438e-22
-1.02565e-22
-1.02776e-22
-1.0306e-22
-1.03383e-22
-1.03697e-22
-1.03976e-22
-1.04123e-22
-1.04253e-22
-1.04293e-22
-1.04235e-22
-1.0413e-22
-1.03962e-22
-1.038e-22
-1.03596e-22
-1.03356e-22
-1.0308e-22
-1.0279e-22
-1.02457e-22
-1.02194e-22
-1.01994e-22
-1.0198e-22
-1.02041e-22
-1.02207e-22
-1.02431e-22
-1.02705e-22
-1.02944e-22
-1.03126e-22
-1.03296e-22
-1.03385e-22
-1.03369e-22
-1.03334e-22
-1.03272e-22
-1.0319e-22
-1.03071e-22
-1.02989e-22
-1.02951e-22
-1.02955e-22
-1.0304e-22
-1.03144e-22
-1.03262e-22
-1.03385e-22
-1.03412e-22
-1.03344e-22
-1.03205e-22
-1.03029e-22
-1.02842e-22
-1.02683e-22
-1.02594e-22
-1.02504e-22
-1.02461e-22
-1.02425e-22
-1.02391e-22
-1.02386e-22
-1.02417e-22
-1.02503e-22
-1.02658e-22
-1.02771e-22
-1.02888e-22
-1.02985e-22
-1.03087e-22
-1.03178e-22
-1.03186e-22
-1.032e-22
-1.03239e-22
-1.03269e-22
-1.03286e-22
-1.03341e-22
-1.0337e-22
-1.03413e-22
-1.03479e-22
-1.03595e-22
-1.03755e-22
-1.0393e-22
-1.04098e-22
-1.04212e-22
-1.04287e-22
-1.04257e-22
-1.04191e-22
-1.04053e-22
-1.03861e-22
-1.03635e-22
-1.03388e-22
-1.03153e-22
-1.02871e-22
-1.02518e-22
-1.02125e-22
-1.01658e-22
-1.01248e-22
-1.00913e-22
-1.0069e-22
-1.00578e-22
-1.00634e-22
-1.00853e-22
-1.01281e-22
-1.01766e-22
-1.02345e-22
-1.02929e-22
-1.03436e-22
-1.03814e-22
-1.04088e-22
-1.04216e-22
-1.0424e-22
-1.0417e-22
-1.04078e-22
-1.03975e-22
-1.03914e-22
-1.03883e-22
-1.03848e-22
-1.0386e-22
-1.03894e-22
-1.03908e-22
-1.03868e-22
-1.03815e-22
-1.03748e-22
-1.03748e-22
-1.03738e-22
-1.03766e-22
-1.0385e-22
-1.03923e-22
-1.04005e-22
-1.04008e-22
-1.03978e-22
-1.03836e-22
-1.03645e-22
-1.03336e-22
-1.02885e-22
-1.02437e-22
-1.01948e-22
-1.01472e-22
-1.01061e-22
-1.00715e-22
-1.0054e-22
-1.00511e-22
-1.00564e-22
-1.00785e-22
-1.01054e-22
-1.01362e-22
-1.01649e-22
-1.01943e-22
-1.02241e-22
-1.02475e-22
-1.02718e-22
-1.0297e-22
-1.0322e-22
-1.03487e-22
-1.03716e-22
-1.03886e-22
-1.04041e-22
-1.04097e-22
-1.04033e-22
-1.03853e-22
-1.03615e-22
-1.03235e-22
-1.02841e-22
-1.025e-22
-1.02189e-22
-1.02041e-22
-1.02034e-22
-1.02146e-22
-1.0236e-22
-1.02618e-22
-1.02868e-22
-1.03041e-22
-1.03145e-22
-1.03151e-22
-1.03095e-22
-1.02979e-22
-1.02835e-22
-1.02633e-22
-1.02476e-22
-1.02335e-22
-1.02321e-22
-1.02432e-22
-1.02641e-22
-1.02965e-22
-1.03329e-22
-1.03749e-22
-1.04159e-22
-1.04479e-22
-1.04739e-22
-1.04809e-22
-1.04818e-22
-1.04696e-22
-1.0448e-22
-1.04237e-22
-1.03973e-22
-1.03713e-22
-1.03566e-22
-1.03483e-22
-1.03449e-22
-1.03555e-22
-1.03702e-22
-1.0392e-22
-1.04114e-22
-1.04298e-22
-1.04384e-22
-1.04308e-22
-1.04151e-22
-1.03913e-22
-1.03578e-22
-1.03187e-22
-1.02785e-22
-1.02366e-22
-1.01911e-22
-1.01452e-22
-1.01029e-22
-1.00724e-22
-1.0053e-22
-1.0053e-22
-1.00677e-22
-1.0091e-22
-1.0116e-22
-1.0142e-22
-1.01604e-22
-1.0172e-22
-1.01735e-22
-1.01687e-22
-1.01545e-22
-1.01429e-22
-1.0141e-22
-1.01469e-22
-1.01667e-22
-1.02035e-22
-1.02452e-22
-1.02959e-22
-1.0346e-22
-1.03909e-22
-1.04268e-22
-1.04552e-22
-1.04736e-22
-1.04818e-22
-1.04886e-22
-1.04881e-22
-1.04769e-22
-1.04643e-22
-1.0437e-22
-1.04052e-22
-1.0367e-22
-1.03314e-22
-1.03e-22
-1.02752e-22
-1.02591e-22
-1.02482e-22
-1.02426e-22
-1.02393e-22
-1.02384e-22
-1.02353e-22
-1.02334e-22
-1.02303e-22
-1.02305e-22
-1.02285e-22
-1.02287e-22
-1.02308e-22
-1.02364e-22
-1.0247e-22
-1.0266e-22
-1.02864e-22
-1.03134e-22
-1.03436e-22
-1.03707e-22
-1.03894e-22
-1.03989e-22
-1.04013e-22
-1.0391e-22
-1.03706e-22
-1.03476e-22
-1.03164e-22
-1.02845e-22
-1.02539e-22
-1.02237e-22
-1.02008e-22
-1.01891e-22
-1.01912e-22
-1.0202e-22
-1.02176e-22
-1.02359e-22
-1.02541e-22
-1.02591e-22
-1.02583e-22
-1.02494e-22
-1.02344e-22
-1.02167e-22
-1.02012e-22
-1.0196e-22
-1.01947e-22
-1.02037e-22
-1.0218e-22
-1.02291e-22
-1.02394e-22
-1.02411e-22
-1.02392e-22
-1.02344e-22
-1.02307e-22
-1.02299e-22
-1.02327e-22
-1.02415e-22
-1.02535e-22
-1.02715e-22
-1.02893e-22
-1.03094e-22
-1.03343e-22
-1.03638e-22
-1.03895e-22
-1.04113e-22
-1.04274e-22
-1.04324e-22
-1.0426e-22
-1.04135e-22
-1.03878e-22
-1.03561e-22
-1.03258e-22
-1.03007e-22
-1.02797e-22
-1.02643e-22
-1.02532e-22
-1.02504e-22
-1.02491e-22
-1.02577e-22
-1.0276e-22
-1.0298e-22
-1.03317e-22
-1.03712e-22
-1.04158e-22
-1.0456e-22
-1.04919e-22
-1.05158e-22
-1.05291e-22
-1.05254e-22
-1.05106e-22
-1.04814e-22
-1.04398e-22
-1.03881e-22
-1.03264e-22
-1.02635e-22
-1.01994e-22
-1.01448e-22
-1.00968e-22
-1.0067e-22
-1.00511e-22
-1.00431e-22
-1.0047e-22
-1.00604e-22
-1.00865e-22
-1.01198e-22
-1.01581e-22
-1.01958e-22
-1.02239e-22
-1.02428e-22
-1.02532e-22
-1.02557e-22
-1.02449e-22
-1.02364e-22
-1.02414e-22
-1.02558e-22
-1.02791e-22
-1.03101e-22
-1.03426e-22
-1.03695e-22
-1.03944e-22
-1.04082e-22
-1.04096e-22
-1.04011e-22
-1.03856e-22
-1.03652e-22
-1.034e-22
-1.03175e-22
-1.02999e-22
-1.02843e-22
-1.02786e-22
-1.02776e-22
-1.02829e-22
-1.02948e-22
-1.03109e-22
-1.03321e-22
-1.0357e-22
-1.03841e-22
-1.04107e-22
-1.04358e-22
-1.04599e-22
-1.04708e-22
-1.04707e-22
-1.04572e-22
-1.04408e-22
-1.04148e-22
-1.03788e-22
-1.03495e-22
-1.03237e-22
-1.03053e-22
-1.02959e-22
-1.02963e-22
-1.03066e-22
-1.03178e-22
-1.03291e-22
-1.03398e-22
-1.03385e-22
-1.0334e-22
-1.0321e-22
-1.03075e-22
-1.0291e-22
-1.02755e-22
-1.02618e-22
-1.02489e-22
-1.02299e-22
-1.02058e-22
-1.01744e-22
-1.0148e-22
-1.01227e-22
-1.01078e-22
-1.01106e-22
-1.01202e-22
-1.01403e-22
-1.0176e-22
-1.02105e-22
-1.02376e-22
-1.02674e-22
-1.02953e-22
-1.03192e-22
-1.03404e-22
-1.03541e-22
-1.03626e-22
-1.03699e-22
-1.03655e-22
-1.03581e-22
-1.03503e-22
-1.03378e-22
-1.03303e-22
-1.03245e-22
-1.03185e-22
-1.03179e-22
-1.03238e-22
-1.0337e-22
-1.0359e-22
-1.0381e-22
-1.04093e-22
-1.04362e-22
-1.04582e-22
-1.04738e-22
-1.04773e-22
-1.04684e-22
-1.04483e-22
-1.04212e-22
-1.03807e-22
-1.03343e-22
-1.02905e-22
-1.02424e-22
-1.01985e-22
-1.01648e-22
-1.01354e-22
-1.01144e-22
-1.01106e-22
-1.01174e-22
-1.01338e-22
-1.01595e-22
-1.01893e-22
-1.02167e-22
-1.02431e-22
-1.02627e-22
-1.02721e-22
-1.02698e-22
-1.02625e-22
-1.02513e-22
-1.02365e-22
-1.02318e-22
-1.02294e-22
-1.02327e-22
-1.02518e-22
-1.02798e-22
-1.03149e-22
-1.03534e-22
-1.03952e-22
-1.04268e-22
-1.0458e-22
-1.04769e-22
-1.0486e-22
-1.04846e-22
-1.04746e-22
-1.04554e-22
-1.04245e-22
-1.03896e-22
-1.03477e-22
-1.03118e-22
-1.02773e-22
-1.02463e-22
-1.02191e-22
-1.01895e-22
-1.01572e-22
-1.01326e-22
-1.01122e-22
-1.01096e-22
-1.01129e-22
-1.01262e-22
-1.01443e-22
-1.01755e-22
-1.02052e-22
-1.02395e-22
-1.02781e-22
-1.03057e-22
-1.03349e-22
-1.03591e-22
-1.03777e-22
-1.03931e-22
-1.04031e-22
-1.04153e-22
-1.04297e-22
-1.04407e-22
-1.04481e-22
-1.04499e-22
-1.04401e-22
-1.04219e-22
-1.03958e-22
-1.03648e-22
-1.03282e-22
-1.02883e-22
-1.02488e-22
-1.02143e-22
-1.01911e-22
-1.01767e-22
-1.01769e-22
-1.0189e-22
-1.02081e-22
-1.02364e-22
-1.02773e-22
-1.03245e-22
-1.03751e-22
-1.04286e-22
-1.04733e-22
-1.05066e-22
-1.05243e-22
-1.05209e-22
-1.04945e-22
-1.04483e-22
-1.03872e-22
-1.03143e-22
-1.02427e-22
-1.01794e-22
-1.01323e-22
-1.01008e-22
-1.00879e-22
-1.00955e-22
-1.01116e-22
-1.01398e-22
-1.01715e-22
-1.02041e-22
-1.02386e-22
-1.02702e-22
-1.03026e-22
-1.03347e-22
-1.036e-22
-1.03793e-22
-1.03911e-22
-1.04031e-22
-1.04095e-22
-1.0405e-22
-1.03907e-22
-1.03717e-22
-1.0344e-22
-1.03117e-22
-1.02803e-22
-1.02469e-22
-1.02186e-22
-1.01943e-22
-1.01789e-22
-1.01761e-22
-1.01856e-22
-1.02063e-22
-1.024e-22
-1.02793e-22
-1.03162e-22
-1.03462e-22
-1.03693e-22
-1.03863e-22
-1.03915e-22
-1.04004e-22
-1.04027e-22
-1.04e-22
-1.03908e-22
-1.03763e-22
-1.03624e-22
-1.03407e-22
-1.0317e-22
-1.02893e-22
-1.02684e-22
-1.02585e-22
-1.02601e-22
-1.02733e-22
-1.02953e-22
-1.03275e-22
-1.03701e-22
-1.04109e-22
-1.04434e-22
-1.04716e-22
-1.04821e-22
-1.04842e-22
-1.04705e-22
-1.04458e-22
-1.04159e-22
-1.03834e-22
-1.0356e-22
-1.03376e-22
-1.03249e-22
-1.03121e-22
-1.03029e-22
-1.02935e-22
-1.02788e-22
-1.02738e-22
-1.02779e-22
-1.02846e-22
-1.02959e-22
-1.03027e-22
-1.03042e-22
-1.03043e-22
-1.02958e-22
-1.02813e-22
-1.02562e-22
-1.02238e-22
-1.01961e-22
-1.01631e-22
-1.0136e-22
-1.01147e-22
-1.00946e-22
-1.00846e-22
-1.0078e-22
-1.00837e-22
-1.00914e-22
-1.01074e-22
-1.01281e-22
-1.01555e-22
-1.01887e-22
-1.02276e-22
-1.02761e-22
-1.03259e-22
-1.0368e-22
-1.04067e-22
-1.04339e-22
-1.04525e-22
-1.04594e-22
-1.0459e-22
-1.04476e-22
-1.04296e-22
-1.04034e-22
-1.03745e-22
-1.03404e-22
-1.03057e-22
-1.02713e-22
-1.02345e-22
-1.02038e-22
-1.01801e-22
-1.01634e-22
-1.01553e-22
-1.01603e-22
-1.01756e-22
-1.02018e-22
-1.02354e-22
-1.02779e-22
-1.0323e-22
-1.03665e-22
-1.04059e-22
-1.04382e-22
-1.04563e-22
-1.04604e-22
-1.04558e-22
-1.0443e-22
-1.0428e-22
-1.0411e-22
-1.0395e-22
-1.03786e-22
-1.03666e-22
-1.03582e-22
-1.03424e-22
-1.03295e-22
-1.03115e-22
-1.0291e-22
-1.02623e-22
-1.02346e-22
-1.02132e-22
-1.01967e-22
-1.01905e-22
-1.01928e-22
-1.02059e-22
-1.02254e-22
-1.02508e-22
-1.02775e-22
-1.03023e-22
-1.03205e-22
-1.03282e-22
-1.03249e-22
-1.03147e-22
-1.0302e-22
-1.02844e-22
-1.02713e-22
-1.02659e-22
-1.027e-22
-1.02837e-22
-1.02984e-22
-1.03139e-22
-1.03228e-22
-1.03326e-22
-1.03375e-22
-1.0342e-22
-1.03452e-22
-1.03453e-22
-1.03545e-22
-1.03722e-22
-1.03885e-22
-1.04053e-22
-1.04233e-22
-1.04332e-22
-1.04398e-22
-1.04373e-22
-1.04324e-22
-1.04184e-22
-1.0407e-22
-1.03923e-22
-1.03718e-22
-1.03493e-22
-1.03223e-22
-1.02963e-22
-1.02675e-22
-1.02374e-22
-1.02171e-22
-1.02086e-22
-1.02067e-22
-1.02186e-22
-1.02365e-22
-1.02562e-22
-1.02748e-22
-1.02932e-22
-1.03089e-22
-1.03273e-22
-1.03374e-22
-1.03399e-22
-1.03359e-22
-1.03195e-22
-1.02998e-22
-1.02808e-22
-1.02672e-22
-1.02555e-22
-1.02507e-22
-1.02505e-22
-1.02525e-22
-1.02521e-22
-1.02507e-22
-1.02474e-22
-1.02383e-22
-1.02339e-22
-1.02307e-22
-1.02298e-22
-1.02392e-22
-1.02516e-22
-1.0265e-22
-1.02773e-22
-1.029e-22
-1.0299e-22
-1.03105e-22
-1.03256e-22
-1.03286e-22
-1.03315e-22
-1.03316e-22
-1.03258e-22
-1.03133e-22
-1.02955e-22
-1.02734e-22
-1.02491e-22
-1.0233e-22
-1.02243e-22
-1.0229e-22
-1.0246e-22
-1.02693e-22
-1.02981e-22
-1.03301e-22
-1.03517e-22
-1.03719e-22
-1.03801e-22
-1.03772e-22
-1.03713e-22
-1.03625e-22
-1.03519e-22
-1.03428e-22
-1.03359e-22
-1.03335e-22
-1.03329e-22
-1.03305e-22
-1.03322e-22
-1.03309e-22
-1.03263e-22
-1.03253e-22
-1.03296e-22
-1.03331e-22
-1.03386e-22
-1.03502e-22
-1.03585e-22
-1.03657e-22
-1.03627e-22
-1.03508e-22
-1.03286e-22
-1.02985e-22
-1.0264e-22
-1.0234e-22
-1.02119e-22
-1.01967e-22
-1.0197e-22
-1.02124e-22
-1.02342e-22
-1.02596e-22
-1.02853e-22
-1.03096e-22
-1.03212e-22
-1.03232e-22
-1.03148e-22
-1.02922e-22
-1.02607e-22
-1.02292e-22
