3.76915e-20
3.66977e-20
3.50293e-20
3.27364e-20
2.98966e-20
2.66517e-20
2.31955e-20
1.9773e-20
1.66595e-20
1.41144e-20
1.23327e-20
1.14077e-20
1.13158e-20
1.19268e-20
1.30422e-20
1.44414e-20
1.59149e-20
1.72928e-20
1.84474e-20
1.93027e-20
1.98327e-20
2.0056e-20
2.00171e-20
1.97924e-20
1.94673e-20
1.91367e-20
1.88841e-20
1.87717e-20
1.88454e-20
1.91091e-20
1.95478e-20
2.01242e-20
2.07849e-20
2.1474e-20
2.21436e-20
2.27586e-20
2.32959e-20
2.3744e-20
2.41057e-20
2.43784e-20
2.45543e-20
2.46281e-20
2.45901e-20
2.44332e-20
2.41487e-20
2.37351e-20
2.32075e-20
2.25855e-20
2.19054e-20
2.12038e-20
2.05284e-20
1.99257e-20
1.94355e-20
1.90912e-20
1.8908e-20
1.88876e-20
1.90157e-20
1.92692e-20
1.96125e-20
2.00067e-20
2.04149e-20
2.07992e-20
2.11316e-20
2.13936e-20
2.15782e-20
2.16875e-20
2.17212e-20
2.16908e-20
2.16122e-20
2.15001e-20
2.13781e-20
2.12707e-20
2.11988e-20
2.1177e-20
2.12172e-20
2.13196e-20
2.1478e-20
2.16784e-20
2.19073e-20
2.21479e-20
2.23754e-20
2.25656e-20
2.2699e-20
2.27626e-20
2.27539e-20
2.26781e-20
2.25461e-20
2.23779e-20
2.21878e-20
2.19912e-20
2.17935e-20
2.15985e-20
2.14075e-20
2.12055e-20
2.09828e-20
2.07322e-20
2.04433e-20
2.01199e-20
1.97681e-20
1.9413e-20
1.90874e-20
1.88267e-20
1.86628e-20
1.86198e-20
1.87026e-20
1.88981e-20
1.9186e-20
1.954e-20
1.99358e-20
2.03658e-20
2.08254e-20
2.13132e-20
2.18274e-20
2.2358e-20
2.28745e-20
2.3343e-20
2.37277e-20
2.40005e-20
2.41429e-20
2.41432e-20
2.40092e-20
2.37566e-20
2.34079e-20
2.29907e-20
2.25363e-20
2.20747e-20
2.16327e-20
2.12335e-20
2.08997e-20
2.0647e-20
2.04757e-20
2.03836e-20
2.03563e-20
2.03754e-20
2.04176e-20
2.04596e-20
2.04878e-20
2.04925e-20
2.04691e-20
2.04225e-20
2.03643e-20
2.03102e-20
2.02805e-20
2.02932e-20
2.03514e-20
2.04617e-20
2.06143e-20
2.07905e-20
2.09658e-20
2.11081e-20
2.11942e-20
2.12031e-20
2.11321e-20
2.09851e-20
2.07805e-20
2.05474e-20
2.03119e-20
2.00959e-20
1.99293e-20
1.98289e-20
1.98158e-20
1.99093e-20
2.01235e-20
2.0458e-20
2.0912e-20
2.14605e-20
2.20591e-20
2.26692e-20
2.32368e-20
2.37128e-20
2.40643e-20
2.4262e-20
2.42985e-20
2.41767e-20
2.39124e-20
2.35297e-20
2.30619e-20
2.25445e-20
2.20142e-20
2.14974e-20
2.10168e-20
2.05921e-20
2.02337e-20
1.99481e-20
1.97382e-20
1.9605e-20
1.95402e-20
1.95352e-20
1.95728e-20
1.96292e-20
1.96793e-20
1.96992e-20
1.967e-20
1.95909e-20
1.94774e-20
1.93538e-20
1.92649e-20
1.9248e-20
1.93412e-20
1.95713e-20
1.99537e-20
2.04837e-20
2.11422e-20
2.18899e-20
2.26762e-20
2.34437e-20
2.4142e-20
2.4724e-20
2.51661e-20
2.54493e-20
2.55678e-20
2.55203e-20
2.53131e-20
2.49529e-20
2.44529e-20
2.38285e-20
2.31061e-20
2.23225e-20
2.15138e-20
2.07177e-20
1.99669e-20
1.92858e-20
1.86977e-20
1.82136e-20
1.78482e-20
1.76155e-20
1.7528e-20
1.75861e-20
1.77854e-20
1.81101e-20
1.85376e-20
1.90442e-20
1.96032e-20
2.01916e-20
2.07851e-20
2.13615e-20
2.1893e-20
2.23522e-20
2.27133e-20
2.29544e-20
2.30621e-20
2.30362e-20
2.28905e-20
2.2641e-20
2.23172e-20
2.19522e-20
2.15834e-20
2.12373e-20
2.09412e-20
2.07141e-20
2.05626e-20
2.04937e-20
2.04999e-20
2.05678e-20
2.06761e-20
2.08061e-20
2.09348e-20
2.10446e-20
2.11198e-20
2.11572e-20
2.11623e-20
2.11531e-20
2.1156e-20
2.11858e-20
2.12539e-20
2.13648e-20
2.15016e-20
2.1648e-20
2.17796e-20
2.18769e-20
2.19339e-20
2.19485e-20
2.19457e-20
2.19458e-20
2.19733e-20
2.20447e-20
2.21652e-20
2.23292e-20
2.25223e-20
2.27216e-20
2.29035e-20
2.30365e-20
2.30941e-20
2.30498e-20
2.2872e-20
2.25414e-20
2.20543e-20
2.1423e-20
2.06945e-20
1.99444e-20
1.92667e-20
1.8756e-20
1.84751e-20
1.84413e-20
1.863e-20
1.89926e-20
1.94733e-20
2.00194e-20
2.05791e-20
2.11123e-20
2.15755e-20
2.19383e-20
2.21834e-20
2.22968e-20
2.22895e-20
2.21684e-20
2.19549e-20
2.16815e-20
2.13726e-20
2.10563e-20
2.07568e-20
2.04926e-20
2.02879e-20
2.01569e-20
2.0112e-20
2.01642e-20
2.03087e-20
2.05361e-20
2.08217e-20
2.11347e-20
2.14379e-20
2.16988e-20
2.18934e-20
2.20028e-20
2.20286e-20
2.19785e-20
2.1865e-20
2.17062e-20
2.15213e-20
2.13281e-20
2.11447e-20
2.09916e-20
2.08852e-20
2.08394e-20
2.0851e-20
2.09107e-20
2.09979e-20
2.10922e-20
2.11776e-20
2.12467e-20
2.1302e-20
2.1348e-20
2.14026e-20
2.14741e-20
2.15719e-20
2.16975e-20
2.18427e-20
2.1995e-20
2.21381e-20
2.22468e-20
2.23046e-20
2.22911e-20
2.22056e-20
2.2048e-20
2.18303e-20
2.15668e-20
2.12747e-20
2.09803e-20
2.07067e-20
2.04752e-20
2.02994e-20
2.01893e-20
2.01407e-20
2.01442e-20
2.01772e-20
2.02274e-20
2.02761e-20
2.03121e-20
2.03346e-20
2.03403e-20
2.03327e-20
2.03204e-20
2.03123e-20
2.03241e-20
2.03707e-20
2.04668e-20
2.06229e-20
2.08342e-20
2.11e-20
2.14017e-20
2.17221e-20
2.20438e-20
2.23531e-20
2.26338e-20
2.28717e-20
2.30508e-20
2.31614e-20
2.31838e-20
2.31175e-20
2.29595e-20
2.27198e-20
2.24131e-20
2.20657e-20
2.17032e-20
2.13482e-20
2.10272e-20
2.07542e-20
2.05439e-20
2.04018e-20
2.03271e-20
2.03109e-20
2.03428e-20
2.03999e-20
2.0464e-20
2.05164e-20
2.05427e-20
2.05272e-20
2.04686e-20
2.03586e-20
2.01974e-20
1.99934e-20
1.97621e-20
1.95249e-20
1.93112e-20
1.91552e-20
1.90889e-20
1.91438e-20
1.93306e-20
1.9653e-20
2.0094e-20
2.06242e-20
2.12017e-20
2.17921e-20
2.2346e-20
2.28341e-20
2.32262e-20
2.35098e-20
2.3673e-20
2.37157e-20
2.36451e-20
2.34728e-20
2.32166e-20
2.2898e-20
2.25434e-20
2.21767e-20
2.18306e-20
2.15228e-20
2.1273e-20
2.10993e-20
2.10081e-20
2.09872e-20
2.10313e-20
2.11251e-20
2.12582e-20
2.14104e-20
2.1567e-20
2.17076e-20
2.18154e-20
2.18665e-20
2.18505e-20
2.17575e-20
2.15851e-20
2.13394e-20
2.10356e-20
2.06947e-20
2.03411e-20
2.00008e-20
1.97008e-20
1.94651e-20
1.93107e-20
1.9248e-20
1.92707e-20
1.93698e-20
1.95233e-20
1.97126e-20
1.99164e-20
2.01207e-20
2.03182e-20
2.05091e-20
2.06923e-20
2.08694e-20
2.10389e-20
2.12032e-20
2.13615e-20
2.15256e-20
2.17029e-20
2.18956e-20
2.20969e-20
2.23003e-20
2.24883e-20
2.26533e-20
2.27837e-20
2.28718e-20
2.29171e-20
2.2916e-20
2.28648e-20
2.27601e-20
2.25988e-20
2.23807e-20
2.21218e-20
2.18342e-20
2.15433e-20
2.12783e-20
2.10614e-20
2.09122e-20
2.08417e-20
2.0846e-20
2.09147e-20
2.10314e-20
2.11745e-20
2.13196e-20
2.14433e-20
2.15342e-20
2.15809e-20
2.15854e-20
2.15564e-20
2.15102e-20
2.14603e-20
2.14195e-20
2.13954e-20
2.13779e-20
2.13663e-20
2.13505e-20
2.13301e-20
2.13087e-20
2.12853e-20
2.12632e-20
2.12368e-20
2.12052e-20
2.11619e-20
2.11101e-20
2.10451e-20
2.09724e-20
2.0895e-20
2.08155e-20
2.07257e-20
2.06286e-20
2.05181e-20
2.03943e-20
2.02652e-20
2.0146e-20
2.00496e-20
1.99912e-20
1.99798e-20
2.00273e-20
2.0134e-20
2.03026e-20
2.05266e-20
2.07969e-20
2.10986e-20
2.14119e-20
2.17097e-20
2.1972e-20
2.21713e-20
2.22959e-20
2.23272e-20
2.22645e-20
2.21121e-20
2.18888e-20
2.16204e-20
2.13504e-20
2.11116e-20
2.09391e-20
2.0851e-20
2.08478e-20
2.0912e-20
2.10195e-20
2.11464e-20
2.12647e-20
2.13568e-20
2.14171e-20
2.1434e-20
2.14127e-20
2.1356e-20
2.12709e-20
2.11626e-20
2.10369e-20
2.08958e-20
2.07411e-20
2.05819e-20
2.04199e-20
2.02658e-20
2.01316e-20
2.00319e-20
1.99885e-20
2.0012e-20
2.01225e-20
2.0333e-20
2.06517e-20
2.1069e-20
2.15567e-20
2.20738e-20
2.25622e-20
2.29723e-20
2.32666e-20
2.34233e-20
2.34579e-20
2.33918e-20
2.32543e-20
2.30814e-20
2.28929e-20
2.27001e-20
2.25016e-20
2.22903e-20
2.20609e-20
2.18157e-20
2.15549e-20
2.12964e-20
2.10619e-20
2.08666e-20
2.07185e-20
2.06203e-20
2.05602e-20
2.05191e-20
2.0472e-20
2.03989e-20
2.02808e-20
2.01119e-20
1.98996e-20
1.96616e-20
1.94287e-20
1.92419e-20
1.91422e-20
1.91718e-20
1.93534e-20
1.96891e-20
2.0162e-20
2.07283e-20
2.13331e-20
2.19225e-20
2.24497e-20
2.28807e-20
2.31924e-20
2.33741e-20
2.34116e-20
2.33049e-20
2.30611e-20
2.27e-20
2.22564e-20
2.17705e-20
2.12883e-20
2.08535e-20
2.05026e-20
2.02533e-20
2.01099e-20
2.0063e-20
2.00913e-20
2.01752e-20
2.03027e-20
2.04644e-20
2.06527e-20
2.08559e-20
2.1054e-20
2.12266e-20
2.13558e-20
2.14264e-20
2.14389e-20
2.13953e-20
2.13136e-20
2.12168e-20
2.11274e-20
2.10675e-20
2.10551e-20
2.1097e-20
2.11931e-20
2.13419e-20
2.15304e-20
2.17407e-20
2.19506e-20
2.21369e-20
2.22763e-20
2.23484e-20
2.23379e-20
2.22341e-20
2.2035e-20
2.17443e-20
2.13719e-20
2.09322e-20
2.04491e-20
1.99525e-20
1.94774e-20
1.90669e-20
1.87631e-20
1.86008e-20
1.86049e-20
1.87821e-20
1.91248e-20
1.96063e-20
2.01852e-20
2.08134e-20
2.14409e-20
2.20167e-20
2.25056e-20
2.28757e-20
2.31097e-20
2.32088e-20
2.31809e-20
2.30501e-20
2.28445e-20
2.25914e-20
2.23144e-20
2.20299e-20
2.17536e-20
2.149e-20
2.12405e-20
2.10027e-20
2.07722e-20
2.05566e-20
2.03669e-20
2.02205e-20
2.01393e-20
2.01338e-20
2.02026e-20
2.03297e-20
2.0499e-20
2.06844e-20
2.08663e-20
2.10249e-20
2.11422e-20
2.12111e-20
2.12299e-20
2.1201e-20
2.11354e-20
2.10436e-20
2.09387e-20
2.08381e-20
2.07638e-20
2.07313e-20
2.07528e-20
2.08367e-20
2.098e-20
2.11706e-20
2.14016e-20
2.16462e-20
2.18853e-20
2.20877e-20
2.22346e-20
2.23071e-20
2.22943e-20
2.2196e-20
2.20218e-20
2.17896e-20
2.15211e-20
2.12392e-20
2.09689e-20
2.07236e-20
2.05231e-20
2.03792e-20
2.03031e-20
2.03029e-20
2.03732e-20
2.0503e-20
2.06762e-20
2.08706e-20
2.10635e-20
2.12436e-20
2.13971e-20
2.15235e-20
2.16233e-20
2.17032e-20
2.1765e-20
2.18137e-20
2.18452e-20
2.18528e-20
2.18273e-20
2.17597e-20
2.16424e-20
2.14719e-20
2.12503e-20
2.09833e-20
2.06902e-20
2.03957e-20
2.01352e-20
1.99456e-20
1.98536e-20
1.98901e-20
2.00631e-20
2.03687e-20
2.07863e-20
2.12827e-20
2.18123e-20
2.23292e-20
2.27913e-20
2.31568e-20
2.33991e-20
2.3488e-20
2.34142e-20
2.31806e-20
2.27955e-20
2.22896e-20
2.17037e-20
2.1088e-20
2.04984e-20
1.99913e-20
1.96106e-20
1.93894e-20
1.93361e-20
1.94462e-20
1.96905e-20
2.00294e-20
2.04225e-20
2.08266e-20
2.121e-20
2.15482e-20
2.1828e-20
2.20473e-20
2.22069e-20
2.23141e-20
2.23731e-20
2.23839e-20
2.23543e-20
2.22874e-20
2.21868e-20
2.2056e-20
2.18978e-20
2.17129e-20
2.15083e-20
2.12963e-20
2.10885e-20
2.09024e-20
2.07596e-20
2.06754e-20
2.06609e-20
2.07173e-20
2.08475e-20
2.1041e-20
2.12794e-20
2.15447e-20
2.18116e-20
2.20561e-20
2.22407e-20
2.23465e-20
2.23525e-20
2.22432e-20
2.20194e-20
2.16924e-20
2.12847e-20
2.08279e-20
2.03611e-20
1.99239e-20
1.95539e-20
1.92785e-20
1.91157e-20
1.90702e-20
1.9137e-20
1.9302e-20
1.95534e-20
1.98785e-20
2.02619e-20
2.06892e-20
2.11394e-20
2.15881e-20
2.20063e-20
2.23654e-20
2.2636e-20
2.28022e-20
2.28544e-20
2.27921e-20
2.26341e-20
2.2398e-20
2.21138e-20
2.18149e-20
2.15323e-20
2.12956e-20
2.11205e-20
2.1014e-20
2.09803e-20
2.10104e-20
2.10939e-20
2.12124e-20
2.13535e-20
2.14966e-20
2.16296e-20
2.17353e-20
2.18002e-20
2.18122e-20
2.17639e-20
2.16538e-20
2.14777e-20
2.1242e-20
2.09585e-20
2.06398e-20
2.03104e-20
1.99937e-20
1.97239e-20
1.95291e-20
1.94397e-20
1.94708e-20
1.96261e-20
1.9894e-20
2.02489e-20
2.06508e-20
2.1065e-20
2.14541e-20
2.17871e-20
2.20437e-20
2.22108e-20
2.2272e-20
2.22285e-20
2.20763e-20
2.18345e-20
2.15217e-20
2.11634e-20
2.07968e-20
2.04589e-20
2.01847e-20
1.99989e-20
1.9915e-20
1.99319e-20
2.00496e-20
2.02543e-20
2.05324e-20
2.08736e-20
2.12645e-20
2.1686e-20
2.21169e-20
2.25347e-20
2.29159e-20
2.324e-20
2.3489e-20
2.36492e-20
2.37103e-20
2.36567e-20
2.34794e-20
2.31787e-20
2.27679e-20
2.22716e-20
2.17238e-20
2.11712e-20
2.06689e-20
2.02678e-20
2.0006e-20
1.99097e-20
1.99683e-20
2.01437e-20
2.0379e-20
2.06112e-20
2.07789e-20
2.08497e-20
2.08129e-20
2.06857e-20
2.05064e-20
2.03302e-20
2.02039e-20
2.01665e-20
2.02386e-20
2.04191e-20
2.06919e-20
2.10309e-20
2.13953e-20
2.17571e-20
2.20791e-20
2.23325e-20
2.24923e-20
2.25456e-20
2.24915e-20
2.23407e-20
2.21136e-20
2.18327e-20
2.1531e-20
2.12273e-20
2.0947e-20
2.07021e-20
2.04985e-20
2.0339e-20
2.02242e-20
2.01569e-20
2.01414e-20
2.01833e-20
2.02884e-20
2.04507e-20
2.0665e-20
2.09216e-20
2.12062e-20
2.15081e-20
2.18108e-20
2.20981e-20
2.23483e-20
2.25394e-20
2.26542e-20
2.26759e-20
2.26011e-20
2.24354e-20
2.21985e-20
2.1915e-20
2.16081e-20
2.13011e-20
2.10086e-20
2.07467e-20
2.0524e-20
2.03505e-20
2.02298e-20
2.01723e-20
2.01798e-20
2.02465e-20
2.03705e-20
2.05411e-20
2.07507e-20
2.09954e-20
2.12592e-20
2.15222e-20
2.17624e-20
2.19541e-20
2.20713e-20
2.20981e-20
2.2029e-20
2.18664e-20
2.16226e-20
2.13222e-20
2.09889e-20
3.87698e-20
3.7754e-20
3.64352e-20
3.49332e-20
3.3385e-20
3.19307e-20
3.06997e-20
2.97827e-20
2.92207e-20
2.90024e-20
2.90793e-20
2.93768e-20
2.98077e-20
3.02726e-20
3.06804e-20
3.09676e-20
3.1108e-20
3.11159e-20
3.10343e-20
3.09205e-20
3.08262e-20
3.07761e-20
3.07699e-20
3.07976e-20
3.08498e-20
3.09203e-20
3.10074e-20
3.11095e-20
3.12257e-20
3.1353e-20
3.14942e-20
3.16551e-20
3.18487e-20
3.2083e-20
3.23497e-20
3.26371e-20
3.29108e-20
3.31291e-20
3.32545e-20
3.32504e-20
3.3099e-20
3.27902e-20
3.23319e-20
3.17391e-20
3.10369e-20
3.02584e-20
2.94478e-20
2.86555e-20
2.79411e-20
2.73708e-20
2.70086e-20
2.69085e-20
2.71008e-20
2.75821e-20
2.83137e-20
2.92146e-20
3.01953e-20
3.1174e-20
3.20863e-20
3.28914e-20
3.3567e-20
3.40944e-20
3.44495e-20
3.46094e-20
3.45702e-20
3.4345e-20
3.39656e-20
3.34794e-20
3.2944e-20
3.24198e-20
3.19639e-20
3.16208e-20
3.1424e-20
3.13899e-20
3.15128e-20
3.17609e-20
3.20762e-20
3.23994e-20
3.26777e-20
3.28762e-20
3.29776e-20
3.29774e-20
3.28802e-20
3.26855e-20
3.23947e-20
3.20208e-20
3.1583e-20
3.11161e-20
3.06596e-20
3.02578e-20
2.99411e-20
2.97377e-20
2.96653e-20
2.97302e-20
2.99302e-20
3.02512e-20
3.06721e-20
3.11501e-20
3.16428e-20
3.20986e-20
3.24789e-20
3.27493e-20
3.28916e-20
3.29066e-20
3.28138e-20
3.26441e-20
3.24394e-20
3.22376e-20
3.20743e-20
3.19659e-20
3.19143e-20
3.19115e-20
3.1936e-20
3.19724e-20
3.19972e-20
3.19877e-20
3.19238e-20
3.17818e-20
3.15556e-20
3.12558e-20
3.09048e-20
3.05426e-20
3.02166e-20
2.99673e-20
2.98196e-20
2.97795e-20
2.9829e-20
2.99359e-20
3.00588e-20
3.01595e-20
3.02101e-20
3.01994e-20
3.01295e-20
3.00157e-20
2.9885e-20
2.97637e-20
2.96645e-20
2.96007e-20
2.95645e-20
2.95381e-20
2.95074e-20
2.94754e-20
2.94606e-20
2.94916e-20
2.95965e-20
2.97889e-20
3.00611e-20
3.04013e-20
3.08042e-20
3.12656e-20
3.17737e-20
3.2312e-20
3.28449e-20
3.33339e-20
3.37374e-20
3.40196e-20
3.41417e-20
3.40787e-20
3.38224e-20
3.33935e-20
3.28367e-20
3.22261e-20
3.16475e-20
3.11768e-20
3.08699e-20
3.07485e-20
3.08097e-20
3.10158e-20
3.13123e-20
3.16432e-20
3.19507e-20
3.21913e-20
3.23368e-20
3.23589e-20
3.22439e-20
3.20018e-20
3.16534e-20
3.12497e-20
3.08517e-20
3.05229e-20
3.02947e-20
3.01781e-20
3.01543e-20
3.01977e-20
3.02929e-20
3.04184e-20
3.05656e-20
3.07235e-20
3.0889e-20
3.10698e-20
3.12769e-20
3.15206e-20
3.18085e-20
3.21342e-20
3.2475e-20
3.28001e-20
3.30764e-20
3.32772e-20
3.33902e-20
3.34124e-20
3.33599e-20
3.32675e-20
3.31711e-20
3.31145e-20
3.31308e-20
3.32181e-20
3.33645e-20
3.35442e-20
3.37223e-20
3.38578e-20
3.39148e-20
3.3857e-20
3.36611e-20
3.33165e-20
3.2826e-20
3.22082e-20
3.1488e-20
3.07005e-20
2.98979e-20
2.91501e-20
2.85374e-20
2.81316e-20
2.79773e-20
2.80813e-20
2.8399e-20
2.88652e-20
2.94173e-20
3.00003e-20
3.05696e-20
3.11021e-20
3.15765e-20
3.19734e-20
3.22706e-20
3.24533e-20
3.25269e-20
3.25033e-20
3.2414e-20
3.22885e-20
3.21581e-20
3.20344e-20
3.19252e-20
3.18311e-20
3.17496e-20
3.16844e-20
3.16439e-20
3.16303e-20
3.16377e-20
3.16548e-20
3.16688e-20
3.16752e-20
3.16716e-20
3.16681e-20
3.16744e-20
3.16899e-20
3.17092e-20
3.17194e-20
3.1702e-20
3.16433e-20
3.15294e-20
3.13585e-20
3.11454e-20
3.09213e-20
3.07312e-20
3.06116e-20
3.05832e-20
3.06437e-20
3.0781e-20
3.09714e-20
3.11983e-20
3.14488e-20
3.17173e-20
3.19974e-20
3.22726e-20
3.25252e-20
3.27321e-20
3.28784e-20
3.29626e-20
3.30035e-20
3.30295e-20
3.3075e-20
3.31575e-20
3.32708e-20
3.33837e-20
3.34586e-20
3.34493e-20
3.33272e-20
3.30717e-20
3.26839e-20
3.21843e-20
3.15973e-20
3.09585e-20
3.03046e-20
2.96768e-20
2.91221e-20
2.86909e-20
2.84378e-20
2.84062e-20
2.86253e-20
2.91002e-20
2.98087e-20
3.07099e-20
3.17222e-20
3.27368e-20
3.36249e-20
3.42556e-20
3.45315e-20
3.44003e-20
3.38805e-20
3.3056e-20
3.20702e-20
3.10942e-20
3.02693e-20
2.9696e-20
2.93959e-20
2.93512e-20
2.95058e-20
2.97993e-20
3.01633e-20
3.05338e-20
3.08613e-20
3.1099e-20
3.12154e-20
3.11981e-20
3.10504e-20
3.07988e-20
3.0493e-20
3.02033e-20
3.0004e-20
2.99672e-20
3.01441e-20
3.05589e-20
3.12009e-20
3.20246e-20
3.29619e-20
3.39232e-20
3.48124e-20
3.55364e-20
3.60185e-20
3.62097e-20
3.60921e-20
3.56781e-20
3.50141e-20
3.41797e-20
3.32664e-20
3.2366e-20
3.15571e-20
3.09008e-20
3.04236e-20
3.01366e-20
3.00323e-20
3.00873e-20
3.0271e-20
3.05474e-20
3.0878e-20
3.12229e-20
3.15453e-20
3.181e-20
3.19757e-20
3.20213e-20
3.19359e-20
3.17328e-20
3.14407e-20
3.1101e-20
3.07553e-20
3.04317e-20
3.0145e-20
2.99035e-20
2.97254e-20
2.96303e-20
2.96415e-20
2.97718e-20
3.00136e-20
3.03249e-20
3.06471e-20
3.09188e-20
3.11073e-20
3.1209e-20
3.12454e-20
3.12533e-20
3.12648e-20
3.12919e-20
3.13345e-20
3.13856e-20
3.14325e-20
3.14744e-20
3.15236e-20
3.15946e-20
3.17084e-20
3.18711e-20
3.20805e-20
3.23126e-20
3.25448e-20
3.27495e-20
3.291e-20
3.30126e-20
3.30597e-20
3.30504e-20
3.29895e-20
3.28916e-20
3.27656e-20
3.26155e-20
3.24344e-20
3.22036e-20
3.19072e-20
3.1546e-20
3.11494e-20
3.07732e-20
3.04852e-20
3.03585e-20
3.04249e-20
3.06769e-20
3.10657e-20
3.15205e-20
3.19679e-20
3.23468e-20
3.2623e-20
3.27761e-20
3.27963e-20
3.26853e-20
3.24468e-20
3.21053e-20
3.16962e-20
3.12563e-20
3.0822e-20
3.0424e-20
3.00826e-20
2.98135e-20
2.96156e-20
2.94715e-20
2.93666e-20
2.92992e-20
2.92907e-20
2.9388e-20
2.96371e-20
3.00481e-20
3.05882e-20
3.11989e-20
3.18159e-20
3.23817e-20
3.28644e-20
3.32358e-20
3.34751e-20
3.35738e-20
3.35299e-20
3.33487e-20
3.30442e-20
3.26393e-20
3.21605e-20
3.16472e-20
3.11443e-20
3.06896e-20
3.03134e-20
3.00311e-20
2.98543e-20
2.97843e-20
2.9828e-20
2.99911e-20
3.02679e-20
3.06492e-20
3.11115e-20
3.16111e-20
3.21079e-20
3.25608e-20
3.29429e-20
3.32379e-20
3.34352e-20
3.35317e-20
3.35294e-20
3.34228e-20
3.32207e-20
3.29436e-20
3.26112e-20
3.22592e-20
3.192e-20
3.16231e-20
3.13855e-20
3.12145e-20
3.11056e-20
3.10497e-20
3.10345e-20
3.10536e-20
3.10908e-20
3.11288e-20
3.11492e-20
3.11425e-20
3.10955e-20
3.10015e-20
3.08561e-20
3.06533e-20
3.03945e-20
3.00923e-20
2.97759e-20
2.9496e-20
2.93187e-20
2.93045e-20
2.94832e-20
2.98376e-20
3.02952e-20
3.07655e-20
3.11715e-20
3.14734e-20
3.16832e-20
3.18329e-20
3.19677e-20
3.213e-20
3.23452e-20
3.26103e-20
3.28973e-20
3.31587e-20
3.33448e-20
3.34165e-20
3.33554e-20
3.31671e-20
3.28795e-20
3.25417e-20
3.22098e-20
3.19184e-20
3.16865e-20
3.15127e-20
3.13909e-20
3.13182e-20
3.12909e-20
3.13154e-20
3.13861e-20
3.15026e-20
3.1652e-20
3.18222e-20
3.19881e-20
3.21275e-20
3.22041e-20
3.21999e-20
3.21107e-20
3.1942e-20
3.17264e-20
3.14985e-20
3.13016e-20
3.11689e-20
3.11231e-20
3.1164e-20
3.12879e-20
3.149e-20
3.17531e-20
3.20628e-20
3.24006e-20
3.27308e-20
3.30064e-20
3.3178e-20
3.31926e-20
3.30232e-20
3.26747e-20
3.21875e-20
3.16271e-20
3.10692e-20
3.05818e-20
3.02233e-20
3.00234e-20
2.99974e-20
3.01309e-20
3.03806e-20
3.06784e-20
3.09509e-20
3.11281e-20
3.11683e-20
3.10648e-20
3.0835e-20
3.0538e-20
3.0233e-20
2.99706e-20
2.97829e-20
2.96724e-20
2.96303e-20
2.9652e-20
2.97394e-20
2.99114e-20
3.01901e-20
3.05823e-20
3.10744e-20
3.16229e-20
3.21631e-20
3.26331e-20
3.29867e-20
3.32122e-20
3.33282e-20
3.33685e-20
3.33672e-20
3.33496e-20
3.3317e-20
3.32559e-20
3.31462e-20
3.29653e-20
3.27105e-20
3.24011e-20
3.20708e-20
3.17705e-20
3.15447e-20
3.14237e-20
3.14122e-20
3.14943e-20
3.16366e-20
3.1795e-20
3.19274e-20
3.20059e-20
3.20164e-20
3.1958e-20
3.1847e-20
3.17015e-20
3.15518e-20
3.14149e-20
3.13044e-20
3.12136e-20
3.11289e-20
3.10354e-20
3.09194e-20
3.07723e-20
3.05916e-20
3.03825e-20
3.01653e-20
2.99782e-20
2.98682e-20
2.98817e-20
3.00467e-20
3.0371e-20
3.0824e-20
3.13394e-20
3.18366e-20
3.22308e-20
3.24503e-20
3.24582e-20
3.22574e-20
3.18829e-20
3.13906e-20
3.08632e-20
3.0381e-20
3.00059e-20
2.97836e-20
2.97394e-20
2.98746e-20
3.01788e-20
3.06241e-20
3.11717e-20
3.17742e-20
3.23836e-20
3.29514e-20
3.34247e-20
3.37619e-20
3.3929e-20
3.3907e-20
3.36993e-20
3.33335e-20
3.28549e-20
3.23417e-20
3.18657e-20
3.14988e-20
3.12709e-20
3.11812e-20
3.11856e-20
3.12108e-20
3.11852e-20
3.10634e-20
3.08253e-20
3.04891e-20
3.01035e-20
2.97326e-20
2.94386e-20
2.92693e-20
2.92479e-20
2.93698e-20
2.96102e-20
2.99368e-20
3.03162e-20
3.07288e-20
3.11605e-20
3.15951e-20
3.2016e-20
3.2395e-20
3.26881e-20
3.28466e-20
3.28324e-20
3.2632e-20
3.22712e-20
3.18156e-20
3.13595e-20
3.09923e-20
3.07757e-20
3.07216e-20
3.08023e-20
3.09692e-20
3.11775e-20
3.13878e-20
3.15871e-20
3.1768e-20
3.19325e-20
3.20838e-20
3.22182e-20
3.23227e-20
3.23894e-20
3.24126e-20
3.24001e-20
3.2364e-20
3.23221e-20
3.22886e-20
3.2262e-20
3.22258e-20
3.21562e-20
3.20219e-20
3.18032e-20
3.15035e-20
3.11517e-20
3.08015e-20
3.05172e-20
3.03644e-20
3.0371e-20
3.05316e-20
3.08083e-20
3.11484e-20
3.1499e-20
3.18114e-20
3.20453e-20
3.21729e-20
3.21859e-20
3.20873e-20
3.19004e-20
3.16646e-20
3.14234e-20
3.12271e-20
3.11208e-20
3.11363e-20
3.12787e-20
3.15237e-20
3.18215e-20
3.21201e-20
3.23792e-20
3.25769e-20
3.26948e-20
3.27165e-20
3.26139e-20
3.23784e-20
3.20414e-20
3.16511e-20
3.12769e-20
3.09789e-20
3.07912e-20
3.0727e-20
3.07656e-20
3.08686e-20
3.0985e-20
3.10621e-20
3.10683e-20
3.09864e-20
3.08325e-20
3.06492e-20
3.04918e-20
3.04117e-20
3.0438e-20
3.05719e-20
3.07788e-20
3.10228e-20
3.12637e-20
3.14808e-20
3.16696e-20
3.18473e-20
3.20514e-20
3.22983e-20
3.25944e-20
3.29091e-20
3.31841e-20
3.33472e-20
3.33419e-20
3.31381e-20
3.2739e-20
3.21863e-20
3.15309e-20
3.08427e-20
3.01973e-20
2.96614e-20
2.92926e-20
2.91206e-20
2.9148e-20
2.93416e-20
2.96472e-20
2.99983e-20
3.03388e-20
3.06269e-20
3.08373e-20
3.0964e-20
3.10168e-20
3.10124e-20
3.09846e-20
3.09718e-20
3.10115e-20
3.11384e-20
3.13608e-20
3.16734e-20
3.204e-20
3.24203e-20
3.27822e-20
3.30945e-20
3.33398e-20
3.35037e-20
3.35645e-20
3.34993e-20
3.32822e-20
3.29042e-20
3.23948e-20
3.18226e-20
3.12789e-20
3.08433e-20
3.05704e-20
3.04552e-20
3.04563e-20
3.05277e-20
3.0636e-20
3.07841e-20
3.10027e-20
3.13128e-20
3.17272e-20
3.22154e-20
3.27167e-20
3.31515e-20
3.34502e-20
3.35682e-20
3.34976e-20
3.3258e-20
3.28978e-20
3.24723e-20
3.20413e-20
3.16509e-20
3.13339e-20
3.11061e-20
3.09664e-20
3.09054e-20
3.09144e-20
3.0984e-20
3.11163e-20
3.13076e-20
3.15491e-20
3.18001e-20
3.20127e-20
3.21241e-20
3.20894e-20
3.18875e-20
3.1524e-20
3.10291e-20
3.04575e-20
2.98656e-20
2.93145e-20
2.88593e-20
2.85481e-20
2.84097e-20
2.84535e-20
2.86676e-20
2.90302e-20
2.95107e-20
3.00785e-20
3.07069e-20
3.1375e-20
3.20476e-20
3.26839e-20
3.32355e-20
3.36571e-20
3.39055e-20
3.39578e-20
3.38079e-20
3.34739e-20
3.29889e-20
3.24007e-20
3.17605e-20
3.11223e-20
3.05343e-20
3.00411e-20
2.96809e-20
2.94843e-20
2.94641e-20
2.96218e-20
2.99302e-20
3.03458e-20
3.08066e-20
3.12452e-20
3.15927e-20
3.17889e-20
3.18003e-20
3.16103e-20
3.12472e-20
3.0765e-20
3.02554e-20
2.9828e-20
2.95947e-20
2.96405e-20
2.99909e-20
3.06017e-20
3.1366e-20
3.2151e-20
3.28324e-20
3.33294e-20
3.36089e-20
3.36731e-20
3.35547e-20
3.33045e-20
3.29851e-20
3.26508e-20
3.23624e-20
3.21657e-20
3.20819e-20
3.21108e-20
3.22431e-20
3.24728e-20
3.27976e-20
3.3203e-20
3.36415e-20
3.40316e-20
3.42739e-20
3.42788e-20
3.40116e-20
3.34916e-20
3.28039e-20
3.20742e-20
3.14415e-20
3.10246e-20
3.0881e-20
3.10096e-20
3.13506e-20
3.18132e-20
3.23025e-20
3.27342e-20
3.3039e-20
3.31602e-20
3.307e-20
3.27528e-20
3.22263e-20
3.15361e-20
3.07445e-20
2.99253e-20
2.91623e-20
2.85168e-20
2.80385e-20
2.77525e-20
2.76682e-20
2.77704e-20
2.80352e-20
2.84239e-20
2.88945e-20
2.94065e-20
2.9928e-20
3.04266e-20
3.0877e-20
3.12601e-20
3.15555e-20
3.17497e-20
3.18452e-20
3.18565e-20
3.18023e-20
3.17167e-20
3.16259e-20
3.15578e-20
3.15272e-20
3.15496e-20
3.16179e-20
3.17209e-20
3.1827e-20
3.19103e-20
3.19472e-20
3.19283e-20
3.18462e-20
3.17137e-20
3.15482e-20
3.13837e-20
3.12581e-20
3.12173e-20
3.13004e-20
3.15339e-20
3.19139e-20
3.24055e-20
3.29395e-20
3.34359e-20
3.38129e-20
3.40158e-20
3.40179e-20
3.38365e-20
3.35201e-20
3.31363e-20
3.27648e-20
3.24768e-20
3.23215e-20
3.23147e-20
3.24479e-20
3.26662e-20
3.29123e-20
3.31208e-20
3.32307e-20
3.31953e-20
3.29792e-20
3.25801e-20
3.20241e-20
3.13558e-20
3.06286e-20
2.98956e-20
2.92077e-20
2.86095e-20
2.81356e-20
2.7812e-20
3.99595e-20
3.94685e-20
3.88066e-20
3.80165e-20
3.71746e-20
3.63832e-20
3.57482e-20
3.53474e-20
3.52264e-20
3.5387e-20
3.58127e-20
3.64624e-20
3.7273e-20
3.816e-20
3.90284e-20
3.97845e-20
4.03583e-20
4.07172e-20
4.08576e-20
4.08072e-20
4.05999e-20
4.02768e-20
3.98772e-20
3.94371e-20
3.90092e-20
3.86842e-20
3.85546e-20
3.86618e-20
3.89471e-20
3.92708e-20
3.95044e-20
3.958e-20
3.95082e-20
3.93482e-20
3.9178e-20
3.90645e-20
3.90462e-20
3.91273e-20
3.92611e-20
3.93837e-20
3.94244e-20
3.93283e-20
3.90758e-20
3.86644e-20
3.81146e-20
3.74684e-20
3.67621e-20
3.60516e-20
3.54093e-20
3.49117e-20
3.46464e-20
3.46925e-20
3.50959e-20
3.58476e-20
3.68831e-20
3.80951e-20
3.93596e-20
4.0556e-20
4.15824e-20
4.23635e-20
4.28491e-20
4.30136e-20
4.28604e-20
4.24316e-20
4.18052e-20
4.10784e-20
4.03439e-20
3.96755e-20
3.91123e-20
3.86593e-20
3.82954e-20
3.79885e-20
3.77103e-20
3.74448e-20
3.71805e-20
3.69094e-20
3.66319e-20
3.63593e-20
3.61196e-20
3.59329e-20
3.58053e-20
3.5723e-20
3.56643e-20
3.56096e-20
3.55473e-20
3.54783e-20
3.54144e-20
3.53775e-20
3.53856e-20
3.54658e-20
3.56569e-20
3.59987e-20
3.65246e-20
3.72611e-20
3.82144e-20
3.93536e-20
4.0605e-20
4.18623e-20
4.29912e-20
4.38591e-20
4.43621e-20
4.44351e-20
4.40593e-20
4.32679e-20
4.21658e-20
4.09172e-20
3.97522e-20
3.8891e-20
3.84602e-20
3.84392e-20
3.8688e-20
3.90219e-20
3.92727e-20
3.93242e-20
3.91187e-20
3.86423e-20
3.79276e-20
3.70494e-20
3.61159e-20
3.52632e-20
3.46335e-20
3.43445e-20
3.44477e-20
3.4937e-20
3.575e-20
3.6805e-20
3.80017e-20
3.92284e-20
4.03655e-20
4.13044e-20
4.19589e-20
4.22767e-20
4.22543e-20
4.1927e-20
4.13688e-20
4.06778e-20
3.99626e-20
3.931e-20
3.87805e-20
3.83857e-20
3.80937e-20
3.78533e-20
3.76129e-20
3.73423e-20
3.70359e-20
3.67251e-20
3.64585e-20
3.62931e-20
3.62762e-20
3.64299e-20
3.67409e-20
3.71652e-20
3.76421e-20
3.81039e-20
3.84901e-20
3.87752e-20
3.89562e-20
3.90711e-20
3.9185e-20
3.93577e-20
3.96231e-20
3.99626e-20
4.03146e-20
4.06016e-20
4.07472e-20
4.06983e-20
4.04433e-20
4.00055e-20
3.94354e-20
3.88036e-20
3.81989e-20
3.77138e-20
3.74314e-20
3.73829e-20
3.75426e-20
3.78381e-20
3.81852e-20
3.85165e-20
3.87785e-20
3.89376e-20
3.89671e-20
3.8852e-20
3.86043e-20
3.82557e-20
3.78751e-20
3.75476e-20
3.73649e-20
3.73913e-20
3.76444e-20
3.80893e-20
3.86534e-20
3.925e-20
3.98065e-20
4.02712e-20
4.06171e-20
4.08162e-20
4.08663e-20
4.07764e-20
4.05688e-20
4.02785e-20
3.99303e-20
3.95419e-20
3.91081e-20
3.86159e-20
3.80665e-20
3.75054e-20
3.70099e-20
3.66721e-20
3.65449e-20
3.66468e-20
3.69443e-20
3.73752e-20
3.78603e-20
3.83256e-20
3.87095e-20
3.89736e-20
3.91152e-20
3.91451e-20
3.90775e-20
3.8939e-20
3.87582e-20
3.85727e-20
3.8422e-20
3.83491e-20
3.83829e-20
3.85239e-20
3.87438e-20
3.89792e-20
3.91541e-20
3.92103e-20
3.91171e-20
3.88866e-20
3.85697e-20
3.82337e-20
3.7937e-20
3.77125e-20
3.75659e-20
3.74709e-20
3.74018e-20
3.7347e-20
3.73222e-20
3.73631e-20
3.74952e-20
3.77132e-20
3.79815e-20
3.82432e-20
3.84601e-20
3.86177e-20
3.8726e-20
3.88082e-20
3.88746e-20
3.89287e-20
3.89672e-20
3.89903e-20
3.90063e-20
3.90448e-20
3.91365e-20
3.93079e-20
3.95641e-20
3.98861e-20
4.02335e-20
4.05546e-20
4.07971e-20
4.09137e-20
4.08828e-20
4.07067e-20
4.04195e-20
4.00664e-20
3.96858e-20
3.92875e-20
3.88481e-20
3.83344e-20
3.77181e-20
3.69958e-20
3.62032e-20
3.54039e-20
3.46924e-20
3.41709e-20
3.39277e-20
3.40132e-20
3.44358e-20
3.51521e-20
3.60893e-20
3.71391e-20
3.81911e-20
3.9139e-20
3.98987e-20
4.04169e-20
4.0689e-20
4.07425e-20
4.06416e-20
4.04615e-20
4.02758e-20
4.01367e-20
4.0072e-20
4.00719e-20
4.00976e-20
4.01104e-20
4.00857e-20
4.00252e-20
3.99465e-20
3.9877e-20
3.98348e-20
3.98397e-20
3.98962e-20
4.00008e-20
4.01371e-20
4.02651e-20
4.03386e-20
4.0299e-20
4.00997e-20
3.97061e-20
3.9119e-20
3.8367e-20
3.74961e-20
3.65803e-20
3.56993e-20
3.49311e-20
3.43463e-20
3.39902e-20
3.38893e-20
3.40404e-20
3.43976e-20
3.4901e-20
3.54736e-20
3.60511e-20
3.65877e-20
3.70716e-20
3.75189e-20
3.79509e-20
3.83903e-20
3.88445e-20
3.92978e-20
3.97209e-20
4.00763e-20
4.03215e-20
4.04234e-20
4.03514e-20
4.00835e-20
3.96181e-20
3.8993e-20
3.82769e-20
3.75773e-20
3.70187e-20
3.66935e-20
3.66488e-20
3.68637e-20
3.72619e-20
3.77358e-20
3.81824e-20
3.85297e-20
3.87398e-20
3.88054e-20
3.87326e-20
3.85357e-20
3.8236e-20
3.78785e-20
3.75298e-20
3.72791e-20
3.72025e-20
3.73495e-20
3.77294e-20
3.83109e-20
3.90344e-20
3.98135e-20
4.05568e-20
4.11772e-20
4.16039e-20
4.18092e-20
4.17911e-20
4.15889e-20
4.12532e-20
4.08342e-20
4.03866e-20
3.99694e-20
3.96404e-20
3.94572e-20
3.94513e-20
3.96142e-20
3.99146e-20
4.02906e-20
4.06683e-20
4.09596e-20
4.10918e-20
4.10178e-20
4.07251e-20
4.02465e-20
3.96368e-20
3.89464e-20
3.82057e-20
3.74238e-20
3.66025e-20
3.57588e-20
3.49547e-20
3.4299e-20
3.39185e-20
3.38746e-20
3.41334e-20
3.45881e-20
3.51162e-20
3.56126e-20
3.60023e-20
3.623e-20
3.62769e-20
3.61614e-20
3.59554e-20
3.57487e-20
3.56459e-20
3.57398e-20
3.60831e-20
3.66802e-20
3.74839e-20
3.8399e-20
3.93231e-20
4.01654e-20
4.08646e-20
4.13924e-20
4.17529e-20
4.19677e-20
4.20581e-20
4.20426e-20
4.19165e-20
4.16513e-20
4.12352e-20
4.06669e-20
3.99978e-20
3.93091e-20
3.86922e-20
3.82129e-20
3.78895e-20
3.7695e-20
3.75788e-20
3.74971e-20
3.74249e-20
3.73576e-20
3.72937e-20
3.72355e-20
3.71812e-20
3.7142e-20
3.71319e-20
3.71724e-20
3.72852e-20
3.74904e-20
3.77961e-20
3.82041e-20
3.8692e-20
3.92179e-20
3.97228e-20
4.01352e-20
4.03894e-20
4.04451e-20
4.03012e-20
3.99825e-20
3.95248e-20
3.8975e-20
3.8371e-20
3.77573e-20
3.71905e-20
3.6736e-20
3.64637e-20
3.64125e-20
3.65764e-20
3.68874e-20
3.72421e-20
3.75364e-20
3.77016e-20
3.77006e-20
3.75443e-20
3.72774e-20
3.69698e-20
3.6704e-20
3.65517e-20
3.6558e-20
3.67056e-20
3.69353e-20
3.71689e-20
3.73375e-20
3.74124e-20
3.73987e-20
3.73337e-20
3.72643e-20
3.72369e-20
3.72819e-20
3.74095e-20
3.7617e-20
3.78898e-20
3.82246e-20
3.86197e-20
3.90764e-20
3.95769e-20
4.00797e-20
4.05163e-20
4.08164e-20
4.0931e-20
4.08347e-20
4.0533e-20
4.00743e-20
3.95247e-20
3.89643e-20
3.8467e-20
3.80823e-20
3.78217e-20
3.76726e-20
3.76122e-20
3.76366e-20
3.77559e-20
3.80049e-20
3.84173e-20
3.89937e-20
3.9703e-20
4.04774e-20
4.1238e-20
4.18979e-20
4.23875e-20
4.26539e-20
4.26705e-20
4.24226e-20
4.19153e-20
4.11614e-20
4.01934e-20
3.90702e-20
3.78729e-20
3.67016e-20
3.56487e-20
3.47917e-20
3.41654e-20
3.37812e-20
3.36321e-20
3.37067e-20
3.39983e-20
3.44864e-20
3.5124e-20
3.58306e-20
3.65067e-20
3.7061e-20
3.74288e-20
3.7588e-20
3.7565e-20
3.74433e-20
3.73345e-20
3.73542e-20
3.75836e-20
3.80263e-20
3.86132e-20
3.92393e-20
3.97985e-20
4.02107e-20
4.04431e-20
4.04901e-20
4.03661e-20
4.00984e-20
3.97249e-20
3.92934e-20
3.88578e-20
3.84718e-20
3.81852e-20
3.80243e-20
3.80017e-20
3.81054e-20
3.83164e-20
3.86185e-20
3.89954e-20
3.94335e-20
3.99166e-20
4.04202e-20
4.09028e-20
4.13076e-20
4.15758e-20
4.1651e-20
4.15068e-20
4.11494e-20
4.06354e-20
4.00396e-20
3.94382e-20
3.8914e-20
3.8533e-20
3.83383e-20
3.83405e-20
3.85049e-20
3.87622e-20
3.90219e-20
3.92e-20
3.92513e-20
3.91629e-20
3.89672e-20
3.87095e-20
3.84392e-20
3.81763e-20
3.79134e-20
3.76197e-20
3.72625e-20
3.68189e-20
3.63004e-20
3.5752e-20
3.5262e-20
3.49271e-20
3.48303e-20
3.50175e-20
3.54555e-20
3.60553e-20
3.6719e-20
3.73651e-20
3.79409e-20
3.84424e-20
3.88779e-20
3.9246e-20
3.95336e-20
3.97172e-20
3.97826e-20
3.97414e-20
3.96124e-20
3.94315e-20
3.92371e-20
3.90561e-20
3.89148e-20
3.88328e-20
3.88294e-20
3.89246e-20
3.91381e-20
3.94761e-20
3.99255e-20
4.04395e-20
4.09555e-20
4.1398e-20
4.16985e-20
4.18066e-20
4.16923e-20
4.13496e-20
4.07969e-20
4.00754e-20
3.92379e-20
3.83459e-20
3.74715e-20
3.66717e-20
3.59919e-20
3.5474e-20
3.51477e-20
3.50278e-20
3.51251e-20
3.54245e-20
3.58833e-20
3.64349e-20
3.69987e-20
3.74922e-20
3.78527e-20
3.80448e-20
3.8062e-20
3.79249e-20
3.76875e-20
3.74244e-20
3.72091e-20
3.71177e-20
3.71974e-20
3.74685e-20
3.79372e-20
3.8573e-20
3.9311e-20
4.0063e-20
4.07559e-20
4.13214e-20
4.17269e-20
4.19484e-20
4.19742e-20
4.17997e-20
4.14305e-20
4.08881e-20
4.02144e-20
3.9479e-20
3.87536e-20
3.80909e-20
3.7494e-20
3.69334e-20
3.63868e-20
3.58612e-20
3.53966e-20
3.50601e-20
3.49e-20
3.49468e-20
3.51857e-20
3.55848e-20
3.60993e-20
3.66969e-20
3.73351e-20
3.79738e-20
3.85822e-20
3.91185e-20
3.95625e-20
3.99098e-20
4.01764e-20
4.03951e-20
4.05967e-20
4.08019e-20
4.10043e-20
4.11639e-20
4.12264e-20
4.11425e-20
4.08738e-20
4.04162e-20
3.97954e-20
3.90627e-20
3.82868e-20
3.75476e-20
3.69225e-20
3.64663e-20
3.62106e-20
3.61609e-20
3.63144e-20
3.666e-20
3.71855e-20
3.78821e-20
3.87371e-20
3.97045e-20
4.06986e-20
4.16102e-20
4.23105e-20
4.26824e-20
4.26541e-20
4.22043e-20
4.13651e-20
4.02174e-20
3.88897e-20
3.75409e-20
3.63402e-20
3.54231e-20
3.48626e-20
3.46563e-20
3.47467e-20
3.50611e-20
3.55222e-20
3.60742e-20
3.6674e-20
3.729e-20
3.79033e-20
3.84934e-20
3.90426e-20
3.95326e-20
3.99415e-20
4.02499e-20
4.04312e-20
4.04699e-20
4.03617e-20
4.01085e-20
3.97252e-20
3.92438e-20
3.87006e-20
3.81339e-20
3.75813e-20
3.70733e-20
3.66472e-20
3.63507e-20
3.62446e-20
3.63777e-20
3.67592e-20
3.73372e-20
3.80215e-20
3.8708e-20
3.93101e-20
3.97776e-20
4.00987e-20
4.02937e-20
4.03836e-20
4.03958e-20
4.03356e-20
4.01929e-20
3.99529e-20
3.96081e-20
3.91796e-20
3.87074e-20
3.82579e-20
3.78981e-20
3.76913e-20
3.76872e-20
3.79093e-20
3.8348e-20
3.8956e-20
3.96618e-20
4.03904e-20
4.10583e-20
4.15795e-20
4.18882e-20
4.19291e-20
4.16999e-20
4.12452e-20
4.06612e-20
4.0075e-20
3.95876e-20
3.92398e-20
3.89988e-20
3.87995e-20
3.85926e-20
3.83773e-20
3.81934e-20
3.80804e-20
3.8069e-20
3.81569e-20
3.82998e-20
3.84422e-20
3.85261e-20
3.85028e-20
3.83476e-20
3.80506e-20
3.76299e-20
3.71162e-20
3.65501e-20
3.59957e-20
3.54998e-20
3.51006e-20
3.48199e-20
3.46541e-20
3.45991e-20
3.46412e-20
3.47789e-20
3.50119e-20
3.53575e-20
3.5836e-20
3.64619e-20
3.72255e-20
3.80783e-20
3.89544e-20
3.97794e-20
4.04791e-20
4.10063e-20
4.13335e-20
4.14612e-20
4.14019e-20
4.11814e-20
4.08256e-20
4.03643e-20
3.98198e-20
3.92167e-20
3.85726e-20
3.79115e-20
3.72675e-20
3.66773e-20
3.61916e-20
3.58614e-20
3.57274e-20
3.58086e-20
3.61033e-20
3.65855e-20
3.72213e-20
3.79692e-20
3.87823e-20
3.95994e-20
4.03421e-20
4.09289e-20
4.13009e-20
4.14378e-20
4.13607e-20
4.113e-20
4.0814e-20
4.04738e-20
4.01509e-20
3.98765e-20
3.9656e-20
3.94782e-20
3.93097e-20
3.90959e-20
3.87996e-20
3.84056e-20
3.7939e-20
3.74477e-20
3.69969e-20
3.66537e-20
3.64684e-20
3.64715e-20
3.66684e-20
3.70373e-20
3.75252e-20
3.80559e-20
3.85408e-20
3.88999e-20
3.90756e-20
3.90446e-20
3.88291e-20
3.84993e-20
3.81626e-20
3.79198e-20
3.78393e-20
3.79296e-20
3.81492e-20
3.84335e-20
3.87114e-20
3.89341e-20
3.90722e-20
3.91315e-20
3.91432e-20
3.916e-20
3.92395e-20
3.94113e-20
3.96755e-20
4.00062e-20
4.03516e-20
4.06557e-20
4.08795e-20
4.09959e-20
4.09989e-20
4.08885e-20
4.06827e-20
4.03985e-20
4.00614e-20
3.96912e-20
3.9285e-20
3.88347e-20
3.8333e-20
3.78037e-20
3.73008e-20
3.68966e-20
3.66596e-20
3.66253e-20
3.67736e-20
3.70621e-20
3.74365e-20
3.78502e-20
3.82639e-20
3.86415e-20
3.89384e-20
3.91209e-20
3.91612e-20
3.90504e-20
3.88096e-20
3.84804e-20
3.81279e-20
3.78231e-20
3.76178e-20
3.75182e-20
3.74974e-20
3.75078e-20
3.75044e-20
3.7456e-20
3.73605e-20
3.72394e-20
3.7125e-20
3.70665e-20
3.7098e-20
3.72279e-20
3.74449e-20
3.77135e-20
3.79937e-20
3.82548e-20
3.84845e-20
3.8683e-20
3.88555e-20
3.90036e-20
3.90946e-20
3.90988e-20
3.89938e-20
3.8772e-20
3.8447e-20
3.80551e-20
3.76599e-20
3.73422e-20
3.71857e-20
3.72399e-20
3.75102e-20
3.79532e-20
3.84899e-20
3.90295e-20
3.94949e-20
3.98158e-20
3.99685e-20
3.99579e-20
3.98181e-20
3.9608e-20
3.93867e-20
3.92002e-20
3.90724e-20
3.90023e-20
3.8977e-20
3.89779e-20
3.89816e-20
3.89777e-20
3.89678e-20
3.89669e-20
3.90036e-20
3.91015e-20
3.92593e-20
3.94476e-20
3.96211e-20
3.97116e-20
3.9664e-20
3.9442e-20
3.90418e-20
3.84962e-20
3.78786e-20
3.72853e-20
3.68209e-20
3.65663e-20
3.65549e-20
3.67749e-20
3.71787e-20
3.7689e-20
3.82147e-20
3.86653e-20
3.89615e-20
3.90347e-20
3.8855e-20
3.8448e-20
3.78923e-20
3.7303e-20
