-1.01985e-22
-1.01878e-22
-1.01624e-22
-1.01325e-22
-1.01145e-22
-1.01e-22
-1.00906e-22
-1.00862e-22
-1.00826e-22
-1.00799e-22
-1.00814e-22
-1.00855e-22
-1.00876e-22
-1.00889e-22
-1.00909e-22
-1.00923e-22
-1.00931e-22
-1.00897e-22
-1.00863e-22
-1.00861e-22
-1.00878e-22
-1.00853e-22
-1.00846e-22
-1.00838e-22
-1.00861e-22
-1.00873e-22
-1.00879e-22
-1.00938e-22
-1.00933e-22
-1.00978e-22
-1.01026e-22
-1.01037e-22
-1.0104e-22
-1.01045e-22
-1.01057e-22
-1.01054e-22
-1.01049e-22
-1.01084e-22
-1.01065e-22
-1.0103e-22
-1.0103e-22
-1.01034e-22
-1.01032e-22
-1.00996e-22
-1.00964e-22
-1.00977e-22
-1.00952e-22
-1.00963e-22
-1.00946e-22
-1.00966e-22
-1.00969e-22
-1.00954e-22
-1.00961e-22
-1.0094e-22
-1.00939e-22
-1.00952e-22
-1.00979e-22
-1.0098e-22
-1.00989e-22
-1.0101e-22
-1.00995e-22
-1.00978e-22
-1.00969e-22
-1.00975e-22
-1.00991e-22
-1.00967e-22
-1.00978e-22
-1.00995e-22
-1.00988e-22
-1.01002e-22
-1.01002e-22
-1.00988e-22
-1.01001e-22
-1.01049e-22
-1.01062e-22
-1.01065e-22
-1.01053e-22
-1.01065e-22
-1.01076e-22
-1.01051e-22
-1.01029e-22
-1.01032e-22
-1.01038e-22
-1.01049e-22
-1.01046e-22
-1.01032e-22
-1.0105e-22
-1.01043e-22
-1.01032e-22
-1.01008e-22
-1.01023e-22
-1.01028e-22
-1.00973e-22
-1.00982e-22
-1.01e-22
-1.00969e-22
-1.00962e-22
-1.00915e-22
-1.00919e-22
-1.00925e-22
-1.00913e-22
-1.00897e-22
-1.00908e-22
-1.0091e-22
-1.00907e-22
-1.00932e-22
-1.00946e-22
-1.00944e-22
-1.00981e-22
-1.00992e-22
-1.00999e-22
-1.0104e-22
-1.01091e-22
-1.01081e-22
-1.0109e-22
-1.01111e-22
-1.0112e-22
-1.01108e-22
-1.01061e-22
-1.01049e-22
-1.01032e-22
-1.01002e-22
-1.00977e-22
-1.00965e-22
-1.00939e-22
-1.00929e-22
-1.00926e-22
-1.00949e-22
-1.00958e-22
-1.00928e-22
-1.00957e-22
-1.00971e-22
-1.00993e-22
-1.00995e-22
-1.00986e-22
-1.01e-22
-1.00994e-22
-1.00963e-22
-1.00942e-22
-1.00941e-22
-1.00961e-22
-1.01006e-22
-1.01028e-22
-1.00975e-22
-1.00978e-22
-1.00961e-22
-1.00948e-22
-1.00948e-22
-1.00942e-22
-1.0098e-22
-1.00991e-22
-1.01011e-22
-1.00982e-22
-1.00979e-22
-1.00996e-22
-1.0097e-22
-1.00921e-22
-1.00928e-22
-1.00887e-22
-1.00886e-22
-1.00896e-22
-1.00907e-22
-1.00899e-22
-1.0097e-22
-1.01001e-22
-1.0099e-22
-1.01041e-22
-1.01015e-22
-1.01002e-22
-1.01045e-22
-1.01043e-22
-1.01059e-22
-1.0105e-22
-1.01027e-22
-1.01005e-22
-1.01e-22
-1.01016e-22
-1.01045e-22
-1.0103e-22
-1.01026e-22
-1.01034e-22
-1.01022e-22
-1.01006e-22
-1.00995e-22
-1.01009e-22
-1.00998e-22
-1.01002e-22
-1.0099e-22
-1.00976e-22
-1.00982e-22
-1.0098e-22
-1.00968e-22
-1.00985e-22
-1.00988e-22
-1.00962e-22
-1.00997e-22
-1.0099e-22
-1.00995e-22
-1.00997e-22
-1.01015e-22
-1.01028e-22
-1.01076e-22
-1.01111e-22
-1.01134e-22
-1.01135e-22
-1.01137e-22
-1.01102e-22
-1.0113e-22
-1.01122e-22
-1.01108e-22
-1.01074e-22
-1.01056e-22
-1.01027e-22
-1.01014e-22
-1.00983e-22
-1.00987e-22
-1.01002e-22
-1.0098e-22
-1.00965e-22
-1.00942e-22
-1.00935e-22
-1.00954e-22
-1.0093e-22
-1.00926e-22
-1.00933e-22
-1.0095e-22
-1.00933e-22
-1.00951e-22
-1.00973e-22
-1.00999e-22
-1.01024e-22
-1.01017e-22
-1.01019e-22
-1.0102e-22
-1.0103e-22
-1.01023e-22
-1.01025e-22
-1.0103e-22
-1.01019e-22
-1.01007e-22
-1.01015e-22
-1.01043e-22
-1.01027e-22
-1.01022e-22
-1.01009e-22
-1.01013e-22
-1.00974e-22
-1.00961e-22
-1.0095e-22
-1.00924e-22
-1.00958e-22
-1.00952e-22
-1.00946e-22
-1.00944e-22
-1.0097e-22
-1.00966e-22
-1.0096e-22
-1.00939e-22
-1.00942e-22
-1.0095e-22
-1.00988e-22
-1.01008e-22
-1.00964e-22
-1.00956e-22
-1.00993e-22
-1.0098e-22
-1.01011e-22
-1.01021e-22
-1.01024e-22
-1.01017e-22
-1.0097e-22
-1.00988e-22
-1.00973e-22
-1.00979e-22
-1.00976e-22
-1.00969e-22
-1.00976e-22
-1.00993e-22
-1.00999e-22
-1.01009e-22
-1.00987e-22
-1.01008e-22
-1.01023e-22
-1.00992e-22
-1.00999e-22
-1.01006e-22
-1.00958e-22
-1.00931e-22
-1.00908e-22
-1.0089e-22
-1.00907e-22
-1.00928e-22
-1.00946e-22
-1.00969e-22
-1.00994e-22
-1.01007e-22
-1.01011e-22
-1.00999e-22
-1.01033e-22
-1.01025e-22
-1.01035e-22
-1.01044e-22
-1.01017e-22
-1.01045e-22
-1.01004e-22
-1.00989e-22
-1.01015e-22
-1.00977e-22
-1.00961e-22
-1.00942e-22
-1.00918e-22
-1.00951e-22
-1.0095e-22
-1.00944e-22
-1.00959e-22
-1.00939e-22
-1.00949e-22
-1.00958e-22
-1.00985e-22
-1.00985e-22
-1.00989e-22
-1.00986e-22
-1.00937e-22
-1.00952e-22
-1.00963e-22
-1.00954e-22
-1.00956e-22
-1.00954e-22
-1.00953e-22
-1.00943e-22
-1.0094e-22
-1.00957e-22
-1.01004e-22
-1.01013e-22
-1.0103e-22
-1.01007e-22
-1.00988e-22
-1.00988e-22
-1.00993e-22
-1.00972e-22
-1.00931e-22
-1.00956e-22
-1.00932e-22
-1.00933e-22
-1.00935e-22
-1.00926e-22
-1.00942e-22
-1.00972e-22
-1.0097e-22
-1.00978e-22
-1.00945e-22
-1.00991e-22
-1.01006e-22
-1.01023e-22
-1.01005e-22
-1.00988e-22
-1.01007e-22
-1.01008e-22
-1.00975e-22
-1.00933e-22
-1.00931e-22
-1.00915e-22
-1.00933e-22
-1.0092e-22
-1.00961e-22
-1.00936e-22
-1.00911e-22
-1.00935e-22
-1.00924e-22
-1.00924e-22
-1.00938e-22
-1.00933e-22
-1.00954e-22
-1.00955e-22
-1.00952e-22
-1.0096e-22
-1.00949e-22
-1.01016e-22
-1.01028e-22
-1.01035e-22
-1.01035e-22
-1.01045e-22
-1.01034e-22
-1.01032e-22
-1.01019e-22
-1.01021e-22
-1.00982e-22
-1.01012e-22
-1.00997e-22
-1.00987e-22
-1.00963e-22
-1.0097e-22
-1.00969e-22
-1.00954e-22
-1.0098e-22
-1.00962e-22
-1.0097e-22
-1.00974e-22
-1.00983e-22
-1.00986e-22
-1.01009e-22
-1.00986e-22
-1.00977e-22
-1.00977e-22
-1.00965e-22
-1.00929e-22
-1.00941e-22
-1.00899e-22
-1.00881e-22
-1.00884e-22
-1.00897e-22
-1.00896e-22
-1.00897e-22
-1.00889e-22
-1.00878e-22
-1.00889e-22
-1.00866e-22
-1.00888e-22
-1.00895e-22
-1.00906e-22
-1.00919e-22
-1.00985e-22
-1.00954e-22
-1.00976e-22
-1.00952e-22
-1.00976e-22
-1.00965e-22
-1.00964e-22
-1.00967e-22
-1.00947e-22
-1.00937e-22
-1.00928e-22
-1.00945e-22
-1.00954e-22
-1.00999e-22
-1.00956e-22
-1.00949e-22
-1.00987e-22
-1.00996e-22
-1.00956e-22
-1.00994e-22
-1.01002e-22
-1.01019e-22
-1.00976e-22
-1.00977e-22
-1.00962e-22
-1.00975e-22
-1.00943e-22
-1.00974e-22
-1.00975e-22
-1.00956e-22
-1.00947e-22
-1.00948e-22
-1.00946e-22
-1.0093e-22
-1.00915e-22
-1.00916e-22
-1.00929e-22
-1.00938e-22
-1.00953e-22
-1.00948e-22
-1.00982e-22
-1.0099e-22
-1.01018e-22
-1.01014e-22
-1.01004e-22
-1.00994e-22
-1.00989e-22
-1.00979e-22
-1.01008e-22
-1.01008e-22
-1.00997e-22
-1.00947e-22
-1.00967e-22
-1.00973e-22
-1.00978e-22
-1.00969e-22
-1.00984e-22
-1.00969e-22
-1.00993e-22
-1.00981e-22
-1.00969e-22
-1.00997e-22
-1.01009e-22
-1.01017e-22
-1.01029e-22
-1.01031e-22
-1.01023e-22
-1.0106e-22
-1.01043e-22
-1.01047e-22
-1.01058e-22
-1.01055e-22
-1.01058e-22
-1.01057e-22
-1.01016e-22
-1.00985e-22
-1.00979e-22
-1.00981e-22
-1.00991e-22
-1.01006e-22
-1.01049e-22
-1.01032e-22
-1.01019e-22
-1.00997e-22
-1.00986e-22
-1.00976e-22
-1.01001e-22
-1.01036e-22
-1.01002e-22
-1.01032e-22
-1.01003e-22
-1.01012e-22
-1.01012e-22
-1.00982e-22
-1.00977e-22
-1.00952e-22
-1.00972e-22
-1.00972e-22
-1.00986e-22
-1.0094e-22
-1.0095e-22
-1.00959e-22
-1.00979e-22
-1.00969e-22
-1.01018e-22
-1.01002e-22
-1.00977e-22
-1.00956e-22
-1.00952e-22
-1.00928e-22
-1.00929e-22
-1.00937e-22
-1.00974e-22
-1.00958e-22
-1.00961e-22
-1.00949e-22
-1.00962e-22
-1.00979e-22
-1.00985e-22
-1.0097e-22
-1.00983e-22
-1.00956e-22
-1.00987e-22
-1.00957e-22
-1.00977e-22
-1.00972e-22
-1.00963e-22
-1.0094e-22
-1.00964e-22
-1.0093e-22
-1.00927e-22
-1.00922e-22
-1.00926e-22
-1.00926e-22
-1.00943e-22
-1.0099e-22
-1.00995e-22
-1.01009e-22
-1.01017e-22
-1.00955e-22
-1.00948e-22
-1.00926e-22
-1.00915e-22
-1.00913e-22
-1.00927e-22
-1.00931e-22
-1.00935e-22
-1.00955e-22
-1.00935e-22
-1.0093e-22
-1.00936e-22
-1.00962e-22
-1.01009e-22
-1.00988e-22
-1.01002e-22
-1.01007e-22
-1.01022e-22
-1.01028e-22
-1.01028e-22
-1.0105e-22
-1.0104e-22
-1.01052e-22
-1.01047e-22
-1.01e-22
-1.01033e-22
-1.01012e-22
-1.00992e-22
-1.01024e-22
-1.01013e-22
-1.01008e-22
-1.00993e-22
-1.00987e-22
-1.00991e-22
-1.00995e-22
-1.00945e-22
-1.00949e-22
-1.00975e-22
-1.00962e-22
-1.00944e-22
-1.00967e-22
-1.00979e-22
-1.00981e-22
-1.00976e-22
-1.00975e-22
-1.00943e-22
-1.00936e-22
-1.00948e-22
-1.00941e-22
-1.00926e-22
-1.00922e-22
-1.00911e-22
-1.00937e-22
-1.00924e-22
-1.00918e-22
-1.00951e-22
-1.00962e-22
-1.0097e-22
-1.00971e-22
-1.00949e-22
-1.00954e-22
-1.00968e-22
-1.00996e-22
-1.00959e-22
-1.00956e-22
-1.00953e-22
-1.00952e-22
-1.00951e-22
-1.00923e-22
-1.00892e-22
-1.00884e-22
-1.00903e-22
-1.00918e-22
-1.00943e-22
-1.00964e-22
-1.00953e-22
-1.00947e-22
-1.00964e-22
-1.00986e-22
-1.01008e-22
-1.01014e-22
-1.01004e-22
-1.01013e-22
-1.01036e-22
-1.01038e-22
-1.0105e-22
-1.00992e-22
-1.00979e-22
-1.00978e-22
-1.00978e-22
-1.00999e-22
-1.01021e-22
-1.01019e-22
-1.01012e-22
-1.01035e-22
-1.01022e-22
-1.01009e-22
-1.01e-22
-1.00999e-22
-1.00987e-22
-1.00979e-22
-1.00975e-22
-1.0096e-22
-1.00965e-22
-1.00995e-22
-1.01015e-22
-1.01006e-22
-1.00993e-22
-1.00967e-22
-1.00942e-22
-1.00954e-22
-1.00974e-22
-1.00986e-22
-1.00994e-22
-1.00998e-22
-1.01028e-22
-1.01031e-22
-1.01012e-22
-1.01001e-22
-1.00987e-22
-1.00966e-22
-1.00992e-22
-1.00981e-22
-1.00964e-22
-1.00957e-22
-1.00935e-22
-1.00969e-22
-1.01009e-22
-1.0102e-22
-1.00988e-22
-1.00943e-22
-1.00933e-22
-1.00899e-22
-1.0088e-22
-1.00876e-22
-1.00871e-22
-1.00907e-22
-1.00903e-22
-1.0091e-22
-1.00942e-22
-1.00951e-22
-1.0096e-22
-1.00954e-22
-1.00991e-22
-1.00998e-22
-1.01018e-22
-1.00997e-22
-1.00951e-22
-1.00933e-22
-1.00931e-22
-1.00928e-22
-1.00941e-22
-1.00909e-22
-1.00893e-22
-1.00898e-22
-1.00929e-22
-1.00931e-22
-1.00938e-22
-1.00961e-22
-1.0096e-22
-1.00968e-22
-1.01044e-22
-1.01041e-22
-1.01061e-22
-1.01015e-22
-1.01007e-22
-1.00979e-22
-1.0097e-22
-1.00975e-22
-1.00985e-22
-1.00982e-22
-1.00964e-22
-1.00953e-22
-1.00953e-22
-1.00924e-22
-1.00946e-22
-1.00939e-22
-1.00942e-22
-1.00956e-22
-1.00931e-22
-1.00939e-22
-1.00952e-22
-1.00943e-22
-1.00929e-22
-1.00958e-22
-1.00947e-22
-1.00951e-22
-1.00935e-22
-1.00953e-22
-1.00962e-22
-1.00991e-22
-1.0098e-22
-1.00954e-22
-1.00938e-22
-1.00926e-22
-1.00918e-22
-1.00916e-22
-1.00923e-22
-1.00915e-22
-1.00943e-22
-1.00952e-22
-1.00988e-22
-1.01006e-22
-1.00976e-22
-1.01002e-22
-1.00994e-22
-1.01001e-22
-1.01008e-22
-1.01023e-22
-1.01006e-22
-1.01006e-22
-1.01034e-22
-1.0104e-22
-1.01064e-22
-1.01017e-22
-1.01028e-22
-1.01039e-22
-1.00996e-22
-1.01003e-22
-1.01013e-22
-1.01005e-22
-1.0099e-22
-1.00983e-22
-1.00959e-22
-1.00957e-22
-1.00942e-22
-1.00965e-22
-1.00954e-22
-1.0095e-22
-1.00974e-22
-1.00985e-22
-1.01014e-22
-1.01022e-22
-1.01034e-22
-1.01056e-22
-1.01063e-22
-1.0107e-22
-1.01042e-22
-1.01005e-22
-1.01022e-22
-1.0103e-22
-1.01038e-22
-1.01041e-22
-1.01035e-22
-1.01004e-22
-1.01002e-22
-1.01007e-22
-1.00982e-22
-1.00978e-22
-1.01004e-22
-1.01017e-22
-1.0102e-22
-1.01014e-22
-1.01063e-22
-1.01062e-22
-1.0105e-22
-1.01066e-22
-1.01077e-22
-1.01081e-22
-1.01024e-22
-1.0105e-22
-1.0105e-22
-1.0101e-22
-1.00994e-22
-1.00973e-22
-1.00958e-22
-1.00955e-22
-1.00963e-22
-1.00959e-22
-1.00951e-22
-1.00936e-22
-1.00942e-22
-1.00948e-22
-1.00944e-22
-1.0093e-22
-1.0095e-22
-1.00979e-22
-1.00992e-22
-1.0101e-22
-1.01007e-22
-1.01012e-22
-1.01011e-22
-1.01014e-22
-1.00985e-22
-1.0099e-22
-1.00969e-22
-1.00948e-22
-1.00972e-22
-1.00957e-22
-1.00974e-22
-1.00997e-22
-1.01022e-22
-1.01054e-22
-1.01051e-22
-1.0103e-22
-1.01039e-22
-1.01023e-22
-1.01016e-22
-1.00994e-22
-1.01005e-22
-1.00986e-22
-1.00986e-22
-1.0095e-22
-1.00958e-22
-1.00975e-22
-1.01002e-22
-1.01013e-22
-1.00975e-22
-1.00967e-22
-1.00954e-22
-1.00927e-22
-1.00931e-22
-1.00906e-22
-1.00918e-22
-1.00896e-22
-1.00911e-22
-1.00907e-22
-1.00919e-22
-1.00955e-22
-1.00995e-22
-1.00994e-22
-1.01025e-22
-1.0103e-22
-1.01027e-22
-1.01049e-22
-1.01064e-22
-1.01014e-22
-1.01013e-22
-1.00968e-22
-1.01012e-22
-1.01013e-22
-1.00995e-22
-1.00998e-22
-1.00979e-22
-1.00967e-22
-1.00956e-22
-1.00961e-22
-1.00962e-22
-1.01022e-22
-1.01017e-22
-1.01001e-22
-1.0103e-22
-1.01043e-22
-1.01045e-22
-1.01051e-22
-1.01061e-22
-1.01054e-22
-1.01042e-22
-1.01043e-22
-1.01074e-22
-1.01113e-22
-1.01097e-22
-1.01071e-22
-1.01069e-22
-1.01073e-22
-1.01063e-22
-1.01029e-22
-1.01023e-22
-1.01024e-22
-1.01008e-22
-1.0099e-22
-1.01029e-22
-1.01027e-22
-1.0102e-22
-1.01024e-22
-1.01016e-22
-1.00989e-22
-1.01019e-22
-1.01013e-22
-1.00993e-22
-1.00969e-22
-1.00968e-22
-1.00945e-22
-1.00949e-22
-1.00964e-22
-1.0096e-22
-1.00956e-22
-1.00955e-22
-1.00923e-22
-1.00978e-22
-1.00982e-22
-1.00964e-22
-1.00934e-22
-1.00934e-22
-1.00948e-22
-1.00972e-22
-1.00992e-22
-1.00994e-22
-1.01012e-22
-1.00967e-22
-1.00987e-22
-1.00974e-22
-1.00971e-22
-1.00983e-22
-1.00996e-22
-1.00998e-22
-1.00996e-22
-1.01009e-22
-1.01037e-22
-1.0103e-22
-1.01058e-22
-1.0108e-22
-1.01077e-22
-1.01073e-22
-1.01044e-22
-1.01019e-22
-1.01002e-22
-1.00995e-22
-1.01006e-22
-1.00982e-22
-1.00966e-22
-1.00951e-22
-1.00967e-22
-1.00974e-22
-1.00967e-22
-1.00986e-22
-1.00982e-22
-1.00988e-22
-1.0097e-22
-1.00958e-22
-1.00931e-22
-1.00969e-22
-1.00982e-22
-1.00975e-22
-1.01003e-22
-1.01001e-22
-1.01023e-22
-1.01065e-22
-1.01052e-22
-1.01042e-22
-1.01056e-22
-1.01064e-22
-1.01056e-22
-1.01056e-22
-1.01046e-22
-1.01016e-22
-1.00992e-22
-1.01003e-22
-1.00986e-22
-1.0101e-22
-9.18447e-23
-9.18311e-23
-9.18082e-23
-9.17526e-23
-9.17147e-23
-9.17139e-23
-9.17189e-23
-9.17025e-23
-9.16769e-23
-9.16793e-23
-9.1708e-23
-9.1752e-23
-9.17463e-23
-9.17403e-23
-9.17451e-23
-9.17624e-23
-9.17595e-23
-9.17237e-23
-9.17355e-23
-9.17753e-23
-9.1787e-23
-9.17646e-23
-9.17568e-23
-9.17533e-23
-9.17495e-23
-9.17404e-23
-9.17164e-23
-9.17124e-23
-9.1733e-23
-9.17584e-23
-9.17543e-23
-9.17707e-23
-9.17777e-23
-9.17699e-23
-9.18061e-23
-9.17814e-23
-9.17547e-23
-9.17606e-23
-9.17544e-23
-9.17667e-23
-9.17435e-23
-9.17202e-23
-9.16878e-23
-9.16763e-23
-9.16764e-23
-9.16934e-23
-9.16931e-23
-9.16958e-23
-9.17119e-23
-9.17265e-23
-9.17394e-23
-9.17595e-23
-9.17703e-23
-9.17799e-23
-9.17565e-23
-9.17928e-23
-9.18292e-23
-9.1817e-23
-9.17972e-23
-9.18107e-23
-9.18279e-23
-9.18142e-23
-9.17894e-23
-9.18086e-23
-9.18229e-23
-9.18286e-23
-9.18217e-23
-9.18077e-23
-9.17969e-23
-9.17894e-23
-9.17696e-23
-9.17669e-23
-9.17804e-23
-9.17991e-23
-9.17968e-23
-9.17672e-23
-9.1774e-23
-9.17928e-23
-9.18189e-23
-9.1814e-23
-9.17937e-23
-9.17933e-23
-9.17881e-23
-9.17729e-23
-9.1768e-23
-9.17292e-23
-9.17267e-23
-9.17312e-23
-9.17529e-23
-9.17469e-23
-9.17672e-23
-9.17638e-23
-9.17562e-23
-9.17686e-23
-9.17854e-23
-9.18211e-23
-9.17955e-23
-9.18074e-23
-9.17918e-23
-9.18235e-23
-9.18183e-23
-9.17869e-23
-9.17551e-23
-9.17439e-23
-9.1744e-23
-9.17559e-23
-9.17303e-23
-9.17416e-23
-9.17442e-23
-9.17523e-23
-9.1775e-23
-9.17621e-23
-9.17879e-23
-9.1768e-23
-9.17618e-23
-9.17643e-23
-9.17209e-23
-9.17265e-23
-9.1757e-23
-9.17585e-23
-9.17668e-23
-9.17726e-23
-9.17608e-23
-9.17411e-23
-9.17518e-23
-9.17622e-23
-9.17909e-23
-9.17976e-23
-9.17874e-23
-9.17902e-23
-9.17919e-23
-9.17737e-23
-9.17609e-23
-9.17593e-23
-9.17342e-23
-9.16806e-23
-9.17123e-23
-9.17238e-23
-9.1705e-23
-9.16951e-23
-9.16949e-23
-9.16754e-23
-9.16673e-23
-9.17155e-23
-9.17646e-23
-9.17841e-23
-9.17979e-23
-9.18163e-23
-9.18245e-23
-9.18223e-23
-9.18444e-23
-9.184e-23
-9.18486e-23
-9.18549e-23
-9.1864e-23
-9.18067e-23
-9.17874e-23
-9.17721e-23
-9.17622e-23
-9.17392e-23
-9.17443e-23
-9.17439e-23
-9.1738e-23
-9.17457e-23
-9.17405e-23
-9.17804e-23
-9.17942e-23
-9.18054e-23
-9.18284e-23
-9.17986e-23
-9.1801e-23
-9.18263e-23
-9.18055e-23
-9.18083e-23
-9.18408e-23
-9.18196e-23
-9.18102e-23
-9.17793e-23
-9.17815e-23
-9.17466e-23
-9.17675e-23
-9.1768e-23
-9.17672e-23
-9.18e-23
-9.17723e-23
-9.17786e-23
-9.17646e-23
-9.177e-23
-9.17854e-23
-9.17666e-23
-9.17536e-23
-9.17907e-23
-9.18128e-23
-9.18093e-23
-9.17993e-23
-9.17925e-23
-9.17891e-23
-9.18094e-23
-9.18044e-23
-9.18049e-23
-9.18316e-23
-9.18155e-23
-9.18465e-23
-9.18694e-23
-9.18089e-23
-9.18076e-23
-9.18449e-23
-9.18904e-23
-9.18841e-23
-9.18858e-23
-9.18555e-23
-9.18139e-23
-9.17763e-23
-9.17485e-23
-9.17562e-23
-9.17499e-23
-9.17205e-23
-9.17134e-23
-9.17045e-23
-9.16949e-23
-9.16795e-23
-9.16972e-23
-9.17409e-23
-9.17238e-23
-9.17286e-23
-9.17843e-23
-9.17969e-23
-9.17624e-23
-9.17759e-23
-9.17832e-23
-9.18094e-23
-9.17945e-23
-9.17689e-23
-9.17727e-23
-9.17373e-23
-9.17331e-23
-9.17355e-23
-9.17693e-23
-9.17695e-23
-9.17999e-23
-9.18056e-23
-9.17715e-23
-9.17574e-23
-9.17835e-23
-9.18047e-23
-9.1811e-23
-9.18118e-23
-9.1797e-23
-9.17817e-23
-9.17414e-23
-9.17512e-23
-9.17763e-23
-9.1757e-23
-9.17474e-23
-9.17472e-23
-9.17363e-23
-9.17492e-23
-9.17366e-23
-9.17285e-23
-9.17158e-23
-9.17045e-23
-9.17201e-23
-9.1723e-23
-9.17226e-23
-9.17027e-23
-9.17172e-23
-9.17257e-23
-9.17528e-23
-9.17643e-23
-9.17952e-23
-9.18258e-23
-9.1816e-23
-9.18252e-23
-9.18084e-23
-9.17906e-23
-9.17623e-23
-9.17495e-23
-9.17231e-23
-9.17433e-23
-9.17351e-23
-9.17371e-23
-9.1743e-23
-9.17815e-23
-9.17732e-23
-9.18025e-23
-9.17907e-23
-9.17834e-23
-9.17817e-23
-9.17217e-23
-9.16982e-23
-9.16916e-23
-9.17119e-23
-9.17245e-23
-9.171e-23
-9.17183e-23
-9.17242e-23
-9.17421e-23
-9.17608e-23
-9.17741e-23
-9.18253e-23
-9.18334e-23
-9.18413e-23
-9.18377e-23
-9.1817e-23
-9.182e-23
-9.1784e-23
-9.17623e-23
-9.17236e-23
-9.17262e-23
-9.17473e-23
-9.17076e-23
-9.1729e-23
-9.1684e-23
-9.17034e-23
-9.17057e-23
-9.17493e-23
-9.17397e-23
-9.17317e-23
-9.17553e-23
-9.17416e-23
-9.17457e-23
-9.17486e-23
-9.17265e-23
-9.17103e-23
-9.1711e-23
-9.172e-23
-9.17032e-23
-9.16904e-23
-9.1681e-23
-9.17133e-23
-9.17359e-23
-9.1732e-23
-9.17598e-23
-9.17782e-23
-9.17916e-23
-9.17948e-23
-9.17984e-23
-9.17987e-23
-9.18022e-23
-9.17857e-23
-9.17561e-23
-9.17697e-23
-9.17632e-23
-9.17369e-23
-9.17253e-23
-9.17521e-23
-9.17463e-23
-9.17663e-23
-9.17714e-23
-9.17607e-23
-9.17585e-23
-9.17544e-23
-9.17533e-23
-9.17551e-23
-9.17847e-23
-9.1827e-23
-9.17878e-23
-9.17917e-23
-9.17749e-23
-9.17631e-23
-9.17476e-23
-9.1749e-23
-9.17427e-23
-9.17036e-23
-9.16606e-23
-9.1638e-23
-9.16659e-23
-9.16647e-23
-9.16699e-23
-9.16662e-23
-9.16925e-23
-9.17024e-23
-9.17193e-23
-9.17031e-23
-9.17191e-23
-9.17093e-23
-9.1715e-23
-9.17474e-23
-9.17766e-23
-9.17573e-23
-9.17234e-23
-9.17241e-23
-9.17043e-23
-9.17189e-23
-9.17388e-23
-9.17147e-23
-9.17165e-23
-9.16993e-23
-9.17169e-23
-9.17039e-23
-9.17342e-23
-9.17334e-23
-9.17612e-23
-9.17634e-23
-9.1805e-23
-9.18019e-23
-9.17891e-23
-9.18065e-23
-9.1785e-23
-9.17688e-23
-9.17625e-23
-9.17703e-23
-9.17672e-23
-9.17685e-23
-9.17756e-23
-9.17552e-23
-9.17235e-23
-9.17454e-23
-9.17205e-23
-9.1731e-23
-9.17596e-23
-9.17847e-23
-9.17611e-23
-9.17141e-23
-9.17192e-23
-9.1718e-23
-9.1716e-23
-9.17088e-23
-9.16472e-23
-9.16561e-23
-9.16813e-23
-9.16887e-23
-9.16831e-23
-9.16795e-23
-9.1692e-23
-9.17303e-23
-9.17342e-23
-9.17178e-23
-9.17351e-23
-9.1717e-23
-9.16897e-23
-9.16942e-23
-9.17263e-23
-9.17349e-23
-9.1718e-23
-9.17234e-23
-9.17352e-23
-9.17387e-23
-9.17695e-23
-9.17542e-23
-9.17426e-23
-9.17502e-23
-9.17574e-23
-9.17499e-23
-9.17528e-23
-9.17717e-23
-9.17671e-23
-9.17991e-23
-9.18134e-23
-9.18002e-23
-9.17988e-23
-9.17937e-23
-9.1804e-23
-9.1775e-23
-9.1771e-23
-9.17823e-23
-9.17786e-23
-9.17994e-23
-9.18092e-23
-9.17627e-23
-9.17685e-23
-9.1772e-23
-9.17837e-23
-9.17942e-23
-9.17891e-23
-9.17888e-23
-9.17983e-23
-9.17581e-23
-9.17876e-23
-9.18227e-23
-9.17944e-23
-9.17974e-23
-9.17874e-23
-9.17742e-23
-9.17672e-23
-9.17855e-23
-9.1784e-23
-9.17821e-23
-9.17797e-23
-9.18115e-23
-9.18128e-23
-9.17983e-23
-9.17779e-23
-9.17865e-23
-9.17598e-23
-9.17525e-23
-9.17647e-23
-9.17568e-23
-9.17488e-23
-9.17411e-23
-9.17146e-23
-9.16955e-23
-9.17043e-23
-9.17217e-23
-9.17416e-23
-9.17618e-23
-9.17495e-23
-9.17474e-23
-9.17456e-23
-9.17507e-23
-9.17997e-23
-9.17806e-23
-9.17489e-23
-9.17495e-23
-9.17767e-23
-9.18094e-23
-9.18311e-23
-9.18309e-23
-9.1833e-23
-9.18227e-23
-9.18058e-23
-9.17739e-23
-9.17529e-23
-9.17739e-23
-9.18126e-23
-9.18041e-23
-9.1812e-23
-9.17854e-23
-9.17834e-23
-9.1786e-23
-9.17637e-23
-9.17862e-23
-9.1769e-23
-9.17864e-23
-9.17587e-23
-9.17851e-23
-9.17955e-23
-9.18243e-23
-9.17721e-23
-9.17583e-23
-9.17686e-23
-9.17493e-23
-9.17757e-23
-9.17542e-23
-9.17599e-23
-9.17626e-23
-9.17767e-23
-9.17467e-23
-9.17562e-23
-9.17704e-23
-9.17444e-23
-9.17523e-23
-9.17841e-23
-9.17846e-23
-9.17879e-23
-9.18083e-23
-9.17812e-23
-9.17619e-23
-9.17519e-23
-9.17433e-23
-9.17477e-23
-9.17559e-23
-9.17483e-23
-9.17638e-23
-9.1737e-23
-9.17461e-23
-9.17502e-23
-9.17477e-23
-9.17123e-23
-9.17077e-23
-9.16894e-23
-9.17077e-23
-9.17345e-23
-9.17023e-23
-9.17468e-23
-9.17349e-23
-9.17213e-23
-9.17396e-23
-9.1724e-23
-9.17329e-23
-9.17563e-23
-9.17745e-23
-9.17884e-23
-9.17886e-23
-9.17798e-23
-9.18006e-23
-9.18247e-23
-9.18259e-23
-9.18234e-23
-9.17982e-23
-9.17815e-23
-9.1775e-23
-9.177e-23
-9.17721e-23
-9.17956e-23
-9.17849e-23
-9.17739e-23
-9.17717e-23
-9.17237e-23
-9.16999e-23
-9.17163e-23
-9.17292e-23
-9.17693e-23
-9.17772e-23
-9.17573e-23
-9.17285e-23
-9.17342e-23
-9.17581e-23
-9.176e-23
-9.17496e-23
-9.17472e-23
-9.17389e-23
-9.17252e-23
-9.17219e-23
-9.16998e-23
-9.17237e-23
-9.1729e-23
-9.1765e-23
-9.17712e-23
-9.17819e-23
-9.17917e-23
-9.17958e-23
-9.17942e-23
-9.17875e-23
-9.17758e-23
-9.176e-23
-9.17754e-23
-9.17734e-23
-9.17689e-23
-9.17567e-23
-9.17901e-23
-9.18028e-23
-9.17881e-23
-9.17991e-23
-9.17855e-23
-9.17479e-23
-9.17422e-23
-9.17555e-23
-9.1745e-23
-9.17025e-23
-9.17385e-23
-9.17538e-23
-9.17284e-23
-9.17208e-23
-9.17299e-23
-9.17446e-23
-9.17789e-23
-9.17871e-23
-9.17787e-23
-9.1763e-23
-9.17645e-23
-9.17436e-23
-9.171e-23
-9.17037e-23
-9.16954e-23
-9.17055e-23
-9.17302e-23
-9.17605e-23
-9.17533e-23
-9.1804e-23
-9.17743e-23
-9.17884e-23
-9.17507e-23
-9.17584e-23
-9.17548e-23
-9.17329e-23
-9.1712e-23
-9.17226e-23
-9.16918e-23
-9.1671e-23
-9.16721e-23
-9.16812e-23
-9.16889e-23
-9.17194e-23
-9.17418e-23
-9.17498e-23
-9.17569e-23
-9.17722e-23
-9.17658e-23
-9.17829e-23
-9.17792e-23
-9.17351e-23
-9.17349e-23
-9.17484e-23
-9.17649e-23
-9.17887e-23
-9.17951e-23
-9.17553e-23
-9.1721e-23
-9.16943e-23
-9.17019e-23
-9.17196e-23
-9.17612e-23
-9.17799e-23
-9.17879e-23
-9.17738e-23
-9.1767e-23
-9.17283e-23
-9.17527e-23
-9.17419e-23
-9.17559e-23
-9.17601e-23
-9.17493e-23
-9.17183e-23
-9.17264e-23
-9.17341e-23
-9.17567e-23
-9.17551e-23
-9.17544e-23
-9.17744e-23
-9.17749e-23
-9.17501e-23
-9.17538e-23
-9.17313e-23
-9.17172e-23
-9.17276e-23
-9.17238e-23
-9.17075e-23
-9.16797e-23
-9.17201e-23
-9.17283e-23
-9.17518e-23
-9.1769e-23
-9.17836e-23
-9.18152e-23
-9.18291e-23
-9.18109e-23
-9.17959e-23
-9.18047e-23
-9.17886e-23
-9.17832e-23
-9.17795e-23
-9.17533e-23
-9.17447e-23
-9.17485e-23
-9.17594e-23
-9.17613e-23
-9.17676e-23
-9.17519e-23
-9.17582e-23
-9.17719e-23
-9.17939e-23
-9.18149e-23
-9.18548e-23
-9.18288e-23
-9.17969e-23
-9.18103e-23
-9.17663e-23
-9.17556e-23
-9.17334e-23
-9.1699e-23
-9.17205e-23
-9.17267e-23
-9.1741e-23
-9.1748e-23
-9.17472e-23
-9.17887e-23
-9.17692e-23
-9.17698e-23
-9.1767e-23
-9.17571e-23
-9.17602e-23
-9.17903e-23
-9.18261e-23
-9.18061e-23
-9.1839e-23
-9.18446e-23
-9.18287e-23
-9.17774e-23
-9.17565e-23
-9.17967e-23
-9.17489e-23
-9.17516e-23
-9.17387e-23
-9.17381e-23
-9.17288e-23
-9.17309e-23
-9.17258e-23
-9.1725e-23
-9.17652e-23
-9.17285e-23
-9.17251e-23
-9.17306e-23
-9.1715e-23
-9.17227e-23
-9.17129e-23
-9.17338e-23
-9.17337e-23
-9.17312e-23
-9.17154e-23
-9.1731e-23
-9.17489e-23
-9.17502e-23
-9.17656e-23
-9.17812e-23
-9.17776e-23
-9.17903e-23
-9.17802e-23
-9.17723e-23
-9.17861e-23
-9.17714e-23
-9.18162e-23
-9.18002e-23
-9.1797e-23
-9.18265e-23
-9.17996e-23
-9.17865e-23
-9.17676e-23
-9.17578e-23
-9.17765e-23
-9.17689e-23
-9.17453e-23
-9.17423e-23
-9.1737e-23
-9.17262e-23
-9.17105e-23
-9.1758e-23
-9.17469e-23
-9.17195e-23
-9.17343e-23
-9.17368e-23
-9.17485e-23
-9.17614e-23
-9.17311e-23
-9.17615e-23
-9.17664e-23
-9.17787e-23
-9.17622e-23
-9.17615e-23
-9.17627e-23
-9.17624e-23
-9.17428e-23
-9.1745e-23
-9.17202e-23
-9.17086e-23
-9.1685e-23
-9.16934e-23
-9.17227e-23
-9.17425e-23
-9.17818e-23
-9.18204e-23
-9.18089e-23
-9.18171e-23
-9.18056e-23
-9.18235e-23
-9.18052e-23
-9.18293e-23
-9.18154e-23
-9.18134e-23
-9.17998e-23
-9.1766e-23
-9.17531e-23
-9.17824e-23
-9.17699e-23
-9.17656e-23
-9.17446e-23
-9.17364e-23
-9.17301e-23
-9.17249e-23
-9.17246e-23
-9.17381e-23
-9.17351e-23
-9.17107e-23
-9.17097e-23
-9.17471e-23
-9.17283e-23
-9.17125e-23
-9.17043e-23
-9.17232e-23
-9.17198e-23
-9.17395e-23
-9.17336e-23
-9.17081e-23
-9.16694e-23
-9.16727e-23
-9.16786e-23
-9.16923e-23
-9.16939e-23
-9.1693e-23
-9.16944e-23
-9.17224e-23
-9.17317e-23
-9.17662e-23
-9.17751e-23
-9.1797e-23
-9.18309e-23
-9.18561e-23
-9.18478e-23
-9.18162e-23
-9.18169e-23
-9.17865e-23
-9.18209e-23
-9.17981e-23
-9.17941e-23
-9.17659e-23
-9.17587e-23
-9.1752e-23
-9.17384e-23
-9.1739e-23
-9.17452e-23
-9.17595e-23
-9.17568e-23
-9.17833e-23
-9.18068e-23
-9.1795e-23
-9.17893e-23
-9.18009e-23
-9.18254e-23
-9.17736e-23
-9.17847e-23
-9.17936e-23
-9.17794e-23
-9.17558e-23
-9.17517e-23
-9.1747e-23
-9.17572e-23
-9.1762e-23
-9.17502e-23
-9.17599e-23
-9.17891e-23
-9.17733e-23
-9.17889e-23
-9.17446e-23
-9.17283e-23
-9.17328e-23
-9.17596e-23
-9.17933e-23
-9.17722e-23
-9.17873e-23
-9.17905e-23
-9.17993e-23
-9.1803e-23
-9.18217e-23
-9.18113e-23
-9.1753e-23
-9.17423e-23
-9.16857e-23
-9.16739e-23
-9.16837e-23
-9.16668e-23
-9.16734e-23
-9.17141e-23
-9.16892e-23
-9.16922e-23
-9.16972e-23
-9.17377e-23
-9.17431e-23
-9.17525e-23
-9.17253e-23
-9.17109e-23
-9.17141e-23
-9.17401e-23
-9.17397e-23
-9.17526e-23
-9.17692e-23
-9.176e-23
-9.17548e-23
-9.17693e-23
-9.17842e-23
-9.17553e-23
-9.17627e-23
-9.17369e-23
-9.17425e-23
-9.17294e-23
-9.17567e-23
-9.17346e-23
-9.17517e-23
-9.1718e-23
-9.17224e-23
-9.17204e-23
-9.17275e-23
-9.16994e-23
-9.17113e-23
-9.1714e-23
-9.17479e-23
-9.1739e-23
-9.17325e-23
-9.17233e-23
-9.17259e-23
-9.17092e-23
-9.17212e-23
-9.17204e-23
-9.177e-23
-9.17902e-23
-9.18017e-23
-9.17665e-23
-9.1766e-23
-9.17524e-23
-9.17372e-23
-9.1751e-23
-9.17638e-23
-9.17799e-23
-9.17878e-23
-9.18205e-23
-9.17769e-23
-9.18048e-23
-9.18291e-23
-9.18451e-23
-9.18382e-23
-9.17647e-23
-9.17399e-23
-9.17207e-23
-9.16937e-23
-9.16842e-23
-9.16677e-23
-9.16689e-23
-9.16727e-23
-9.16736e-23
-9.1691e-23
-9.17194e-23
-8.55103e-23
-8.55055e-23
-8.54875e-23
-8.54577e-23
-8.54431e-23
-8.5469e-23
-8.54948e-23
-8.55239e-23
-8.55094e-23
-8.5539e-23
-8.55521e-23
-8.55624e-23
-8.55785e-23
-8.55897e-23
-8.55659e-23
-8.55378e-23
-8.55267e-23
-8.55e-23
-8.55189e-23
-8.55394e-23
-8.55769e-23
-8.55966e-23
-8.55636e-23
-8.55132e-23
-8.55263e-23
-8.55147e-23
-8.55072e-23
-8.5524e-23
-8.55297e-23
-8.55375e-23
-8.55152e-23
-8.55116e-23
-8.55351e-23
-8.55575e-23
-8.5564e-23
-8.55684e-23
-8.55987e-23
-8.55732e-23
-8.55941e-23
-8.55763e-23
-8.55504e-23
-8.55671e-23
-8.55286e-23
-8.55058e-23
-8.55492e-23
-8.55103e-23
-8.55187e-23
-8.55552e-23
-8.5546e-23
-8.55315e-23
-8.55365e-23
-8.55498e-23
-8.55443e-23
-8.55465e-23
-8.55488e-23
-8.55696e-23
-8.55836e-23
-8.55966e-23
-8.55901e-23
-8.55752e-23
-8.55536e-23
-8.55413e-23
-8.55301e-23
-8.55076e-23
-8.54899e-23
-8.54576e-23
-8.54697e-23
-8.54895e-23
-8.55055e-23
-8.55258e-23
-8.55346e-23
-8.55318e-23
-8.55327e-23
-8.55231e-23
-8.55179e-23
-8.55174e-23
-8.55173e-23
-8.55432e-23
-8.55356e-23
-8.55189e-23
-8.55019e-23
-8.55087e-23
-8.55043e-23
-8.54791e-23
-8.54539e-23
-8.54539e-23
-8.54995e-23
-8.55014e-23
-8.55046e-23
-8.55344e-23
-8.55564e-23
-8.55556e-23
-8.55812e-23
-8.56177e-23
-8.56336e-23
-8.56368e-23
-8.56697e-23
-8.56561e-23
-8.56154e-23
-8.55882e-23
-8.55516e-23
-8.55128e-23
-8.54845e-23
-8.54897e-23
-8.54624e-23
-8.54661e-23
-8.54674e-23
-8.54984e-23
-8.5517e-23
-8.55503e-23
-8.55592e-23
-8.55188e-23
-8.55006e-23
-8.55128e-23
-8.55032e-23
-8.54745e-23
-8.54686e-23
-8.54529e-23
-8.54437e-23
-8.54325e-23
-8.54482e-23
-8.54387e-23
-8.54848e-23
-8.54989e-23
-8.55287e-23
-8.55189e-23
-8.55133e-23
-8.55015e-23
-8.55084e-23
-8.55098e-23
-8.54878e-23
-8.54942e-23
-8.54768e-23
-8.54724e-23
-8.54778e-23
-8.54937e-23
-8.54804e-23
-8.55056e-23
-8.55029e-23
-8.54846e-23
-8.54787e-23
-8.54898e-23
-8.55036e-23
-8.55016e-23
-8.55252e-23
-8.55064e-23
-8.54856e-23
-8.54876e-23
-8.55064e-23
-8.55303e-23
-8.55476e-23
-8.55719e-23
-8.55974e-23
-8.55898e-23
-8.56096e-23
-8.55542e-23
-8.55347e-23
-8.5533e-23
-8.55199e-23
-8.55393e-23
-8.55391e-23
-8.55516e-23
-8.56046e-23
-8.56135e-23
-8.55991e-23
-8.56029e-23
-8.55923e-23
-8.55838e-23
-8.55887e-23
-8.55877e-23
-8.55522e-23
-8.55662e-23
-8.55785e-23
-8.56055e-23
-8.56048e-23
-8.55847e-23
-8.55903e-23
-8.55629e-23
-8.55482e-23
-8.55319e-23
-8.55096e-23
-8.55219e-23
-8.54906e-23
-8.54971e-23
-8.55027e-23
-8.55381e-23
-8.5553e-23
-8.5565e-23
-8.55566e-23
-8.55302e-23
-8.55142e-23
-8.55187e-23
-8.55348e-23
-8.55637e-23
-8.55266e-23
-8.55485e-23
-8.55604e-23
-8.55485e-23
-8.55532e-23
-8.55397e-23
-8.55621e-23
-8.55648e-23
-8.5557e-23
-8.55437e-23
-8.55466e-23
-8.55132e-23
-8.55146e-23
-8.54952e-23
-8.55471e-23
-8.55536e-23
-8.55623e-23
-8.55573e-23
-8.55728e-23
-8.55648e-23
-8.55443e-23
-8.55724e-23
-8.55859e-23
-8.55555e-23
-8.55561e-23
-8.5568e-23
-8.55816e-23
-8.55626e-23
-8.55608e-23
-8.5561e-23
-8.55471e-23
-8.55572e-23
-8.55449e-23
-8.55385e-23
-8.55682e-23
-8.55655e-23
-8.55477e-23
-8.55317e-23
-8.55241e-23
-8.5515e-23
-8.55134e-23
-8.55425e-23
-8.55311e-23
-8.5538e-23
-8.55388e-23
-8.55349e-23
-8.55424e-23
-8.55518e-23
-8.55668e-23
-8.56052e-23
-8.55764e-23
-8.55549e-23
-8.5537e-23
-8.5554e-23
-8.55867e-23
-8.55508e-23
-8.55304e-23
-8.55396e-23
-8.55487e-23
-8.55529e-23
-8.55981e-23
-8.56051e-23
-8.55988e-23
-8.55736e-23
-8.55529e-23
-8.55405e-23
-8.55305e-23
-8.55275e-23
-8.55119e-23
-8.55242e-23
-8.55112e-23
-8.5539e-23
-8.55541e-23
-8.55518e-23
-8.55309e-23
-8.54997e-23
-8.55015e-23
-8.54965e-23
-8.54758e-23
-8.54709e-23
-8.54291e-23
-8.54464e-23
-8.5489e-23
-8.55417e-23
-8.55583e-23
-8.55665e-23
-8.55589e-23
-8.56025e-23
-8.55864e-23
-8.56041e-23
-8.56258e-23
-8.56274e-23
-8.56006e-23
-8.55971e-23
-8.55796e-23
-8.55745e-23
-8.55585e-23
-8.55615e-23
-8.55579e-23
-8.55713e-23
-8.55752e-23
-8.55429e-23
-8.55431e-23
-8.55714e-23
-8.5599e-23
-8.55925e-23
-8.55824e-23
-8.55538e-23
-8.55758e-23
-8.55636e-23
-8.55614e-23
-8.55884e-23
-8.55892e-23
-8.56022e-23
-8.55678e-23
-8.55603e-23
-8.55257e-23
-8.5545e-23
-8.555e-23
-8.55027e-23
-8.55183e-23
-8.55182e-23
-8.55125e-23
-8.55107e-23
-8.54774e-23
-8.54907e-23
-8.55144e-23
-8.5487e-23
-8.55163e-23
-8.55169e-23
-8.55186e-23
-8.54974e-23
-8.55047e-23
-8.55419e-23
-8.55355e-23
-8.55455e-23
-8.55611e-23
-8.55666e-23
-8.55906e-23
-8.55928e-23
-8.5573e-23
-8.55959e-23
-8.55972e-23
-8.55721e-23
-8.55367e-23
-8.55468e-23
-8.55002e-23
-8.54884e-23
-8.55178e-23
-8.55035e-23
-8.55278e-23
-8.55426e-23
-8.55397e-23
-8.55415e-23
-8.55474e-23
-8.55583e-23
-8.55467e-23
-8.55389e-23
-8.55115e-23
-8.54946e-23
-8.54835e-23
-8.5499e-23
-8.54878e-23
-8.55156e-23
-8.55083e-23
-8.55343e-23
-8.55666e-23
-8.55733e-23
-8.55875e-23
-8.55679e-23
-8.55732e-23
-8.55885e-23
-8.55797e-23
-8.56129e-23
-8.55758e-23
-8.55947e-23
-8.55813e-23
-8.55458e-23
-8.55281e-23
-8.55034e-23
-8.54671e-23
-8.54935e-23
-8.55074e-23
-8.54771e-23
-8.54954e-23
-8.54812e-23
-8.54981e-23
-8.54907e-23
-8.55187e-23
-8.55332e-23
-8.54966e-23
-8.54957e-23
-8.55121e-23
-8.55016e-23
-8.54785e-23
-8.54714e-23
-8.54692e-23
-8.54524e-23
-8.54427e-23
-8.54477e-23
-8.54893e-23
-8.54966e-23
-8.55193e-23
-8.55277e-23
-8.55194e-23
-8.54903e-23
-8.54862e-23
-8.54637e-23
-8.54592e-23
-8.54498e-23
-8.54628e-23
-8.54306e-23
-8.54238e-23
-8.54571e-23
-8.54645e-23
-8.54785e-23
-8.55258e-23
-8.55143e-23
-8.55323e-23
-8.55398e-23
-8.55383e-23
-8.55247e-23
-8.55253e-23
-8.55168e-23
-8.54849e-23
-8.55037e-23
-8.55079e-23
-8.54664e-23
-8.54833e-23
-8.54351e-23
-8.54232e-23
-8.54002e-23
-8.5412e-23
-8.5428e-23
-8.54363e-23
-8.54491e-23
-8.54446e-23
-8.54524e-23
-8.54633e-23
-8.54933e-23
-8.54985e-23
-8.55137e-23
-8.55139e-23
-8.55442e-23
-8.55453e-23
-8.55525e-23
-8.55508e-23
-8.55454e-23
-8.55408e-23
-8.55661e-23
-8.55513e-23
-8.55595e-23
-8.55798e-23
-8.55815e-23
-8.55495e-23
-8.55098e-23
-8.55039e-23
-8.54789e-23
-8.54457e-23
-8.54596e-23
-8.54408e-23
-8.54443e-23
-8.54652e-23
-8.54645e-23
-8.54777e-23
-8.55038e-23
-8.55507e-23
-8.55705e-23
-8.55605e-23
-8.55548e-23
-8.55791e-23
-8.55409e-23
-8.55321e-23
-8.55249e-23
-8.55159e-23
-8.55012e-23
-8.54859e-23
-8.55134e-23
-8.5497e-23
-8.5508e-23
-8.55299e-23
-8.55178e-23
-8.5533e-23
-8.55129e-23
-8.55042e-23
-8.54928e-23
-8.54941e-23
-8.55024e-23
-8.55068e-23
-8.55262e-23
-8.55351e-23
-8.55683e-23
-8.55665e-23
-8.55549e-23
-8.5558e-23
-8.55841e-23
-8.55724e-23
-8.55567e-23
-8.55577e-23
-8.55467e-23
-8.55354e-23
-8.55703e-23
-8.55585e-23
-8.55362e-23
-8.5533e-23
-8.5548e-23
-8.55446e-23
-8.55312e-23
-8.55017e-23
-8.55062e-23
-8.54811e-23
-8.55022e-23
-8.55499e-23
-8.5549e-23
-8.5577e-23
-8.55923e-23
-8.56232e-23
-8.56199e-23
-8.56272e-23
-8.56063e-23
-8.55984e-23
-8.55547e-23
-8.55406e-23
-8.55221e-23
-8.55098e-23
-8.55098e-23
-8.54938e-23
-8.55027e-23
-8.5487e-23
-8.55008e-23
-8.5478e-23
-8.55108e-23
-8.55534e-23
-8.55506e-23
-8.55475e-23
-8.55238e-23
-8.55233e-23
-8.55142e-23
-8.552e-23
-8.55353e-23
-8.55216e-23
-8.55156e-23
-8.55347e-23
-8.55716e-23
-8.55295e-23
-8.5504e-23
-8.55435e-23
-8.55653e-23
-8.55652e-23
-8.5565e-23
-8.55588e-23
-8.55328e-23
-8.55636e-23
-8.55784e-23
-8.55688e-23
-8.55505e-23
-8.55389e-23
-8.55346e-23
-8.55132e-23
-8.55196e-23
-8.55486e-23
-8.55449e-23
-8.5572e-23
-8.55742e-23
-8.55705e-23
-8.55758e-23
-8.55752e-23
-8.55838e-23
-8.55966e-23
-8.56083e-23
-8.56033e-23
-8.55957e-23
-8.56196e-23
-8.55855e-23
-8.55444e-23
-8.54879e-23
-8.55127e-23
-8.55261e-23
-8.54843e-23
-8.55113e-23
-8.55324e-23
-8.55514e-23
-8.55619e-23
-8.55668e-23
-8.55835e-23
-8.5561e-23
-8.55387e-23
-8.55525e-23
-8.55153e-23
-8.55184e-23
-8.54941e-23
-8.54974e-23
-8.54777e-23
-8.54633e-23
-8.54675e-23
-8.54947e-23
-8.54954e-23
-8.54908e-23
-8.54531e-23
-8.54789e-23
-8.54848e-23
-8.55107e-23
-8.55849e-23
-8.55795e-23
-8.5546e-23
-8.55816e-23
-8.55721e-23
-8.54998e-23
-8.54908e-23
-8.5502e-23
-8.55084e-23
-8.55244e-23
-8.55093e-23
-8.54983e-23
-8.55369e-23
-8.55167e-23
-8.5513e-23
-8.55313e-23
-8.55115e-23
-8.55331e-23
-8.55506e-23
-8.55345e-23
-8.55294e-23
-8.55354e-23
-8.5552e-23
-8.55882e-23
-8.55682e-23
-8.55749e-23
-8.55677e-23
-8.55518e-23
-8.55475e-23
-8.55261e-23
-8.54989e-23
-8.54822e-23
-8.55067e-23
-8.54891e-23
-8.54748e-23
-8.55137e-23
-8.55014e-23
-8.5492e-23
-8.55195e-23
-8.55042e-23
-8.54704e-23
-8.54968e-23
-8.55132e-23
-8.5518e-23
-8.55298e-23
-8.55324e-23
-8.55058e-23
-8.55051e-23
-8.55067e-23
-8.54972e-23
-8.54634e-23
-8.54615e-23
-8.54731e-23
-8.5464e-23
-8.55285e-23
-8.55514e-23
-8.55414e-23
-8.55868e-23
-8.56165e-23
-8.56288e-23
-8.56217e-23
-8.56399e-23
-8.55899e-23
-8.56019e-23
-8.55776e-23
-8.55526e-23
-8.5527e-23
-8.55215e-23
-8.55264e-23
-8.55084e-23
-8.55181e-23
-8.54922e-23
-8.55195e-23
-8.55282e-23
-8.5536e-23
-8.5562e-23
-8.55576e-23
-8.5515e-23
-8.55152e-23
-8.5489e-23
-8.55444e-23
-8.55502e-23
-8.55546e-23
-8.55221e-23
-8.55571e-23
-8.55354e-23
-8.55364e-23
-8.55802e-23
-8.55325e-23
-8.55379e-23
-8.55426e-23
-8.55427e-23
-8.55541e-23
-8.55375e-23
-8.55524e-23
-8.55874e-23
-8.55911e-23
-8.55822e-23
-8.55705e-23
-8.55216e-23
-8.54866e-23
-8.54722e-23
-8.54947e-23
-8.55204e-23
-8.55354e-23
-8.55347e-23
-8.55228e-23
-8.5533e-23
-8.55242e-23
-8.55502e-23
-8.55856e-23
-8.55905e-23
-8.559e-23
-8.56237e-23
-8.5636e-23
-8.56248e-23
-8.56281e-23
-8.55901e-23
-8.55503e-23
-8.55302e-23
-8.55128e-23
-8.54907e-23
-8.54769e-23
-8.54787e-23
-8.54586e-23
-8.54625e-23
-8.54699e-23
-8.54877e-23
-8.54724e-23
-8.54552e-23
-8.54839e-23
-8.54786e-23
-8.55145e-23
-8.55379e-23
-8.55444e-23
-8.55596e-23
-8.55489e-23
-8.55572e-23
-8.55842e-23
-8.55754e-23
-8.55506e-23
-8.55048e-23
-8.55275e-23
-8.55692e-23
-8.55811e-23
-8.55736e-23
-8.55874e-23
-8.55682e-23
-8.55362e-23
-8.55261e-23
-8.54881e-23
-8.54766e-23
-8.54624e-23
-8.54662e-23
-8.54929e-23
-8.55163e-23
-8.55185e-23
-8.55466e-23
-8.5574e-23
-8.55762e-23
-8.5555e-23
-8.55372e-23
-8.55347e-23
-8.54839e-23
-8.5524e-23
-8.55399e-23
-8.55458e-23
-8.55309e-23
-8.55155e-23
-8.55601e-23
-8.55714e-23
-8.55858e-23
-8.55492e-23
-8.55312e-23
-8.5541e-23
-8.55578e-23
-8.55698e-23
-8.55554e-23
-8.55526e-23
-8.56004e-23
-8.5619e-23
-8.55883e-23
-8.55933e-23
-8.55354e-23
-8.55355e-23
-8.5522e-23
-8.55174e-23
-8.5529e-23
-8.55173e-23
-8.55046e-23
-8.55066e-23
-8.55103e-23
-8.54909e-23
-8.55101e-23
-8.55304e-23
-8.54836e-23
-8.54936e-23
-8.5539e-23
-8.55582e-23
-8.55943e-23
-8.55874e-23
-8.5558e-23
-8.55713e-23
-8.55688e-23
-8.55814e-23
-8.55556e-23
-8.55071e-23
-8.5531e-23
-8.54982e-23
-8.54926e-23
-8.54935e-23
-8.54452e-23
-8.54363e-23
-8.54022e-23
-8.54372e-23
-8.54422e-23
-8.54776e-23
-8.54991e-23
-8.55167e-23
-8.55146e-23
-8.5496e-23
-8.55239e-23
-8.55527e-23
-8.55328e-23
-8.55444e-23
-8.55342e-23
-8.55433e-23
-8.55429e-23
-8.55683e-23
-8.55703e-23
-8.55788e-23
-8.55638e-23
-8.55651e-23
-8.55475e-23
-8.5546e-23
-8.55559e-23
-8.5533e-23
-8.55423e-23
-8.55644e-23
-8.55739e-23
-8.55653e-23
-8.5572e-23
-8.55679e-23
-8.5572e-23
-8.55692e-23
-8.55938e-23
-8.56105e-23
-8.56085e-23
-8.5607e-23
-8.56166e-23
-8.55991e-23
-8.5567e-23
-8.55621e-23
-8.5556e-23
-8.55732e-23
-8.55832e-23
-8.5595e-23
-8.5578e-23
-8.55759e-23
-8.55871e-23
-8.55215e-23
-8.55079e-23
-8.5488e-23
-8.54931e-23
-8.54557e-23
-8.54415e-23
-8.54655e-23
-8.54829e-23
-8.55172e-23
-8.55375e-23
-8.55623e-23
-8.55602e-23
-8.55545e-23
-8.55393e-23
-8.55294e-23
-8.55208e-23
-8.5505e-23
-8.54893e-23
-8.55011e-23
-8.55476e-23
-8.55502e-23
-8.55477e-23
-8.55372e-23
-8.55306e-23
-8.55506e-23
-8.55469e-23
-8.55548e-23
-8.55259e-23
-8.55513e-23
-8.55676e-23
-8.56063e-23
-8.56281e-23
-8.55878e-23
-8.55882e-23
-8.56224e-23
-8.56096e-23
-8.55939e-23
-8.56102e-23
-8.55901e-23
-8.5594e-23
-8.5568e-23
-8.55772e-23
-8.55477e-23
-8.55841e-23
-8.56166e-23
-8.56099e-23
-8.56028e-23
-8.55752e-23
-8.55829e-23
-8.55777e-23
-8.55464e-23
-8.5559e-23
-8.55991e-23
-8.55997e-23
-8.56383e-23
-8.56639e-23
-8.5662e-23
-8.56281e-23
-8.55924e-23
-8.55495e-23
-8.5574e-23
-8.55769e-23
-8.55788e-23
-8.55959e-23
-8.55602e-23
-8.55374e-23
-8.55334e-23
-8.55576e-23
-8.55484e-23
-8.55535e-23
-8.55613e-23
-8.55764e-23
-8.55746e-23
-8.55868e-23
-8.56046e-23
-8.55792e-23
-8.5596e-23
-8.5595e-23
-8.55706e-23
-8.55956e-23
-8.56042e-23
-8.55958e-23
-8.55706e-23
-8.55591e-23
-8.55276e-23
-8.55362e-23
-8.55945e-23
-8.55475e-23
-8.55288e-23
-8.55284e-23
-8.55271e-23
-8.55211e-23
-8.55165e-23
-8.55046e-23
-8.5472e-23
-8.54788e-23
-8.54742e-23
-8.54911e-23
-8.55166e-23
-8.55136e-23
-8.5516e-23
-8.55485e-23
-8.55175e-23
-8.55486e-23
-8.55493e-23
-8.55265e-23
-8.55412e-23
-8.5564e-23
-8.55748e-23
-8.55826e-23
-8.55808e-23
-8.55936e-23
-8.56003e-23
-8.55762e-23
-8.55908e-23
-8.55803e-23
-8.55405e-23
-8.5532e-23
-8.55546e-23
-8.55381e-23
-8.55109e-23
-8.55262e-23
-8.55186e-23
-8.55422e-23
-8.55386e-23
-8.55388e-23
-8.55299e-23
-8.55191e-23
-8.5503e-23
-8.55175e-23
-8.55418e-23
-8.55246e-23
-8.55327e-23
-8.55687e-23
-8.55713e-23
-8.55545e-23
-8.55328e-23
-8.55363e-23
-8.54961e-23
-8.54781e-23
-8.54897e-23
-8.54795e-23
-8.54599e-23
-8.5457e-23
