95.1836
92.3799
87.6692
81.2096
73.2462
64.1647
54.5099
44.9647
36.2888
29.2025
24.2511
21.6897
21.4441
23.1528
26.2672
30.1703
34.2804
38.1181
41.3343
43.7218
45.2063
45.8289
45.7231
45.0985
44.1977
43.2785
42.5741
42.267
42.4677
43.2042
44.4288
46.0317
47.8693
49.7883
51.6563
53.3719
54.8722
56.1312
57.1412
57.8999
58.393
58.6004
58.4939
58.0489
57.2478
56.093
54.6146
52.8791
50.9783
49.0244
47.1423
45.4609
44.0977
43.1372
42.6293
42.5775
42.9414
43.6506
44.6106
45.7142
46.8503
47.9191
48.8435
49.5735
50.0882
50.3858
50.4773
50.3901
50.164
49.8478
49.5019
49.1952
48.9915
48.9341
49.0448
49.3287
49.7678
50.3292
50.9717
51.6429
52.2795
52.8173
53.1985
53.3866
53.3714
53.1676
52.8109
52.3481
51.8221
51.2734
50.726
50.1828
49.6399
49.0743
48.4519
47.7435
46.9318
46.0181
45.0335
44.0405
43.1271
42.3939
41.9344
41.8093
42.0337
42.5766
43.3756
44.3576
45.4641
46.6641
47.9476
49.3166
50.7611
52.2417
53.6856
54.9972
56.073
56.8335
57.2248
57.2251
56.8502
56.1422
55.1668
54.0017
52.7308
51.442
50.2085
49.0984
48.1685
47.4587
46.9846
46.729
46.6555
46.7084
46.8245
46.945
47.0247
47.0362
46.9721
46.8474
46.6947
46.5577
46.485
46.5184
46.6859
46.9941
47.419
47.9095
48.3948
48.7934
49.03
49.0522
48.8442
48.4284
47.8558
47.1981
46.5307
45.9272
45.4555
45.1757
45.1424
45.4072
46.0063
46.9528
48.2252
49.754
51.4311
53.1272
54.7063
56.0382
57.0157
57.5677
57.6668
57.3223
56.5811
55.513
54.2112
52.7732
51.2929
49.8526
48.5154
47.332
46.3337
45.5401
44.9618
44.594
44.4189
44.4075
44.5135
44.6735
44.8135
44.8668
44.7869
44.5653
44.2435
43.9032
43.6531
43.6056
43.8646
44.5077
45.5744
47.0576
48.8969
50.9827
53.1727
55.3107
57.2503
58.8758
60.1055
60.8915
61.2147
61.0769
60.4918
59.482
58.0798
56.3367
54.3231
52.1336
49.8758
47.6524
45.5579
43.6622
42.0193
40.67
39.654
39.0101
38.7664
38.9336
39.4955
40.4073
41.6055
43.0194
44.5808
46.2235
47.8815
49.4883
50.9703
52.25
53.2532
53.9212
54.2202
54.15
53.7397
53.0425
52.1379
51.1221
50.0898
49.1256
48.3014
47.668
47.2549
47.0661
47.0865
47.2788
47.5881
47.9521
48.3118
48.6157
48.8258
48.9311
48.9502
48.9259
48.9243
49.0022
49.1924
49.493
49.872
50.2741
50.6346
50.8991
51.0467
51.0887
51.0784
51.0813
51.1601
51.3613
51.7016
52.1645
52.7064
53.2657
53.771
54.1457
54.3088
54.1797
53.6841
52.7633
51.3988
49.6382
47.6092
45.5229
43.6445
42.2311
41.4562
41.3682
41.899
42.9121
44.2529
45.7735
47.3393
48.8248
50.1178
51.1309
51.81
52.1302
52.1027
51.7618
51.169
50.3988
49.5325
48.6448
47.8029
47.0683
46.4947
46.1263
46.0015
46.1424
46.5453
47.179
47.9779
48.849
49.6938
50.42
50.9553
51.2634
51.3384
51.1994
50.8856
50.4451
49.9318
49.3944
48.8854
48.464
48.1773
48.0531
48.09
48.2543
48.4959
48.7604
49.0008
49.1922
49.3422
49.4762
49.626
49.8262
50.0985
50.4455
50.8501
51.2755
51.6702
51.9703
52.1227
52.0895
51.852
51.4149
50.8064
50.0714
49.2633
48.4463
47.6826
47.0348
46.5477
46.2409
46.1094
46.1175
46.2152
46.3502
46.4807
46.5827
46.6419
46.6556
46.6347
46.5979
46.5772
46.6092
46.7381
47.0068
47.4394
48.0383
48.7803
49.6216
50.5143
51.4122
52.2728
53.0549
53.7163
54.2158
54.5177
54.5848
54.3977
53.9561
53.2852
52.4327
51.4657
50.4548
49.4709
48.5747
47.8161
47.2311
46.8363
46.6281
46.5854
46.669
46.8248
47.0011
47.1427
47.2079
47.164
46.9915
46.6801
46.2296
45.6622
45.0178
44.3579
43.7638
43.3307
43.1514
43.3049
43.8328
44.7353
45.9679
47.4487
49.0686
50.7086
52.2545
53.6094
54.7036
55.4899
55.9417
56.058
55.8551
55.3702
54.6521
53.7644
52.7755
51.7588
50.7865
49.9268
49.2359
48.7529
48.4925
48.4404
48.5653
48.8311
49.1976
49.6243
50.0607
50.4567
50.7533
50.9014
50.8567
50.5941
50.1112
49.4255
48.5771
47.6233
46.6344
45.6855
44.8508
44.195
43.7668
43.5908
43.659
43.9361
44.368
44.8952
45.4624
46.0315
46.583
47.1155
47.632
48.1269
48.5988
49.0497
49.4944
49.9528
50.4472
50.9816
51.5434
52.1063
52.6324
53.0893
53.4506
53.7003
53.8289
53.8276
53.6874
53.3968
52.9475
52.3467
51.6242
50.8252
50.0176
49.2794
48.6751
48.2581
48.0531
48.0572
48.2436
48.565
48.9611
49.364
49.7123
49.9609
50.088
50.0971
50.0154
49.8863
49.7524
49.6454
49.5739
49.5306
49.4953
49.4546
49.4002
49.3389
49.2764
49.2144
49.1472
49.0622
48.9467
48.7976
48.6194
48.4187
48.2055
47.9809
47.7358
47.4602
47.1454
46.7949
46.4325
46.0958
45.8273
45.6659
45.6406
45.7712
46.0697
46.5383
47.1641
47.9193
48.7594
49.6279
50.4574
51.1811
51.7386
52.0787
52.1671
51.9908
51.565
50.9406
50.1991
49.4446
48.7823
48.304
48.0617
48.0546
48.2377
48.5454
48.9008
49.2336
49.4931
49.6534
49.701
49.6397
49.4812
49.2443
48.9447
48.5944
48.2007
47.7715
47.3232
46.8695
46.4398
46.069
45.7979
45.6733
45.7411
46.0497
46.6382
47.5252
48.6847
50.0426
51.4759
52.8327
53.969
54.7777
55.2168
55.3092
55.1227
54.7457
54.2638
53.7394
53.2012
52.6485
52.0624
51.4271
50.7399
50.0192
49.3086
48.6592
48.1179
47.7135
47.4447
47.2789
47.1635
47.031
46.8207
46.4888
46.0186
45.4254
44.7605
44.1129
43.5932
43.3222
43.4057
43.9129
44.8539
46.1728
47.7505
49.4337
51.0705
52.5379
53.739
54.61
55.1082
55.2102
54.9104
54.2291
53.2219
51.981
50.6227
49.2785
48.0707
47.0957
46.4054
46.0091
45.877
45.9554
46.1932
46.5534
47.0094
47.5365
48.1019
48.6552
49.1389
49.4974
49.6937
49.7174
49.5917
49.3616
49.0896
48.8417
48.6762
48.6393
48.7536
49.024
49.4359
49.9586
50.5429
51.1277
51.6455
52.033
52.2336
52.2028
51.9152
51.3657
50.5595
49.5212
48.2956
46.9472
45.5622
44.2433
43.106
42.2649
41.8175
41.8323
42.3323
43.2888
44.6273
46.2378
47.9847
49.728
51.3344
52.6934
53.7202
54.3697
54.6415
54.5678
54.2088
53.6366
52.9251
52.1449
51.3487
50.5715
49.8323
49.1344
48.4699
47.8324
47.2315
46.7054
46.3041
46.0808
46.0676
46.2584
46.6177
47.0889
47.6071
48.1091
48.5427
48.8663
49.0578
49.1103
49.0328
48.8469
48.5907
48.3017
48.0291
47.8253
47.7387
47.8047
48.0408
48.4433
48.9879
49.6319
50.3171
50.9759
51.538
51.9418
52.1404
52.1034
51.8288
51.34
50.687
49.9334
49.1434
48.3809
47.6957
47.131
46.726
46.5119
46.5038
46.6982
47.06
47.5409
48.0814
48.6262
49.1304
49.5645
49.9213
50.2099
50.4416
50.6253
50.7656
50.854
50.8756
50.8043
50.6146
50.2857
49.809
49.1867
48.4432
47.6243
46.8061
46.0805
45.5457
45.2917
45.391
45.873
46.724
47.888
49.2666
50.7399
52.1822
53.4685
54.4881
55.1535
55.4004
55.1943
54.5349
53.4617
52.0534
50.4207
48.705
47.0645
45.6518
44.5952
43.9807
43.8395
44.1474
44.8298
45.7795
46.8779
48.0095
49.0801
50.0251
50.8087
51.4207
51.8664
52.16
52.3172
52.348
52.2642
52.076
51.7934
51.4247
50.9761
50.4581
49.8872
49.2919
48.7126
48.2
47.8065
47.5759
47.5389
47.7078
48.0748
48.616
49.286
50.029
50.774
51.4457
51.962
52.2531
52.259
51.9467
51.315
50.3967
49.2565
47.9821
46.6791
45.4597
44.4269
43.6622
43.2118
43.0874
43.2747
43.7413
44.4504
45.3625
46.4373
47.6305
48.8878
50.139
51.3041
52.299
53.0513
53.5084
53.6473
53.4745
53.0287
52.3704
51.5794
50.7483
49.9638
49.3019
48.8091
48.5124
48.4148
48.4969
48.7258
49.0578
49.4486
49.8484
50.215
50.5118
50.6965
50.7346
50.6022
50.2897
49.7971
49.1379
48.343
47.455
46.5331
45.6528
44.8986
44.3595
44.1114
44.2017
44.6418
45.3954
46.3847
47.5098
48.6648
49.7488
50.6798
51.3968
51.854
52.0234
51.8944
51.4765
50.8027
49.9286
48.9316
47.9088
46.9673
46.2032
45.6879
45.4556
45.5129
45.8412
46.4104
47.1908
48.145
49.2357
50.4121
51.6149
52.7782
53.8386
54.7417
55.4398
55.8918
56.0588
55.9047
55.4096
54.5727
53.4274
52.0415
50.5173
48.9817
47.5835
46.4665
45.745
45.4764
45.6358
46.1203
46.7686
47.4048
47.8707
48.063
47.9555
47.5977
47.1
46.6086
46.2612
46.1629
46.3665
46.8715
47.6337
48.5747
49.5995
50.6086
51.5031
52.2042
52.6484
52.798
52.6499
52.2315
51.5971
50.8152
49.9651
49.1187
48.3321
47.6448
47.0749
46.6275
46.3042
46.1132
46.0697
46.1897
46.4812
46.9385
47.5406
48.2572
49.0523
49.8915
50.7335
51.5331
52.2297
52.7637
53.0785
53.135
52.9219
52.4604
51.7992
51.0059
50.1511
49.2929
48.4773
47.744
47.1217
46.6359
46.3088
46.1549
46.1806
46.3773
46.7295
47.2153
47.8124
48.4973
49.2344
49.9704
50.64
51.1695
51.4909
51.5577
51.3537
50.8899
50.2056
49.3599
48.4303
94.3085
91.469
87.7875
83.5946
79.2792
75.2343
71.8137
69.2649
67.703
67.1017
67.326
68.1655
69.3682
70.6644
71.8034
72.609
73.0033
73.0235
72.8007
72.4906
72.2278
72.0801
72.0551
72.1241
72.2613
72.4493
72.6824
72.9623
73.2867
73.6453
74.0402
74.495
75.0406
75.6975
76.451
77.2516
78.0122
78.6221
78.9701
78.9589
78.5311
77.6644
76.3794
74.7224
72.763
70.5939
68.3341
66.1276
64.1421
62.5597
61.5585
61.2891
61.8325
63.1798
65.2178
67.7352
70.474
73.1993
75.7377
77.9817
79.8634
81.3252
82.3033
82.7431
82.6274
81.9926
80.9275
79.5653
78.0684
76.605
75.3321
74.3776
73.8348
73.7467
74.0934
74.7852
75.6704
76.5806
77.3685
77.9305
78.2202
78.2296
77.9664
77.4282
76.6217
75.5764
74.3565
73.0545
71.7817
70.6549
69.7672
69.19
68.9764
69.1481
69.6972
70.587
71.7469
73.073
74.4381
75.7097
76.7681
77.5187
77.9149
77.9613
77.7102
77.2468
76.6796
76.1254
75.675
75.3769
75.2372
75.2268
75.2971
75.3928
75.4578
75.4285
75.2409
74.8449
74.2195
73.3869
72.4152
71.4138
70.5116
69.8221
69.4195
69.3156
69.4622
69.7629
70.1041
70.3836
70.5221
70.4854
70.2834
69.9601
69.5852
69.2311
68.9511
68.7663
68.6541
68.5715
68.4806
68.3857
68.3426
68.4373
68.7393
69.281
70.0449
71.0001
72.1287
73.4188
74.8425
76.3449
77.8325
79.1957
80.3197
81.094
81.4272
81.2457
80.5272
79.3274
77.7776
76.0792
74.4697
73.1628
72.3099
71.9791
72.1517
72.7261
73.5533
74.468
75.3227
75.9953
76.3967
76.4592
76.1461
75.4721
74.5061
73.3839
72.2829
71.3674
70.7387
70.4145
70.3466
70.4691
70.7253
71.0705
71.4729
71.9087
72.3688
72.8679
73.4427
74.1288
74.9362
75.8454
76.796
77.703
78.4749
79.0401
79.3565
79.4208
79.2806
79.022
78.7589
78.6039
78.6375
78.8771
79.2864
79.7898
80.281
80.6557
80.8075
80.6391
80.0878
79.1248
77.762
76.0429
74.0359
71.8455
69.614
67.5351
65.8318
64.7078
64.2857
64.5706
65.4518
66.753
68.2866
69.8995
71.4825
72.963
74.2852
75.3864
76.2094
76.7194
76.9212
76.8586
76.615
76.2756
75.9169
75.5812
75.2817
75.0178
74.7925
74.6189
74.5135
74.481
74.5059
74.5558
74.5973
74.6138
74.6101
74.6082
74.6256
74.6679
74.7199
74.7425
74.6904
74.5177
74.1916
73.7066
73.1047
72.4773
71.943
71.6041
71.5164
71.6816
72.0598
72.5899
73.2205
73.921
74.6729
75.4516
76.2199
76.922
77.4974
77.9037
78.1405
78.2558
78.337
78.4679
78.7019
79.0208
79.342
79.5488
79.5262
79.1824
78.4672
77.3842
75.9806
74.3387
72.5552
70.7346
68.9864
67.4399
66.2429
65.5435
65.4648
66.0846
67.416
69.403
71.9174
74.7382
77.5609
80.0261
81.7778
82.5363
82.1655
80.7139
78.4232
75.6885
72.9717
70.6834
69.0824
68.2488
68.1211
68.5532
69.3629
70.3684
71.3964
72.2984
72.9529
73.27
73.2118
72.7933
72.0906
71.2413
70.4358
69.8854
69.7901
70.2965
71.464
73.2589
75.5631
78.1801
80.8607
83.3371
85.3514
86.6905
87.219
86.884
85.7219
83.871
81.5431
78.9934
76.4828
74.2336
72.405
71.0803
70.284
69.9954
70.1525
70.6686
71.4437
72.3699
73.3392
74.2465
74.979
75.441
75.5644
75.3232
74.7534
73.9386
72.9902
72.0203
71.1114
70.3092
69.6421
69.1487
68.8888
68.9243
69.2959
69.9743
70.8459
71.742
72.502
73.0264
73.3114
73.4179
73.4432
73.4687
73.5339
73.6458
73.7779
73.9037
74.0176
74.1463
74.3404
74.6514
75.104
75.6817
76.3292
76.9724
77.5437
77.9887
78.2796
78.4095
78.3817
78.2155
77.9403
77.5878
77.1695
76.6667
76.025
75.2026
74.2031
73.1033
72.0601
71.2711
70.9227
71.1146
71.823
72.9087
74.1688
75.404
76.4562
77.2219
77.6453
77.6982
77.3783
76.7147
75.7681
74.6305
73.4055
72.1957
71.0889
70.1426
69.3919
68.8359
68.4355
68.1412
67.9521
67.9348
68.2177
68.9193
70.0662
71.5731
73.2758
74.9925
76.5697
77.9071
78.9333
79.5938
79.8623
79.7308
79.2194
78.3677
77.2342
75.902
74.4732
73.0706
71.806
70.7607
69.9806
69.4895
69.3009
69.4318
69.8924
70.6732
71.7414
73.0247
74.4177
75.8003
77.0607
78.1221
78.9374
79.4809
79.7449
79.7258
79.4282
78.8667
78.0888
77.1635
76.1834
75.2399
74.4162
73.7616
73.2898
72.9907
72.8385
72.8044
72.8594
72.9607
73.0613
73.1158
73.0874
72.9485
72.6811
72.2674
71.6948
70.9685
70.1217
69.24
68.4681
67.9857
67.9591
68.4693
69.4623
70.7435
72.0605
73.2007
74.0595
74.6523
75.0756
75.4601
75.9222
76.528
77.2666
78.0589
78.7767
79.2819
79.4674
79.2822
78.7458
77.9413
77.001
76.0697
75.2535
74.5974
74.1068
73.7623
73.5519
73.4759
73.5389
73.737
74.0565
74.4758
74.9511
75.4169
75.7968
76.0082
75.9991
75.7495
75.2868
74.687
74.0573
73.5132
73.1488
73.0189
73.1363
73.4849
74.0447
74.7793
75.6467
76.5863
77.5037
78.2709
78.7404
78.7744
78.2995
77.3284
75.976
74.4228
72.8757
71.5297
70.536
69.9888
69.9238
70.2991
70.9906
71.8186
72.572
73.0654
73.1789
72.8841
72.2502
71.4212
70.5697
69.8413
69.3152
69.0079
68.8944
68.9593
69.2081
69.6912
70.4697
71.5674
72.9413
74.4664
75.9656
77.2654
78.2425
78.8656
79.1843
79.2934
79.2892
79.2335
79.1347
78.9578
78.6392
78.1273
77.4182
76.5591
75.6481
74.8172
74.1903
73.8532
73.8255
74.0598
74.4573
74.8969
75.2652
75.4825
75.5098
75.3473
75.0354
74.635
74.2195
73.8444
73.5379
73.2865
73.0526
72.794
72.4727
72.0654
71.5647
70.9861
70.3913
69.8789
69.5809
69.6247
70.0947
71.0011
72.2576
73.6871
75.0591
76.1387
76.7362
76.7485
76.178
75.1215
73.7517
72.2835
70.9364
69.8921
69.2764
69.1582
69.5431
70.3943
71.6356
73.1609
74.8415
76.5381
78.1167
79.4368
80.3779
80.8491
80.797
80.2294
79.2166
77.8987
76.4709
75.1507
74.1231
73.4853
73.2265
73.224
73.2782
73.1966
72.8431
72.1702
71.231
70.1581
69.128
68.3158
67.8497
67.7921
68.1325
68.8039
69.7117
70.7707
71.919
73.1143
74.3244
75.498
76.555
77.3736
77.8159
77.7724
77.2137
76.2125
74.9546
73.6971
72.6896
72.0951
71.948
72.1705
72.6326
73.2047
73.7928
74.3455
74.8512
75.31
75.7299
76.0995
76.3918
76.5789
76.6475
76.6131
76.5134
76.4001
76.3064
76.2271
76.1246
75.9244
75.5462
74.9383
74.1052
73.1272
72.1536
71.3746
70.9556
70.9806
71.4306
72.2011
73.1485
74.1211
74.9814
75.6234
75.9732
76.0011
75.7214
75.198
74.5367
73.8652
73.322
73.0315
73.0789
73.4796
74.1623
74.9951
75.8313
76.5593
77.1158
77.4517
77.5086
77.2178
76.564
75.6188
74.5308
73.485
72.6478
72.1243
71.9401
72.0416
72.3197
72.6338
72.846
72.8529
72.6201
72.1893
71.6783
71.2434
71.0288
71.1115
71.4856
72.0717
72.7582
73.4344
74.0404
74.5735
75.0848
75.654
76.3464
77.1688
78.0398
78.7945
79.2371
79.2087
78.6291
77.5142
75.9623
74.1322
72.215
70.4161
68.9272
67.902
67.4289
67.5073
68.0472
68.8959
69.8764
70.8276
71.6307
72.22
72.5768
72.7251
72.7169
72.6408
72.6067
72.7224
73.0761
73.7042
74.5731
75.5941
76.6581
77.6624
78.5306
79.2112
79.6661
79.8375
79.6538
79.0453
77.9931
76.5771
74.9866
73.474
72.2703
71.5075
71.178
71.1767
71.3688
71.6662
72.076
72.6762
73.5399
74.689
76.0432
77.4288
78.6316
79.4573
79.7823
79.5814
78.9159
77.9126
76.7307
75.5327
74.453
73.5814
72.9566
72.5804
72.4238
72.4549
72.6583
73.0329
73.5754
74.2497
74.9553
75.546
75.8559
75.7566
75.1887
74.1746
72.8015
71.2083
69.5598
68.022
66.7532
65.885
65.4978
65.6186
66.2162
67.2254
68.5602
70.1426
71.8996
73.7581
75.6282
77.3967
78.9312
80.098
80.7843
80.9189
80.4869
79.54
78.1792
76.5325
74.7437
72.9611
71.3203
69.9472
68.9515
68.4112
68.3684
68.8182
69.6906
70.8629
72.1598
73.389
74.3609
74.9161
74.9517
74.437
73.4317
72.0979
70.6843
69.5009
68.8555
68.9813
69.9523
71.6439
73.7605
75.9306
77.8176
79.1926
79.9591
80.1297
79.7966
79.1007
78.2017
77.2728
76.4729
75.9254
75.6918
75.7755
76.148
76.794
77.7028
78.8309
80.0512
81.1366
81.8022
81.8125
81.0591
79.6099
77.7008
75.6808
73.9327
72.7757
72.3824
72.7419
73.6908
74.9757
76.336
77.5311
78.3651
78.6953
78.4304
77.5412
76.0739
74.1481
71.9448
69.6709
67.5438
65.7483
64.4186
63.6293
63.3963
63.6834
64.4179
65.4995
66.8126
68.2449
69.6992
71.0917
72.3496
73.4152
74.2363
74.7781
75.0445
75.0695
74.9179
74.6738
74.42
74.2267
74.1443
74.2014
74.3923
74.672
74.967
75.1982
75.3028
75.2481
75.0248
74.6608
74.211
73.7578
73.4136
73.3041
73.5396
74.188
75.2444
76.6053
78.0886
79.4603
80.4976
81.0445
81.0398
80.5257
79.6388
78.5722
77.5421
76.7473
76.3216
76.3139
76.6841
77.3019
77.9962
78.5843
78.8941
78.7884
78.1868
77.0766
75.5278
73.6681
71.6423
69.6023
67.6874
66.0206
64.7017
63.8022
95.1667
93.7912
91.9404
89.7342
87.3899
85.1959
83.4392
82.3363
82.0056
82.465
83.6588
85.4739
87.7356
90.2065
92.618
94.7151
96.3063
97.2968
97.6857
97.5437
96.9675
96.0662
94.9447
93.7092
92.5192
91.6127
91.2493
91.5453
92.3322
93.2258
93.8665
94.0748
93.8808
93.4436
92.9765
92.6658
92.6224
92.8441
93.2172
93.5517
93.6565
93.3877
92.6753
91.5241
89.9984
88.1927
86.2285
84.2589
82.474
81.0934
80.3636
80.5016
81.6291
83.7241
86.6058
89.9788
93.495
96.8205
99.6697
101.835
103.178
103.629
103.199
102.002
100.258
98.2337
96.1953
94.3419
92.7805
91.5258
90.5172
89.6649
88.8927
88.1536
87.4179
86.6632
85.8901
85.1345
84.4645
83.9395
83.5779
83.3448
83.1752
83.0134
82.8304
82.6335
82.4586
82.3531
82.375
82.6039
83.1422
84.0986
85.573
87.6361
90.2984
93.4741
96.9643
100.461
103.594
106.001
107.392
107.587
106.537
104.339
101.276
97.8142
94.586
92.2045
91.013
90.9574
91.6447
92.5604
93.2496
93.3914
92.8178
91.4906
89.506
87.0669
84.476
82.1093
80.3658
79.5632
79.8567
81.2162
83.4767
86.4029
89.7227
93.1243
96.2787
98.8812
100.69
101.568
101.498
100.584
99.032
97.1139
95.124
93.3137
91.84
90.7359
89.9182
89.2458
88.5741
87.8171
86.9661
86.0976
85.3524
84.8921
84.8469
85.2761
86.1407
87.3221
88.6508
89.9349
91.0168
91.8101
92.3233
92.6587
92.991
93.4907
94.2426
95.1988
96.1922
96.9949
97.3982
97.2623
96.5508
95.3311
93.7457
91.9879
90.3
88.9516
88.1644
88.0272
88.4622
89.2707
90.2265
91.1341
91.852
92.2845
92.3568
92.0344
91.3388
90.3708
89.3161
88.4154
87.9145
87.994
88.6993
89.9342
91.5013
93.163
94.7161
96.0177
96.9796
97.5431
97.6912
97.4464
96.8761
96.0717
95.11
94.0311
92.8229
91.4509
89.9232
88.3585
86.9825
86.0417
85.6958
85.9783
86.8029
87.9956
89.3418
90.6295
91.6898
92.4256
92.8194
92.8968
92.7083
92.3251
91.8249
91.3075
90.8893
90.6874
90.779
91.1711
91.7775
92.4271
92.9146
93.0685
92.8073
92.1671
91.2894
90.3589
89.5383
88.9217
88.5139
88.2512
88.059
87.9059
87.8384
87.9532
88.3214
88.9309
89.6694
90.3913
90.9906
91.4315
91.7393
91.964
92.1474
92.3003
92.41
92.4764
92.5301
92.6415
92.8997
93.3764
94.0893
94.9856
95.9523
96.8463
97.5186
97.8449
97.7566
97.27
96.4708
95.4833
94.4133
93.2883
92.0515
90.6057
88.873
86.8503
84.6305
82.4058
80.4339
78.9959
78.3291
78.5762
79.7581
81.7638
84.3736
87.3003
90.2328
92.8723
94.9843
96.4287
97.1868
97.3392
97.0601
96.5618
96.0446
95.657
95.4714
95.4579
95.5204
95.5514
95.4795
95.3047
95.0807
94.8809
94.7664
94.7786
94.9362
95.232
95.6112
95.9681
96.1647
96.0497
95.4852
94.3888
92.7522
90.6499
88.2276
85.6798
83.2294
81.0944
79.4656
78.4804
78.2065
78.6251
79.6249
81.0267
82.6216
84.228
85.7273
87.0863
88.3387
89.5516
90.7859
92.0589
93.3306
94.5137
95.5032
96.191
96.4752
96.2706
95.5196
94.2269
92.4836
90.4948
88.5603
87.012
86.1179
86.0002
86.5995
87.7068
89.0246
90.2671
91.2303
91.8127
91.9907
91.7852
91.2355
90.4047
89.4098
88.4461
87.7496
87.5413
87.954
89.0083
90.6223
92.6244
94.7836
96.8441
98.5592
99.7431
100.302
100.249
99.6808
98.7385
97.5684
96.319
95.154
94.2454
93.7413
93.7234
94.1821
95.0181
96.0685
97.1192
97.935
98.3066
98.0976
97.287
95.9623
94.2685
92.3471
90.2874
88.1137
85.829
83.4857
81.2573
79.4486
78.398
78.2822
79.0017
80.2602
81.7187
83.0929
84.1686
84.7983
84.9265
84.6097
84.0364
83.4669
83.1932
83.4618
84.4242
86.0953
88.3311
90.8807
93.4544
95.8002
97.7479
99.2214
100.227
100.823
101.077
101.03
100.664
99.9188
98.7429
97.1501
95.2774
93.3572
91.6382
90.3004
89.3961
88.8472
88.5182
88.2866
88.0854
87.895
87.7163
87.5522
87.4045
87.2961
87.2714
87.388
87.7066
88.2836
89.1449
90.2843
91.6484
93.1183
94.5248
95.6679
96.3689
96.523
96.1189
95.2272
93.9558
92.423
90.7432
89.0401
87.4654
86.2069
85.4571
85.3248
85.7847
86.6481
87.6337
88.4574
88.9146
88.9172
88.4909
87.7583
86.9124
86.1813
85.7695
85.7874
86.1968
86.8316
87.4691
87.9284
88.1215
88.071
87.8782
87.6769
87.5952
87.7164
88.0724
88.6521
89.4204
90.3592
91.4662
92.7469
94.1515
95.5541
96.7691
97.6049
97.9209
97.6493
96.8131
95.5325
93.997
92.4336
91.0474
89.9699
89.2363
88.8111
88.6405
88.7041
89.0423
89.7479
90.9015
92.5151
94.4948
96.6559
98.7712
100.606
101.961
102.696
102.729
102.03
100.608
98.5018
95.8031
92.6727
89.343
86.0846
83.1625
80.7819
79.0537
78.0021
77.5994
77.8195
78.6403
80.0086
81.7882
83.7578
85.6409
87.1787
88.198
88.6407
88.5802
88.2333
87.9239
87.98
88.6132
89.8326
91.4508
93.1763
94.7144
95.8548
96.4956
96.6194
96.2687
95.5211
94.4818
93.2795
92.0709
91.004
90.2089
89.7681
89.7083
90
90.593
91.4402
92.4986
93.7287
95.0844
96.4937
97.8429
98.9787
99.7244
99.9311
99.525
98.5383
97.1136
95.4523
93.7844
92.3289
91.2689
90.7233
90.7217
91.1706
91.8704
92.5765
93.0629
93.1907
92.939
92.3866
91.6673
90.9096
90.173
89.4391
88.6236
87.6294
86.3972
84.9558
83.4451
82.0968
81.1842
80.9406
81.4712
82.6919
84.3704
86.2185
88.007
89.6094
91.0071
92.2189
93.242
94.0345
94.5366
94.7171
94.5918
94.2257
93.7193
93.1706
92.6677
92.2765
92.0481
92.0425
92.3156
92.9209
93.8761
95.1318
96.5696
98.0091
99.2405
100.077
100.373
100.047
99.0861
97.5447
95.5255
93.1826
90.6952
88.2485
86.0092
84.1102
82.6567
81.735
81.3994
81.6688
82.5009
83.7799
85.3178
86.8874
88.2673
89.28
89.8237
89.878
89.5086
88.8615
88.1385
87.5577
87.3127
87.5359
88.297
89.6025
91.3671
93.4102
95.4949
97.404
98.969
100.084
100.688
100.749
100.256
99.2253
97.7112
95.8376
93.7883
91.775
89.9324
88.2726
86.7178
85.1995
83.7372
82.4546
81.5256
81.1002
81.2412
81.915
83.0278
84.4706
86.1349
87.9145
89.7015
91.3894
92.8844
94.1223
95.0903
95.835
96.4408
97.0014
97.5717
98.1257
98.556
98.7135
98.457
97.6899
96.4023
94.6686
92.6274
90.4679
88.4115
86.6731
85.4105
84.7051
84.5801
85.024
85.9996
87.4763
89.4343
91.8278
94.5271
97.2991
99.8308
101.771
102.799
102.713
101.454
99.1137
95.9191
92.2222
88.471
85.1318
82.5812
81.015
80.4316
80.6796
81.5461
82.8288
84.3641
86.0315
87.7471
89.4524
91.0972
92.6315
93.9959
95.1328
95.9864
96.4968
96.6131
96.3151
95.6099
94.5447
93.2006
91.6821
90.1004
88.5538
87.1361
85.9476
85.1245
84.8361
85.2129
86.2766
87.8898
89.7979
91.7085
93.382
94.6825
95.5785
96.1159
96.3732
96.4085
96.2385
95.8348
95.16
94.2038
93.0117
91.7011
90.4481
89.4494
88.8819
88.8795
89.5051
90.7283
92.4227
94.3954
96.4254
98.2772
99.7249
100.571
100.682
100.041
98.7748
97.1529
95.52
94.1592
93.1857
92.5072
91.9414
91.3625
90.7631
90.243
89.9305
89.9058
90.1526
90.5547
90.9489
91.1773
91.1146
90.6833
89.8606
88.688
87.2524
85.6817
84.1325
82.748
81.6314
80.8345
80.3624
80.1947
80.3087
80.6863
81.3368
82.3015
83.6379
85.3827
87.5089
89.8908
92.3383
94.6371
96.593
98.0668
98.9879
99.3522
99.1993
98.5923
97.6076
96.3226
94.8056
93.12
91.3213
89.4757
87.6729
86.0258
84.6727
83.7519
83.3755
83.6011
84.4202
85.7632
87.5335
89.62
91.8866
94.161
96.2277
97.8622
98.8961
99.2752
99.0646
98.4273
97.5559
96.615
95.7211
94.9554
94.34
93.8433
93.3594
92.7571
91.9253
90.8279
89.5243
88.1582
86.9122
85.9653
85.4602
85.4761
86.0303
87.0569
88.4118
89.8826
91.2262
92.2203
92.7044
92.616
92.0214
91.1158
90.1854
89.5144
89.2911
89.54
90.1503
90.935
91.7032
92.3128
92.6967
92.8618
92.8995
92.9504
93.1668
93.6459
94.3873
95.3059
96.2652
97.1147
97.7361
98.0627
98.0692
97.765
97.1888
96.4032
95.4685
94.4335
93.2972
92.0346
90.6354
89.1592
87.7537
86.6303
85.9761
85.8782
86.2933
87.0961
88.1342
89.2783
90.4234
91.4679
92.2996
92.8116
92.9298
92.632
91.9663
91.058
90.0878
89.2532
88.6872
88.4141
88.3577
88.3871
88.3745
88.2392
87.9737
87.6311
87.3141
87.1498
87.2319
87.5945
88.1963
88.9391
89.7117
90.4339
91.0663
91.6182
92.1047
92.506
92.752
92.7596
92.4644
91.8453
90.9413
89.8524
88.7533
87.8768
87.4464
87.6035
88.3597
89.5897
91.0787
92.5797
93.8645
94.7584
95.1815
95.149
94.7649
94.1879
93.5785
93.0651
92.7126
92.5216
92.4539
92.4535
92.4663
92.4539
92.4204
92.4165
92.521
92.7884
93.2193
93.7403
94.2157
94.4655
94.3289
93.71
92.5968
91.0824
89.3692
87.7296
86.4495
85.7447
85.7176
86.3353
87.4567
88.8694
90.3236
91.5726
92.3861
92.5852
92.0887
90.9606
89.4215
87.7942
