1.82521e-23
1.77145e-23
1.68112e-23
1.55725e-23
1.40455e-23
1.2304e-23
1.04526e-23
8.62228e-24
6.95862e-24
5.59977e-24
4.65031e-24
4.15914e-24
4.11205e-24
4.43971e-24
5.0369e-24
5.78536e-24
6.57349e-24
7.3094e-24
7.92613e-24
8.38394e-24
8.66862e-24
8.78799e-24
8.76772e-24
8.64794e-24
8.47521e-24
8.29895e-24
8.16386e-24
8.10498e-24
8.14348e-24
8.28469e-24
8.51952e-24
8.82688e-24
9.17926e-24
9.54725e-24
9.90544e-24
1.02344e-23
1.05221e-23
1.07635e-23
1.09572e-23
1.11027e-23
1.11973e-23
1.1237e-23
1.12166e-23
1.11313e-23
1.09776e-23
1.07562e-23
1.04727e-23
1.01399e-23
9.77544e-24
9.40076e-24
9.03985e-24
8.71744e-24
8.45603e-24
8.27186e-24
8.17446e-24
8.16452e-24
8.23429e-24
8.37029e-24
8.55438e-24
8.766e-24
8.98387e-24
9.1888e-24
9.36608e-24
9.50604e-24
9.60476e-24
9.66181e-24
9.67936e-24
9.66264e-24
9.61929e-24
9.55865e-24
9.49232e-24
9.43351e-24
9.39445e-24
9.38345e-24
9.40468e-24
9.45912e-24
9.54332e-24
9.65097e-24
9.77416e-24
9.90288e-24
1.0025e-23
1.01281e-23
1.02012e-23
1.02372e-23
1.02343e-23
1.01952e-23
1.01268e-23
1.00381e-23
9.93723e-24
9.83201e-24
9.72705e-24
9.62289e-24
9.51879e-24
9.41034e-24
9.29098e-24
9.15513e-24
8.99949e-24
8.82429e-24
8.63547e-24
8.44506e-24
8.26992e-24
8.12932e-24
8.0412e-24
8.01722e-24
8.06024e-24
8.16434e-24
8.31756e-24
8.50587e-24
8.71806e-24
8.94815e-24
9.19428e-24
9.45679e-24
9.73379e-24
1.00177e-23
1.02946e-23
1.05461e-23
1.07524e-23
1.08982e-23
1.09732e-23
1.09733e-23
1.09014e-23
1.07656e-23
1.05786e-23
1.03552e-23
1.01115e-23
9.86436e-24
9.62783e-24
9.41495e-24
9.23663e-24
9.10052e-24
9.00962e-24
8.96059e-24
8.94652e-24
8.95664e-24
8.97891e-24
9.00201e-24
9.0173e-24
9.0195e-24
9.00722e-24
8.98331e-24
8.95403e-24
8.92775e-24
8.91381e-24
8.92022e-24
8.95235e-24
9.01143e-24
9.09291e-24
9.18697e-24
9.28003e-24
9.35647e-24
9.40182e-24
9.40609e-24
9.36621e-24
9.28647e-24
9.17667e-24
9.05055e-24
8.92258e-24
8.80685e-24
8.7164e-24
8.66275e-24
8.65636e-24
8.70715e-24
8.82201e-24
9.00351e-24
9.24751e-24
9.54067e-24
9.86226e-24
1.01875e-23
1.04903e-23
1.07457e-23
1.09331e-23
1.1039e-23
1.1058e-23
1.09919e-23
1.08498e-23
1.0645e-23
1.03954e-23
1.01196e-23
9.83576e-24
9.55957e-24
9.30315e-24
9.07624e-24
8.88479e-24
8.73263e-24
8.62173e-24
8.55119e-24
8.51763e-24
8.51544e-24
8.53575e-24
8.56644e-24
8.59328e-24
8.60351e-24
8.58819e-24
8.54569e-24
8.484e-24
8.41873e-24
8.37077e-24
8.36168e-24
8.41134e-24
8.53465e-24
8.7392e-24
9.02361e-24
9.37632e-24
9.77629e-24
1.01962e-23
1.06062e-23
1.09781e-23
1.12898e-23
1.15256e-23
1.16764e-23
1.17383e-23
1.17119e-23
1.15997e-23
1.14061e-23
1.11372e-23
1.08029e-23
1.04168e-23
9.99697e-24
9.56402e-24
9.13766e-24
8.73602e-24
8.37252e-24
8.05748e-24
7.79875e-24
7.60392e-24
7.48046e-24
7.43372e-24
7.46579e-24
7.57354e-24
7.74837e-24
7.97814e-24
8.24925e-24
8.54867e-24
8.86366e-24
9.18159e-24
9.48971e-24
9.77389e-24
1.00193e-23
1.02117e-23
1.03397e-23
1.03971e-23
1.03836e-23
1.03049e-23
1.01713e-23
9.9978e-24
9.80301e-24
9.60507e-24
9.42017e-24
9.26212e-24
9.14066e-24
9.06144e-24
9.02524e-24
9.02916e-24
9.06603e-24
9.12534e-24
9.19514e-24
9.26412e-24
9.32238e-24
9.36268e-24
9.38286e-24
9.38653e-24
9.38187e-24
9.38157e-24
9.39649e-24
9.43297e-24
9.49062e-24
9.56329e-24
9.64041e-24
9.70952e-24
9.76024e-24
9.78855e-24
9.7966e-24
9.79462e-24
9.79518e-24
9.8103e-24
9.84887e-24
9.91413e-24
1.00029e-23
1.01068e-23
1.02141e-23
1.0311e-23
1.03828e-23
1.04141e-23
1.03893e-23
1.02943e-23
1.01177e-23
9.85606e-24
9.51845e-24
9.12938e-24
8.72933e-24
8.36912e-24
8.0981e-24
7.9495e-24
7.93262e-24
8.03441e-24
8.22868e-24
8.48579e-24
8.77738e-24
9.07763e-24
9.36249e-24
9.61043e-24
9.80469e-24
9.93491e-24
9.99631e-24
9.99104e-24
9.92567e-24
9.81199e-24
9.66431e-24
9.49819e-24
9.32796e-24
9.16654e-24
9.02566e-24
8.91567e-24
8.84504e-24
8.82109e-24
8.84811e-24
8.92537e-24
9.04689e-24
9.20008e-24
9.36713e-24
9.52913e-24
9.66837e-24
9.77103e-24
9.8301e-24
9.84448e-24
9.81784e-24
9.75765e-24
9.67318e-24
9.57476e-24
9.47171e-24
9.3741e-24
9.2933e-24
9.23832e-24
9.21451e-24
9.22158e-24
9.25308e-24
9.29942e-24
9.35013e-24
9.39623e-24
9.43293e-24
9.4617e-24
9.4874e-24
9.51612e-24
9.55451e-24
9.60673e-24
9.67327e-24
9.75085e-24
9.83243e-24
9.9081e-24
9.96566e-24
9.99489e-24
9.98852e-24
9.94298e-24
9.85916e-24
9.74247e-24
9.60153e-24
9.44656e-24
9.28991e-24
9.14346e-24
9.01925e-24
8.92584e-24
8.86701e-24
8.84179e-24
8.84335e-24
8.86208e-24
8.88795e-24
8.91298e-24
8.93254e-24
8.94389e-24
8.94652e-24
8.94251e-24
8.93547e-24
8.93148e-24
8.93763e-24
8.96235e-24
9.01387e-24
9.09683e-24
9.21167e-24
9.35394e-24
9.51527e-24
9.68646e-24
9.85864e-24
1.00237e-23
1.01736e-23
1.03005e-23
1.03962e-23
1.04541e-23
1.0467e-23
1.04311e-23
1.03464e-23
1.02178e-23
1.00543e-23
9.86889e-24
9.67505e-24
9.48638e-24
9.31452e-24
9.16907e-24
9.05688e-24
8.98117e-24
8.94125e-24
8.93306e-24
8.9491e-24
8.97897e-24
9.01277e-24
9.03993e-24
9.05243e-24
9.04402e-24
9.01094e-24
8.95121e-24
8.86484e-24
8.75603e-24
8.63246e-24
8.50593e-24
8.392e-24
8.30894e-24
8.27457e-24
8.304e-24
8.40524e-24
8.5783e-24
8.81466e-24
9.09861e-24
9.40923e-24
9.72372e-24
1.00202e-23
1.028e-23
1.04898e-23
1.06406e-23
1.07272e-23
1.07495e-23
1.07106e-23
1.06176e-23
1.04799e-23
1.03097e-23
1.01201e-23
9.9251e-24
9.73866e-24
9.57379e-24
9.44131e-24
9.34869e-24
9.29877e-24
9.28878e-24
9.31272e-24
9.36369e-24
9.43397e-24
9.5158e-24
9.59947e-24
9.67542e-24
9.73229e-24
9.76069e-24
9.75212e-24
9.70177e-24
9.60917e-24
9.47768e-24
9.31498e-24
9.13208e-24
8.94246e-24
8.7605e-24
8.60044e-24
8.4747e-24
8.39259e-24
8.35884e-24
8.3719e-24
8.42504e-24
8.50786e-24
8.60896e-24
8.71772e-24
8.82685e-24
8.93261e-24
9.03471e-24
9.13376e-24
9.22865e-24
9.31914e-24
9.40562e-24
9.49089e-24
9.57878e-24
9.6736e-24
9.77607e-24
9.88379e-24
9.99173e-24
1.00926e-23
1.01802e-23
1.02495e-23
1.02974e-23
1.0322e-23
1.03218e-23
1.02949e-23
1.02392e-23
1.0153e-23
1.00378e-23
9.89928e-24
9.74607e-24
9.59121e-24
9.44966e-24
9.33379e-24
9.25382e-24
9.21451e-24
9.21529e-24
9.25104e-24
9.31267e-24
9.38862e-24
9.46588e-24
9.53266e-24
9.58034e-24
9.60471e-24
9.60646e-24
9.59079e-24
9.56603e-24
9.54037e-24
9.51985e-24
9.50614e-24
9.49783e-24
9.49106e-24
9.48326e-24
9.47282e-24
9.46107e-24
9.44908e-24
9.4372e-24
9.4243e-24
9.40801e-24
9.38585e-24
9.35726e-24
9.32309e-24
9.28461e-24
9.24373e-24
9.20067e-24
9.15366e-24
9.10081e-24
9.04044e-24
8.97324e-24
8.90375e-24
8.83918e-24
8.78769e-24
8.75675e-24
8.75189e-24
8.77694e-24
8.83418e-24
8.92402e-24
9.04404e-24
9.18885e-24
9.34994e-24
9.51649e-24
9.67555e-24
9.81432e-24
9.92122e-24
9.98644e-24
1.00034e-23
9.96959e-24
9.88794e-24
9.76821e-24
9.62601e-24
9.48133e-24
9.35434e-24
9.26262e-24
9.21615e-24
9.2148e-24
9.2499e-24
9.30891e-24
9.37706e-24
9.44088e-24
9.49063e-24
9.52137e-24
9.5305e-24
9.51875e-24
9.48836e-24
9.44293e-24
9.38548e-24
9.3183e-24
9.24281e-24
9.1605e-24
9.07455e-24
8.98754e-24
8.90514e-24
8.83404e-24
8.78205e-24
8.75817e-24
8.77116e-24
8.83033e-24
8.94319e-24
9.11327e-24
9.33563e-24
9.59601e-24
9.87086e-24
1.0131e-23
1.03489e-23
1.0504e-23
1.05882e-23
1.06059e-23
1.05702e-23
1.04979e-23
1.04054e-23
1.03049e-23
1.02017e-23
1.00957e-23
9.98332e-24
9.86148e-24
9.72972e-24
9.59151e-24
9.45526e-24
9.33074e-24
9.22693e-24
9.14938e-24
9.09784e-24
9.06605e-24
9.04392e-24
9.0185e-24
8.97818e-24
8.91453e-24
8.82438e-24
8.71063e-24
8.58313e-24
8.45895e-24
8.35928e-24
8.30733e-24
8.32334e-24
8.42059e-24
8.60104e-24
8.85395e-24
9.15649e-24
9.47925e-24
9.79311e-24
1.00745e-23
1.03048e-23
1.04718e-23
1.05674e-23
1.05869e-23
1.05294e-23
1.03988e-23
1.02057e-23
9.96771e-24
9.70725e-24
9.44949e-24
9.21787e-24
9.03091e-24
8.89855e-24
8.82255e-24
8.79723e-24
8.81226e-24
8.85786e-24
8.92693e-24
9.01436e-24
9.11544e-24
9.22386e-24
9.32996e-24
9.42271e-24
9.49146e-24
9.52911e-24
9.53366e-24
9.50955e-24
9.46541e-24
9.41327e-24
9.36572e-24
9.33399e-24
9.32692e-24
9.34884e-24
9.40068e-24
9.47966e-24
9.5799e-24
9.69194e-24
9.80409e-24
9.90337e-24
9.97768e-24
1.00162e-23
1.00102e-23
9.9551e-24
9.84972e-24
9.69512e-24
9.49602e-24
9.261e-24
9.00244e-24
8.73686e-24
8.48395e-24
8.26586e-24
8.10458e-24
8.01879e-24
8.02163e-24
8.11751e-24
8.30092e-24
8.55759e-24
8.86641e-24
9.2014e-24
9.53569e-24
9.84372e-24
1.01043e-23
1.03012e-23
1.04257e-23
1.04779e-23
1.04637e-23
1.03949e-23
1.02852e-23
1.01487e-23
9.99914e-24
9.84646e-24
9.69743e-24
9.55568e-24
9.42186e-24
9.29443e-24
9.17218e-24
9.05696e-24
8.95607e-24
8.87912e-24
8.8363e-24
8.83377e-24
8.87036e-24
8.93925e-24
9.02961e-24
9.12897e-24
9.22524e-24
9.30839e-24
9.37044e-24
9.40717e-24
9.41723e-24
9.40237e-24
9.36672e-24
9.3176e-24
9.26217e-24
9.2099e-24
9.17082e-24
9.15421e-24
9.16688e-24
9.21215e-24
9.28934e-24
9.39376e-24
9.51725e-24
9.64864e-24
9.77498e-24
9.88276e-24
9.9602e-24
9.99827e-24
9.99118e-24
9.93852e-24
9.84479e-24
9.71957e-24
9.57507e-24
9.42357e-24
9.27736e-24
9.14598e-24
9.0377e-24
8.96002e-24
8.91897e-24
8.91742e-24
8.9547e-24
9.02407e-24
9.11628e-24
9.21992e-24
9.3244e-24
9.42108e-24
9.50433e-24
9.57274e-24
9.62809e-24
9.67251e-24
9.70774e-24
9.73465e-24
9.75161e-24
9.75574e-24
9.74207e-24
9.70568e-24
9.64262e-24
9.55121e-24
9.43189e-24
9.2893e-24
9.13228e-24
8.97538e-24
8.83625e-24
8.73369e-24
8.68499e-24
8.70404e-24
8.79645e-24
8.95964e-24
9.18284e-24
9.4472e-24
9.72972e-24
1.00063e-23
1.02529e-23
1.04485e-23
1.05761e-23
1.06234e-23
1.05839e-23
1.04574e-23
1.02516e-23
9.98159e-24
9.6685e-24
9.33951e-24
9.02494e-24
8.75404e-24
8.55144e-24
8.4336e-24
8.40653e-24
8.46555e-24
8.59641e-24
8.77852e-24
8.98915e-24
9.20614e-24
9.41144e-24
9.59264e-24
9.7429e-24
9.86028e-24
9.94573e-24
1.0002e-23
1.00322e-23
1.00381e-23
1.0022e-23
9.98593e-24
9.93173e-24
9.86103e-24
9.77501e-24
9.67569e-24
9.56621e-24
9.45206e-24
9.34097e-24
9.24268e-24
9.16723e-24
9.123e-24
9.1159e-24
9.14829e-24
9.21868e-24
9.32245e-24
9.45092e-24
9.59339e-24
9.73626e-24
9.86506e-24
9.96407e-24
1.00199e-23
1.0021e-23
9.96112e-24
9.83999e-24
9.6639e-24
9.44526e-24
9.20089e-24
8.95104e-24
8.7172e-24
8.51916e-24
8.37252e-24
8.28615e-24
8.2623e-24
8.29821e-24
8.38769e-24
8.52366e-24
8.69856e-24
8.90467e-24
9.13348e-24
9.37457e-24
9.61448e-24
9.83791e-24
1.00287e-23
1.01729e-23
1.02606e-23
1.02872e-23
1.02541e-23
1.01686e-23
1.00424e-23
9.89071e-24
9.73134e-24
9.5809e-24
9.45398e-24
9.35948e-24
9.30258e-24
9.28387e-24
9.29961e-24
9.34349e-24
9.40717e-24
9.48211e-24
9.55878e-24
9.62906e-24
9.68599e-24
9.72139e-24
9.72871e-24
9.70332e-24
9.64339e-24
9.54893e-24
9.42252e-24
9.27009e-24
9.09982e-24
8.92304e-24
8.75424e-24
8.60961e-24
8.50623e-24
8.45865e-24
8.47598e-24
8.56037e-24
8.70487e-24
8.89458e-24
9.11033e-24
9.3318e-24
9.53967e-24
9.71819e-24
9.85568e-24
9.94335e-24
9.97585e-24
9.9511e-24
9.87096e-24
9.74176e-24
9.57415e-24
9.38296e-24
9.18684e-24
9.0063e-24
8.85977e-24
8.76096e-24
8.71643e-24
8.72741e-24
8.79035e-24
8.89951e-24
9.04916e-24
9.23212e-24
9.44128e-24
9.66685e-24
9.8975e-24
1.01206e-23
1.03239e-23
1.04971e-23
1.0631e-23
1.07176e-23
1.07497e-23
1.07201e-23
1.06252e-23
1.04647e-23
1.02451e-23
9.97931e-24
9.68702e-24
9.39257e-24
9.12446e-24
8.91027e-24
8.77191e-24
8.7204e-24
8.75096e-24
8.84388e-24
8.96819e-24
9.09018e-24
9.17954e-24
9.2164e-24
9.1958e-24
9.12718e-24
9.03174e-24
8.93752e-24
8.87089e-24
8.85205e-24
8.89108e-24
8.98792e-24
9.13407e-24
9.31453e-24
9.51104e-24
9.70454e-24
9.87607e-24
1.00105e-23
1.00957e-23
1.01244e-23
1.0096e-23
1.00157e-23
9.89409e-24
9.74415e-24
9.58114e-24
9.41885e-24
9.268e-24
9.1362e-24
9.02692e-24
8.94114e-24
8.87914e-24
8.84251e-24
8.83417e-24
8.85718e-24
8.91309e-24
9.00077e-24
9.11623e-24
9.25364e-24
9.40611e-24
9.56704e-24
9.72849e-24
9.88182e-24
1.00154e-23
1.01178e-23
1.01782e-23
1.0189e-23
1.01481e-23
1.00596e-23
9.93285e-24
9.78072e-24
9.61682e-24
9.45225e-24
9.29585e-24
9.15524e-24
9.03591e-24
8.94274e-24
8.88002e-24
8.85052e-24
8.85543e-24
8.89316e-24
8.96071e-24
9.05385e-24
9.16834e-24
9.29968e-24
9.44103e-24
9.58216e-24
9.71056e-24
9.8121e-24
9.87373e-24
9.88654e-24
9.84743e-24
9.75849e-24
9.62727e-24
9.4651e-24
9.28683e-24
1.80843e-23
1.75398e-23
1.68338e-23
1.60298e-23
1.52023e-23
1.44267e-23
1.37708e-23
1.3282e-23
1.29825e-23
1.28672e-23
1.29102e-23
1.30712e-23
1.33018e-23
1.35504e-23
1.37688e-23
1.39233e-23
1.39989e-23
1.40028e-23
1.396e-23
1.39006e-23
1.38502e-23
1.38219e-23
1.3817e-23
1.38303e-23
1.38566e-23
1.38926e-23
1.39373e-23
1.3991e-23
1.40532e-23
1.4122e-23
1.41977e-23
1.42849e-23
1.43895e-23
1.45155e-23
1.466e-23
1.48135e-23
1.49594e-23
1.50763e-23
1.5143e-23
1.51409e-23
1.50589e-23
1.48927e-23
1.46463e-23
1.43285e-23
1.39528e-23
1.35369e-23
1.31035e-23
1.26804e-23
1.22997e-23
1.19962e-23
1.18043e-23
1.17526e-23
1.18568e-23
1.21152e-23
1.2506e-23
1.29887e-23
1.35139e-23
1.40365e-23
1.45232e-23
1.49535e-23
1.53143e-23
1.55947e-23
1.57822e-23
1.58665e-23
1.58444e-23
1.57226e-23
1.55184e-23
1.52572e-23
1.49701e-23
1.46895e-23
1.44454e-23
1.42624e-23
1.41583e-23
1.41414e-23
1.42079e-23
1.43406e-23
1.45103e-23
1.46849e-23
1.48359e-23
1.49437e-23
1.49992e-23
1.5001e-23
1.49506e-23
1.48474e-23
1.46927e-23
1.44923e-23
1.42584e-23
1.40087e-23
1.37646e-23
1.35485e-23
1.33783e-23
1.32677e-23
1.32267e-23
1.32596e-23
1.33649e-23
1.35355e-23
1.37579e-23
1.40122e-23
1.4274e-23
1.45179e-23
1.47208e-23
1.48647e-23
1.49407e-23
1.49496e-23
1.49014e-23
1.48126e-23
1.47038e-23
1.45976e-23
1.45112e-23
1.4454e-23
1.44272e-23
1.44253e-23
1.44387e-23
1.44571e-23
1.44695e-23
1.44639e-23
1.4428e-23
1.4352e-23
1.42321e-23
1.40724e-23
1.38861e-23
1.36941e-23
1.35211e-23
1.33889e-23
1.33117e-23
1.32917e-23
1.33198e-23
1.33775e-23
1.34429e-23
1.34965e-23
1.35231e-23
1.3516e-23
1.34773e-23
1.34153e-23
1.33434e-23
1.32755e-23
1.32218e-23
1.31864e-23
1.31649e-23
1.31491e-23
1.31316e-23
1.31134e-23
1.31051e-23
1.31233e-23
1.31812e-23
1.32851e-23
1.34316e-23
1.36147e-23
1.38312e-23
1.40785e-23
1.43515e-23
1.46396e-23
1.49249e-23
1.51863e-23
1.54018e-23
1.55503e-23
1.56142e-23
1.55794e-23
1.54416e-23
1.52116e-23
1.49144e-23
1.45887e-23
1.42801e-23
1.40295e-23
1.38659e-23
1.38025e-23
1.38356e-23
1.39457e-23
1.41043e-23
1.42797e-23
1.44436e-23
1.45726e-23
1.46496e-23
1.46616e-23
1.46015e-23
1.44723e-23
1.4287e-23
1.40719e-23
1.38607e-23
1.36852e-23
1.35646e-23
1.35025e-23
1.34894e-23
1.35129e-23
1.3562e-23
1.36282e-23
1.37054e-23
1.3789e-23
1.38772e-23
1.39729e-23
1.40831e-23
1.42147e-23
1.43695e-23
1.45439e-23
1.47262e-23
1.49001e-23
1.50481e-23
1.51565e-23
1.52171e-23
1.52295e-23
1.52026e-23
1.5153e-23
1.51025e-23
1.50728e-23
1.50793e-23
1.51252e-23
1.52037e-23
1.53002e-23
1.53944e-23
1.54663e-23
1.54954e-23
1.54631e-23
1.53574e-23
1.51727e-23
1.49114e-23
1.45817e-23
1.41969e-23
1.37769e-23
1.33489e-23
1.29503e-23
1.26237e-23
1.24082e-23
1.23272e-23
1.23818e-23
1.25508e-23
1.28003e-23
1.30944e-23
1.34037e-23
1.37073e-23
1.39911e-23
1.42447e-23
1.44558e-23
1.46137e-23
1.47115e-23
1.47502e-23
1.47382e-23
1.46914e-23
1.46264e-23
1.45576e-23
1.44932e-23
1.44358e-23
1.43852e-23
1.4342e-23
1.43087e-23
1.42885e-23
1.42822e-23
1.4287e-23
1.42966e-23
1.43045e-23
1.43077e-23
1.4307e-23
1.43066e-23
1.431e-23
1.43181e-23
1.43281e-23
1.43324e-23
1.43224e-23
1.42893e-23
1.42267e-23
1.41337e-23
1.40183e-23
1.3898e-23
1.37955e-23
1.37306e-23
1.37138e-23
1.37454e-23
1.38179e-23
1.39196e-23
1.40405e-23
1.41749e-23
1.4319e-23
1.44684e-23
1.46157e-23
1.47503e-23
1.48607e-23
1.49386e-23
1.4984e-23
1.50061e-23
1.50216e-23
1.50468e-23
1.50916e-23
1.51528e-23
1.52144e-23
1.5254e-23
1.52497e-23
1.51838e-23
1.50466e-23
1.48389e-23
1.45698e-23
1.4255e-23
1.39129e-23
1.35638e-23
1.32286e-23
1.29321e-23
1.27025e-23
1.25684e-23
1.25533e-23
1.26722e-23
1.29275e-23
1.33085e-23
1.37906e-23
1.43316e-23
1.48728e-23
1.53456e-23
1.56814e-23
1.58269e-23
1.57558e-23
1.54774e-23
1.50382e-23
1.45138e-23
1.39928e-23
1.3554e-23
1.3247e-23
1.30872e-23
1.30627e-23
1.31455e-23
1.33008e-23
1.34936e-23
1.36907e-23
1.38637e-23
1.39892e-23
1.405e-23
1.40389e-23
1.39586e-23
1.38239e-23
1.3661e-23
1.35065e-23
1.3401e-23
1.33827e-23
1.34798e-23
1.37037e-23
1.40479e-23
1.44897e-23
1.49916e-23
1.55056e-23
1.59805e-23
1.63667e-23
1.66235e-23
1.67248e-23
1.66606e-23
1.64378e-23
1.60828e-23
1.56364e-23
1.51475e-23
1.46661e-23
1.42348e-23
1.38841e-23
1.36301e-23
1.34774e-23
1.34221e-23
1.34522e-23
1.35512e-23
1.36998e-23
1.38774e-23
1.40633e-23
1.42373e-23
1.43777e-23
1.44663e-23
1.449e-23
1.44437e-23
1.43345e-23
1.41782e-23
1.39964e-23
1.38104e-23
1.36361e-23
1.34823e-23
1.33544e-23
1.32597e-23
1.32099e-23
1.32167e-23
1.3288e-23
1.34181e-23
1.35852e-23
1.3757e-23
1.39028e-23
1.40033e-23
1.40579e-23
1.40784e-23
1.40832e-23
1.40881e-23
1.41006e-23
1.41221e-23
1.41474e-23
1.41715e-23
1.41934e-23
1.4218e-23
1.42553e-23
1.43149e-23
1.44017e-23
1.45125e-23
1.46366e-23
1.476e-23
1.48695e-23
1.49549e-23
1.50106e-23
1.50355e-23
1.50302e-23
1.49983e-23
1.49456e-23
1.4878e-23
1.47978e-23
1.47014e-23
1.45783e-23
1.44206e-23
1.42289e-23
1.4018e-23
1.3818e-23
1.36667e-23
1.35999e-23
1.36367e-23
1.37725e-23
1.39807e-23
1.42224e-23
1.44592e-23
1.4661e-23
1.48078e-23
1.4889e-23
1.48992e-23
1.48378e-23
1.47106e-23
1.4529e-23
1.43109e-23
1.4076e-23
1.3844e-23
1.36318e-23
1.34503e-23
1.33064e-23
1.31997e-23
1.3123e-23
1.30665e-23
1.30303e-23
1.3027e-23
1.30812e-23
1.32157e-23
1.34357e-23
1.37246e-23
1.40511e-23
1.43803e-23
1.46828e-23
1.49392e-23
1.5136e-23
1.52626e-23
1.53141e-23
1.52889e-23
1.51908e-23
1.50275e-23
1.48102e-23
1.45547e-23
1.42807e-23
1.40118e-23
1.37693e-23
1.35688e-23
1.34193e-23
1.33251e-23
1.32889e-23
1.3314e-23
1.34023e-23
1.35521e-23
1.37569e-23
1.4003e-23
1.42701e-23
1.45352e-23
1.47769e-23
1.49804e-23
1.51368e-23
1.5241e-23
1.52916e-23
1.5288e-23
1.52309e-23
1.51232e-23
1.49741e-23
1.47966e-23
1.46087e-23
1.44278e-23
1.42698e-23
1.41443e-23
1.40538e-23
1.39965e-23
1.39673e-23
1.39607e-23
1.39713e-23
1.39907e-23
1.401e-23
1.40204e-23
1.4015e-23
1.39884e-23
1.39371e-23
1.38578e-23
1.3748e-23
1.36087e-23
1.34463e-23
1.32772e-23
1.31292e-23
1.30367e-23
1.30316e-23
1.31295e-23
1.33199e-23
1.35655e-23
1.38181e-23
1.40367e-23
1.42014e-23
1.43151e-23
1.43963e-23
1.447e-23
1.45586e-23
1.46748e-23
1.48164e-23
1.49683e-23
1.5106e-23
1.52028e-23
1.52384e-23
1.52029e-23
1.51e-23
1.49458e-23
1.47655e-23
1.45869e-23
1.44304e-23
1.43046e-23
1.42105e-23
1.41444e-23
1.41041e-23
1.40895e-23
1.41016e-23
1.41396e-23
1.42008e-23
1.42812e-23
1.43724e-23
1.44617e-23
1.45346e-23
1.45751e-23
1.45733e-23
1.45255e-23
1.44368e-23
1.43217e-23
1.4201e-23
1.40966e-23
1.40268e-23
1.40019e-23
1.40244e-23
1.40912e-23
1.41986e-23
1.43394e-23
1.45058e-23
1.46859e-23
1.48619e-23
1.5009e-23
1.5099e-23
1.51055e-23
1.50145e-23
1.48282e-23
1.45689e-23
1.42711e-23
1.39744e-23
1.37163e-23
1.35258e-23
1.34208e-23
1.34084e-23
1.34803e-23
1.36129e-23
1.37717e-23
1.39162e-23
1.40108e-23
1.40325e-23
1.3976e-23
1.38545e-23
1.36955e-23
1.35322e-23
1.33925e-23
1.32917e-23
1.32327e-23
1.3211e-23
1.32234e-23
1.32711e-23
1.33638e-23
1.3513e-23
1.37235e-23
1.3987e-23
1.42794e-23
1.45669e-23
1.48162e-23
1.50035e-23
1.5123e-23
1.51841e-23
1.5205e-23
1.52042e-23
1.51936e-23
1.51746e-23
1.51407e-23
1.50796e-23
1.49814e-23
1.48455e-23
1.46807e-23
1.4506e-23
1.43467e-23
1.42265e-23
1.41618e-23
1.41565e-23
1.42015e-23
1.42777e-23
1.4362e-23
1.44326e-23
1.44743e-23
1.44795e-23
1.44484e-23
1.43885e-23
1.43118e-23
1.42321e-23
1.41602e-23
1.41014e-23
1.40532e-23
1.40083e-23
1.39587e-23
1.38971e-23
1.3819e-23
1.3723e-23
1.36121e-23
1.3498e-23
1.33997e-23
1.33426e-23
1.3351e-23
1.34411e-23
1.36149e-23
1.38559e-23
1.413e-23
1.43931e-23
1.46001e-23
1.47147e-23
1.4717e-23
1.46076e-23
1.4405e-23
1.41424e-23
1.38608e-23
1.36025e-23
1.34023e-23
1.32842e-23
1.32616e-23
1.33353e-23
1.34986e-23
1.37366e-23
1.40291e-23
1.43514e-23
1.46767e-23
1.49794e-23
1.52325e-23
1.5413e-23
1.55034e-23
1.54934e-23
1.53845e-23
1.51903e-23
1.49376e-23
1.46638e-23
1.44107e-23
1.42136e-23
1.40913e-23
1.40417e-23
1.40412e-23
1.40516e-23
1.40359e-23
1.39682e-23
1.38391e-23
1.3659e-23
1.34533e-23
1.32558e-23
1.31e-23
1.30106e-23
1.29996e-23
1.30649e-23
1.31936e-23
1.33677e-23
1.35708e-23
1.37909e-23
1.40202e-23
1.42522e-23
1.44773e-23
1.46799e-23
1.48369e-23
1.49217e-23
1.49134e-23
1.48062e-23
1.46143e-23
1.43731e-23
1.41319e-23
1.39387e-23
1.38247e-23
1.37965e-23
1.38392e-23
1.39278e-23
1.40375e-23
1.41503e-23
1.42562e-23
1.43532e-23
1.44412e-23
1.45217e-23
1.45926e-23
1.46487e-23
1.46845e-23
1.46977e-23
1.46911e-23
1.4672e-23
1.46502e-23
1.46323e-23
1.46171e-23
1.45974e-23
1.4559e-23
1.44865e-23
1.43699e-23
1.42102e-23
1.40226e-23
1.38359e-23
1.36866e-23
1.36062e-23
1.3611e-23
1.36973e-23
1.3845e-23
1.40267e-23
1.42132e-23
1.43782e-23
1.45013e-23
1.45684e-23
1.45737e-23
1.45201e-23
1.44197e-23
1.42929e-23
1.41641e-23
1.406e-23
1.40043e-23
1.40134e-23
1.40902e-23
1.42211e-23
1.43808e-23
1.45412e-23
1.46808e-23
1.47875e-23
1.48519e-23
1.48628e-23
1.4807e-23
1.46817e-23
1.45004e-23
1.42918e-23
1.40912e-23
1.39307e-23
1.38303e-23
1.3795e-23
1.38145e-23
1.38678e-23
1.3928e-23
1.39687e-23
1.397e-23
1.39254e-23
1.38428e-23
1.37448e-23
1.36614e-23
1.36203e-23
1.36361e-23
1.37078e-23
1.38202e-23
1.39519e-23
1.40815e-23
1.41977e-23
1.43e-23
1.4398e-23
1.45072e-23
1.46399e-23
1.47976e-23
1.49646e-23
1.51094e-23
1.51943e-23
1.51888e-23
1.50777e-23
1.48639e-23
1.45663e-23
1.42153e-23
1.38477e-23
1.35028e-23
1.32172e-23
1.30207e-23
1.29299e-23
1.2945e-23
1.30485e-23
1.32113e-23
1.33993e-23
1.35817e-23
1.37357e-23
1.38487e-23
1.39171e-23
1.39455e-23
1.3944e-23
1.39294e-23
1.39228e-23
1.3945e-23
1.40128e-23
1.41333e-23
1.42999e-23
1.44957e-23
1.46997e-23
1.48923e-23
1.50588e-23
1.51893e-23
1.52765e-23
1.53094e-23
1.52742e-23
1.51575e-23
1.49557e-23
1.46842e-23
1.43792e-23
1.40891e-23
1.38583e-23
1.3712e-23
1.36489e-23
1.36486e-23
1.36854e-23
1.37425e-23
1.38211e-23
1.39361e-23
1.41018e-23
1.43221e-23
1.45818e-23
1.48475e-23
1.50781e-23
1.52365e-23
1.52988e-23
1.52603e-23
1.51327e-23
1.49403e-23
1.47136e-23
1.44839e-23
1.42769e-23
1.41097e-23
1.39899e-23
1.39178e-23
1.38878e-23
1.38937e-23
1.39327e-23
1.40046e-23
1.41086e-23
1.42379e-23
1.43732e-23
1.44865e-23
1.45459e-23
1.45268e-23
1.44179e-23
1.42235e-23
1.39602e-23
1.36547e-23
1.33386e-23
1.30437e-23
1.28004e-23
1.26339e-23
1.25597e-23
1.25828e-23
1.26974e-23
1.28909e-23
1.31469e-23
1.34503e-23
1.37872e-23
1.41436e-23
1.45022e-23
1.48413e-23
1.51356e-23
1.53593e-23
1.54909e-23
1.55167e-23
1.54339e-23
1.52523e-23
1.49914e-23
1.46756e-23
1.43326e-23
1.39908e-23
1.36761e-23
1.34128e-23
1.32219e-23
1.31183e-23
1.31101e-23
1.31963e-23
1.33636e-23
1.35884e-23
1.38371e-23
1.40728e-23
1.42592e-23
1.43657e-23
1.43725e-23
1.42738e-23
1.4081e-23
1.38253e-23
1.35542e-23
1.33273e-23
1.32035e-23
1.32276e-23
1.34138e-23
1.37382e-23
1.41441e-23
1.45602e-23
1.4922e-23
1.51857e-23
1.53327e-23
1.53654e-23
1.53015e-23
1.51681e-23
1.49957e-23
1.48176e-23
1.46642e-23
1.45592e-23
1.45144e-23
1.45305e-23
1.46019e-23
1.47258e-23
1.49e-23
1.51164e-23
1.53504e-23
1.55585e-23
1.56861e-23
1.56881e-23
1.55436e-23
1.52657e-23
1.48996e-23
1.45123e-23
1.41771e-23
1.39552e-23
1.38798e-23
1.39487e-23
1.41307e-23
1.43771e-23
1.46379e-23
1.48671e-23
1.5027e-23
1.50904e-23
1.50396e-23
1.48691e-23
1.45877e-23
1.42184e-23
1.37959e-23
1.33599e-23
1.2952e-23
1.26077e-23
1.23527e-23
1.22014e-23
1.21567e-23
1.22117e-23
1.23526e-23
1.256e-23
1.28118e-23
1.30864e-23
1.33653e-23
1.36323e-23
1.38735e-23
1.40779e-23
1.42353e-23
1.43392e-23
1.43903e-23
1.43951e-23
1.4366e-23
1.43192e-23
1.42705e-23
1.42335e-23
1.42177e-23
1.42286e-23
1.42652e-23
1.43189e-23
1.43754e-23
1.44198e-23
1.44398e-23
1.44293e-23
1.43865e-23
1.43167e-23
1.42305e-23
1.41436e-23
1.40775e-23
1.40566e-23
1.41017e-23
1.4226e-23
1.44286e-23
1.46896e-23
1.4974e-23
1.5237e-23
1.5436e-23
1.55408e-23
1.55399e-23
1.54413e-23
1.52713e-23
1.50667e-23
1.48692e-23
1.47168e-23
1.46352e-23
1.46337e-23
1.47047e-23
1.48232e-23
1.49563e-23
1.50691e-23
1.51285e-23
1.51082e-23
1.49929e-23
1.478e-23
1.4483e-23
1.41264e-23
1.37379e-23
1.33467e-23
1.29795e-23
1.26599e-23
1.2407e-23
1.22345e-23
1.82489e-23
1.79851e-23
1.76302e-23
1.72071e-23
1.67576e-23
1.63369e-23
1.6e-23
1.57885e-23
1.57251e-23
1.58132e-23
1.60421e-23
1.63902e-23
1.68239e-23
1.72977e-23
1.77601e-23
1.81622e-23
1.84674e-23
1.86573e-23
1.87319e-23
1.87047e-23
1.85942e-23
1.84213e-23
1.82063e-23
1.79694e-23
1.77412e-23
1.75674e-23
1.74977e-23
1.75544e-23
1.77053e-23
1.78767e-23
1.79995e-23
1.80395e-23
1.80023e-23
1.79184e-23
1.78289e-23
1.77693e-23
1.7761e-23
1.78035e-23
1.7875e-23
1.79392e-23
1.79593e-23
1.79077e-23
1.77711e-23
1.75504e-23
1.72578e-23
1.69115e-23
1.65349e-23
1.61572e-23
1.58149e-23
1.55502e-23
1.54103e-23
1.54367e-23
1.56529e-23
1.60547e-23
1.66073e-23
1.7254e-23
1.79283e-23
1.8566e-23
1.91123e-23
1.95276e-23
1.97851e-23
1.98716e-23
1.97891e-23
1.95596e-23
1.92251e-23
1.8837e-23
1.84461e-23
1.80907e-23
1.77913e-23
1.75507e-23
1.73573e-23
1.71939e-23
1.70458e-23
1.6904e-23
1.6763e-23
1.66183e-23
1.647e-23
1.63251e-23
1.61966e-23
1.6096e-23
1.60266e-23
1.59819e-23
1.59494e-23
1.59184e-23
1.58833e-23
1.58455e-23
1.5812e-23
1.57918e-23
1.5796e-23
1.58399e-23
1.59431e-23
1.61265e-23
1.64092e-23
1.68048e-23
1.73153e-23
1.79243e-23
1.85936e-23
1.92641e-23
1.98648e-23
2.03265e-23
2.05931e-23
2.06304e-23
2.04291e-23
2.00077e-23
1.94203e-23
1.87565e-23
1.81375e-23
1.76808e-23
1.74524e-23
1.74417e-23
1.75735e-23
1.77491e-23
1.78812e-23
1.79084e-23
1.77984e-23
1.75439e-23
1.71634e-23
1.66957e-23
1.61988e-23
1.5745e-23
1.54107e-23
1.52568e-23
1.53131e-23
1.55738e-23
1.60072e-23
1.65683e-23
1.72049e-23
1.78572e-23
1.84621e-23
1.89611e-23
1.93079e-23
1.94763e-23
1.94629e-23
1.92877e-23
1.899e-23
1.86222e-23
1.82407e-23
1.78935e-23
1.76109e-23
1.73992e-23
1.72424e-23
1.71135e-23
1.69847e-23
1.68395e-23
1.66763e-23
1.65098e-23
1.63669e-23
1.62786e-23
1.627e-23
1.63523e-23
1.65181e-23
1.67446e-23
1.69994e-23
1.72456e-23
1.74531e-23
1.76052e-23
1.77036e-23
1.77679e-23
1.78317e-23
1.79275e-23
1.80716e-23
1.8255e-23
1.84455e-23
1.85994e-23
1.86768e-23
1.86507e-23
1.85143e-23
1.82804e-23
1.79764e-23
1.76393e-23
1.73156e-23
1.70571e-23
1.69061e-23
1.68798e-23
1.69632e-23
1.71183e-23
1.73015e-23
1.74756e-23
1.76132e-23
1.76962e-23
1.771e-23
1.76482e-23
1.75148e-23
1.73292e-23
1.7127e-23
1.69542e-23
1.68582e-23
1.68734e-23
1.70087e-23
1.72455e-23
1.7546e-23
1.78646e-23
1.81625e-23
1.8412e-23
1.85965e-23
1.87046e-23
1.87329e-23
1.8686e-23
1.85766e-23
1.84224e-23
1.8238e-23
1.80311e-23
1.77994e-23
1.75363e-23
1.72434e-23
1.69433e-23
1.66795e-23
1.64991e-23
1.64327e-23
1.64869e-23
1.6645e-23
1.68737e-23
1.71319e-23
1.73788e-23
1.75821e-23
1.77232e-23
1.77987e-23
1.78136e-23
1.77774e-23
1.7704e-23
1.7608e-23
1.75088e-23
1.74286e-23
1.73899e-23
1.74075e-23
1.74827e-23
1.75989e-23
1.77235e-23
1.7817e-23
1.78465e-23
1.77964e-23
1.76737e-23
1.75054e-23
1.73269e-23
1.71696e-23
1.70513e-23
1.69731e-23
1.69228e-23
1.68859e-23
1.68566e-23
1.68436e-23
1.68656e-23
1.69362e-23
1.70531e-23
1.71947e-23
1.73331e-23
1.74481e-23
1.75326e-23
1.75916e-23
1.76347e-23
1.76699e-23
1.76992e-23
1.77202e-23
1.7733e-23
1.77433e-23
1.77646e-23
1.78141e-23
1.79056e-23
1.80423e-23
1.82141e-23
1.83995e-23
1.85709e-23
1.86999e-23
1.87624e-23
1.87455e-23
1.86522e-23
1.84989e-23
1.83096e-23
1.81044e-23
1.78887e-23
1.76515e-23
1.73742e-23
1.7042e-23
1.66541e-23
1.62285e-23
1.58019e-23
1.54237e-23
1.5148e-23
1.50201e-23
1.50675e-23
1.52942e-23
1.56788e-23
1.61792e-23
1.67404e-23
1.73027e-23
1.78089e-23
1.82139e-23
1.84908e-23
1.86362e-23
1.86655e-23
1.86119e-23
1.85164e-23
1.84172e-23
1.83429e-23
1.83073e-23
1.83047e-23
1.83167e-23
1.83226e-23
1.83088e-23
1.82753e-23
1.82324e-23
1.81941e-23
1.81721e-23
1.81744e-23
1.82047e-23
1.82614e-23
1.83341e-23
1.84025e-23
1.84402e-23
1.84182e-23
1.83099e-23
1.80997e-23
1.77859e-23
1.73827e-23
1.69182e-23
1.64297e-23
1.59598e-23
1.55504e-23
1.52381e-23
1.50491e-23
1.49966e-23
1.50769e-23
1.52686e-23
1.55374e-23
1.58432e-23
1.61513e-23
1.64388e-23
1.66994e-23
1.69395e-23
1.71721e-23
1.74088e-23
1.76529e-23
1.78968e-23
1.81236e-23
1.83134e-23
1.84453e-23
1.84998e-23
1.84605e-23
1.83165e-23
1.80686e-23
1.77344e-23
1.7353e-23
1.6982e-23
1.66851e-23
1.65137e-23
1.64911e-23
1.6606e-23
1.68184e-23
1.70711e-23
1.73093e-23
1.7494e-23
1.76057e-23
1.76398e-23
1.76004e-23
1.7495e-23
1.73357e-23
1.71449e-23
1.69601e-23
1.68266e-23
1.67866e-23
1.68658e-23
1.70679e-23
1.73774e-23
1.77613e-23
1.81754e-23
1.85705e-23
1.88994e-23
1.91264e-23
1.92335e-23
1.92235e-23
1.91145e-23
1.89338e-23
1.87094e-23
1.84698e-23
1.82464e-23
1.80722e-23
1.79755e-23
1.79721e-23
1.80601e-23
1.82204e-23
1.84218e-23
1.86233e-23
1.87797e-23
1.8851e-23
1.88109e-23
1.86554e-23
1.84014e-23
1.80766e-23
1.77082e-23
1.73132e-23
1.68964e-23
1.64583e-23
1.60089e-23
1.55816e-23
1.52348e-23
1.50333e-23
1.50111e-23
1.51491e-23
1.53904e-23
1.56701e-23
1.59336e-23
1.61399e-23
1.62606e-23
1.62852e-23
1.62245e-23
1.61145e-23
1.60053e-23
1.59529e-23
1.60044e-23
1.61889e-23
1.65094e-23
1.69381e-23
1.7427e-23
1.79205e-23
1.83703e-23
1.87438e-23
1.90264e-23
1.92193e-23
1.93335e-23
1.93821e-23
1.93731e-23
1.93031e-23
1.91601e-23
1.89346e-23
1.86292e-23
1.82701e-23
1.79019e-23
1.75722e-23
1.73157e-23
1.71423e-23
1.70371e-23
1.6974e-23
1.69296e-23
1.6891e-23
1.68545e-23
1.68202e-23
1.67887e-23
1.67604e-23
1.67396e-23
1.67349e-23
1.67572e-23
1.68183e-23
1.6929e-23
1.70941e-23
1.73126e-23
1.75742e-23
1.78561e-23
1.81258e-23
1.8345e-23
1.84794e-23
1.85089e-23
1.84315e-23
1.82605e-23
1.80167e-23
1.77227e-23
1.74006e-23
1.7074e-23
1.67721e-23
1.65308e-23
1.6387e-23
1.63616e-23
1.64498e-23
1.66154e-23
1.68043e-23
1.69623e-23
1.705e-23
1.70505e-23
1.69687e-23
1.68282e-23
1.6666e-23
1.65258e-23
1.64469e-23
1.64503e-23
1.65288e-23
1.66506e-23
1.67728e-23
1.68609e-23
1.68979e-23
1.68882e-23
1.68512e-23
1.68126e-23
1.6797e-23
1.68202e-23
1.68885e-23
1.69996e-23
1.7147e-23
1.7327e-23
1.75393e-23
1.77848e-23
1.80542e-23
1.83231e-23
1.85561e-23
1.87164e-23
1.8777e-23
1.87249e-23
1.85646e-23
1.8319e-23
1.80246e-23
1.77248e-23
1.7459e-23
1.72523e-23
1.71117e-23
1.70301e-23
1.69974e-23
1.70096e-23
1.70745e-23
1.72098e-23
1.7431e-23
1.77404e-23
1.812e-23
1.85344e-23
1.894e-23
1.92919e-23
1.95517e-23
1.96926e-23
1.9699e-23
1.9565e-23
1.92923e-23
1.88884e-23
1.83709e-23
1.77706e-23
1.71321e-23
1.65073e-23
1.5947e-23
1.54905e-23
1.51591e-23
1.49574e-23
1.48802e-23
1.49224e-23
1.50798e-23
1.53422e-23
1.56834e-23
1.60611e-23
1.64222e-23
1.67171e-23
1.69126e-23
1.69974e-23
1.69858e-23
1.69193e-23
1.686e-23
1.68708e-23
1.69922e-23
1.7226e-23
1.75363e-23
1.78672e-23
1.81621e-23
1.83808e-23
1.85037e-23
1.85274e-23
1.84602e-23
1.83168e-23
1.81175e-23
1.7887e-23
1.76552e-23
1.74506e-23
1.72982e-23
1.72136e-23
1.72022e-23
1.72581e-23
1.73718e-23
1.75343e-23
1.77372e-23
1.79731e-23
1.82331e-23
1.85033e-23
1.8762e-23
1.89798e-23
1.91228e-23
1.91625e-23
1.90846e-23
1.88954e-23
1.86222e-23
1.83036e-23
1.79838e-23
1.77047e-23
1.75014e-23
1.73968e-23
1.73965e-23
1.74826e-23
1.76168e-23
1.77522e-23
1.78454e-23
1.78699e-23
1.78217e-23
1.77157e-23
1.75778e-23
1.74325e-23
1.72913e-23
1.71506e-23
1.69942e-23
1.68035e-23
1.65672e-23
1.62908e-23
1.60012e-23
1.57426e-23
1.55676e-23
1.55209e-23
1.56227e-23
1.58567e-23
1.61786e-23
1.6533e-23
1.68759e-23
1.71832e-23
1.74512e-23
1.76836e-23
1.78798e-23
1.80317e-23
1.8128e-23
1.81626e-23
1.81386e-23
1.80684e-23
1.79713e-23
1.78661e-23
1.77697e-23
1.76946e-23
1.76508e-23
1.76498e-23
1.77021e-23
1.78182e-23
1.80014e-23
1.82422e-23
1.85179e-23
1.87939e-23
1.903e-23
1.91904e-23
1.92472e-23
1.91848e-23
1.90004e-23
1.87049e-23
1.83177e-23
1.78684e-23
1.73914e-23
1.69222e-23
1.64928e-23
1.61287e-23
1.585e-23
1.56732e-23
1.56089e-23
1.56605e-23
1.58201e-23
1.60654e-23
1.63603e-23
1.66612e-23
1.69259e-23
1.712e-23
1.72243e-23
1.72347e-23
1.71639e-23
1.70398e-23
1.69012e-23
1.67898e-23
1.67428e-23
1.67856e-23
1.69316e-23
1.71819e-23
1.75203e-23
1.7912e-23
1.83118e-23
1.86779e-23
1.8978e-23
1.91918e-23
1.93076e-23
1.93192e-23
1.92248e-23
1.90271e-23
1.87368e-23
1.83775e-23
1.79845e-23
1.75985e-23
1.72452e-23
1.69269e-23
1.66287e-23
1.63376e-23
1.60572e-23
1.58112e-23
1.56331e-23
1.55515e-23
1.55785e-23
1.57078e-23
1.59211e-23
1.61978e-23
1.65169e-23
1.68582e-23
1.72009e-23
1.75245e-23
1.78112e-23
1.80486e-23
1.82342e-23
1.8377e-23
1.84932e-23
1.86007e-23
1.871e-23
1.88163e-23
1.88988e-23
1.8929e-23
1.88798e-23
1.87327e-23
1.84858e-23
1.81533e-23
1.77619e-23
1.73478e-23
1.69535e-23
1.66201e-23
1.6378e-23
1.62428e-23
1.62188e-23
1.63039e-23
1.6491e-23
1.67742e-23
1.71496e-23
1.76086e-23
1.81262e-23
1.86578e-23
1.91432e-23
1.95153e-23
1.97123e-23
1.96958e-23
1.94544e-23
1.90057e-23
1.83931e-23
1.76842e-23
1.69649e-23
1.63246e-23
1.58355e-23
1.55352e-23
1.54233e-23
1.54709e-23
1.5637e-23
1.5883e-23
1.61774e-23
1.64971e-23
1.68261e-23
1.71531e-23
1.74685e-23
1.77627e-23
1.80243e-23
1.82424e-23
1.8406e-23
1.85039e-23
1.85262e-23
1.84691e-23
1.83339e-23
1.81296e-23
1.78719e-23
1.75807e-23
1.72774e-23
1.69808e-23
1.67089e-23
1.6481e-23
1.63232e-23
1.62679e-23
1.63401e-23
1.65441e-23
1.68535e-23
1.72194e-23
1.75857e-23
1.79066e-23
1.8156e-23
1.83278e-23
1.84309e-23
1.84802e-23
1.8487e-23
1.84544e-23
1.8377e-23
1.82476e-23
1.80642e-23
1.78356e-23
1.75843e-23
1.7344e-23
1.71525e-23
1.70437e-23
1.70433e-23
1.71632e-23
1.73978e-23
1.77227e-23
1.81009e-23
1.84902e-23
1.88453e-23
1.91229e-23
1.92852e-23
1.93065e-23
1.91835e-23
1.89407e-23
1.86297e-23
1.83166e-23
1.80557e-23
1.7869e-23
1.77389e-23
1.76304e-23
1.75194e-23
1.74044e-23
1.73047e-23
1.72448e-23
1.724e-23
1.72874e-23
1.73645e-23
1.74401e-23
1.74839e-23
1.74718e-23
1.73891e-23
1.72314e-23
1.70065e-23
1.67312e-23
1.643e-23
1.6133e-23
1.58675e-23
1.56534e-23
1.55006e-23
1.541e-23
1.53779e-23
1.53997e-23
1.54721e-23
1.55969e-23
1.57819e-23
1.60381e-23
1.63727e-23
1.67804e-23
1.72372e-23
1.77065e-23
1.81473e-23
1.85224e-23
1.8805e-23
1.89816e-23
1.90515e-23
1.90221e-23
1.89057e-23
1.87169e-23
1.84705e-23
1.81796e-23
1.78564e-23
1.75115e-23
1.71576e-23
1.68119e-23
1.6496e-23
1.62366e-23
1.606e-23
1.59878e-23
1.60311e-23
1.61881e-23
1.64457e-23
1.67851e-23
1.71852e-23
1.76199e-23
1.8056e-23
1.84523e-23
1.87657e-23
1.8964e-23
1.90367e-23
1.89963e-23
1.88741e-23
1.8707e-23
1.85266e-23
1.83552e-23
1.82083e-23
1.80903e-23
1.79951e-23
1.79023e-23
1.77868e-23
1.76273e-23
1.74169e-23
1.71669e-23
1.69049e-23
1.6666e-23
1.64844e-23
1.63876e-23
1.63906e-23
1.64969e-23
1.66937e-23
1.69536e-23
1.72356e-23
1.74932e-23
1.76839e-23
1.77767e-23
1.77597e-23
1.76457e-23
1.74721e-23
1.72937e-23
1.7165e-23
1.71222e-23
1.71699e-23
1.72869e-23
1.74374e-23
1.75847e-23
1.77016e-23
1.77752e-23
1.78069e-23
1.78141e-23
1.78239e-23
1.78654e-23
1.79572e-23
1.80994e-23
1.82756e-23
1.84595e-23
1.86224e-23
1.87416e-23
1.88042e-23
1.88054e-23
1.87471e-23
1.86366e-23
1.8486e-23
1.83067e-23
1.81083e-23
1.78904e-23
1.76483e-23
1.738e-23
1.70969e-23
1.68274e-23
1.66119e-23
1.64865e-23
1.64677e-23
1.65473e-23
1.67013e-23
1.69003e-23
1.71197e-23
1.73393e-23
1.75396e-23
1.76991e-23
1.77972e-23
1.78199e-23
1.77628e-23
1.76351e-23
1.7461e-23
1.72749e-23
1.71149e-23
1.70064e-23
1.6954e-23
1.69432e-23
1.69488e-23
1.69464e-23
1.69205e-23
1.68696e-23
1.68039e-23
1.67431e-23
1.67116e-23
1.67273e-23
1.67968e-23
1.69122e-23
1.70547e-23
1.72028e-23
1.73413e-23
1.74626e-23
1.75684e-23
1.76617e-23
1.77386e-23
1.77858e-23
1.77873e-23
1.77307e-23
1.7612e-23
1.74386e-23
1.72298e-23
1.7019e-23
1.6851e-23
1.67684e-23
1.67986e-23
1.69436e-23
1.71794e-23
1.7465e-23
1.77528e-23
1.79991e-23
1.81706e-23
1.82517e-23
1.82455e-23
1.81718e-23
1.80612e-23
1.79443e-23
1.78459e-23
1.77783e-23
1.77416e-23
1.77287e-23
1.77286e-23
1.7731e-23
1.77287e-23
1.77222e-23
1.77215e-23
1.77415e-23
1.77928e-23
1.78754e-23
1.79753e-23
1.80665e-23
1.81144e-23
1.80882e-23
1.79695e-23
1.77561e-23
1.74657e-23
1.71371e-23
1.68227e-23
1.65773e-23
1.64421e-23
1.64369e-23
1.65554e-23
1.67704e-23
1.70413e-23
1.73202e-23
1.75597e-23
1.77157e-23
1.77538e-23
1.76586e-23
1.74423e-23
1.71472e-23
1.68351e-23
