2.5292e-23
2.52216e-23
2.50958e-23
2.4907e-23
2.46449e-23
2.42961e-23
2.38445e-23
2.32717e-23
2.25604e-23
2.16958e-23
2.06709e-23
1.94934e-23
1.81919e-23
1.6819e-23
1.545e-23
1.41722e-23
1.30679e-23
1.21988e-23
1.15963e-23
1.12601e-23
1.11643e-23
1.12664e-23
1.15161e-23
1.18623e-23
1.22592e-23
1.26684e-23
1.30605e-23
1.34151e-23
1.37202e-23
1.3971e-23
1.41671e-23
1.43114e-23
1.44065e-23
1.44536e-23
1.44524e-23
1.44025e-23
1.43046e-23
1.41633e-23
1.39873e-23
1.37903e-23
1.3589e-23
1.34017e-23
1.32476e-23
1.31445e-23
1.31053e-23
1.31347e-23
1.32258e-23
1.33615e-23
1.35199e-23
1.36791e-23
1.38212e-23
1.39337e-23
1.40085e-23
1.40425e-23
1.4037e-23
1.39987e-23
1.39379e-23
1.38686e-23
1.38051e-23
1.37594e-23
1.37396e-23
1.37479e-23
1.37813e-23
1.38333e-23
1.38953e-23
1.39592e-23
1.40173e-23
1.40637e-23
1.40935e-23
1.41026e-23
1.40876e-23
1.40463e-23
1.39772e-23
1.38813e-23
1.37637e-23
1.36336e-23
1.35048e-23
1.33914e-23
1.33038e-23
1.32445e-23
1.32083e-23
1.31858e-23
1.31688e-23
1.31517e-23
1.31311e-23
1.31037e-23
1.30648e-23
1.30107e-23
1.29417e-23
1.28639e-23
1.27887e-23
1.27291e-23
1.26965e-23
1.26978e-23
1.2734e-23
1.28007e-23
1.28898e-23
1.29912e-23
1.30942e-23
1.31881e-23
1.32631e-23
1.33102e-23
1.33225e-23
1.32965e-23
1.32338e-23
1.31411e-23
1.30299e-23
1.29138e-23
1.28065e-23
1.27186e-23
1.26564e-23
1.26214e-23
1.2612e-23
1.26251e-23
1.26573e-23
1.27057e-23
1.27679e-23
1.28416e-23
1.29233e-23
1.30069e-23
1.30829e-23
1.31397e-23
1.31672e-23
1.3162e-23
1.31316e-23
1.30942e-23
1.30756e-23
1.31002e-23
1.31828e-23
1.33237e-23
1.35084e-23
1.37126e-23
1.39095e-23
1.40768e-23
1.42009e-23
1.42783e-23
1.43145e-23
1.43208e-23
1.43101e-23
1.42941e-23
1.42801e-23
1.42698e-23
1.42601e-23
1.42456e-23
1.42196e-23
1.41763e-23
1.41124e-23
1.40281e-23
1.3928e-23
1.38206e-23
1.37163e-23
1.3626e-23
1.35573e-23
1.35124e-23
1.34874e-23
1.34741e-23
1.34638e-23
1.34508e-23
1.34345e-23
1.34191e-23
1.34117e-23
1.34206e-23
1.34527e-23
1.35116e-23
1.35963e-23
1.37004e-23
1.38125e-23
1.39181e-23
1.40014e-23
1.40479e-23
1.4047e-23
1.39938e-23
1.38923e-23
1.37557e-23
1.36041e-23
1.34586e-23
1.33349e-23
1.32381e-23
1.31636e-23
1.31017e-23
1.30448e-23
1.29919e-23
1.29504e-23
1.29326e-23
1.29508e-23
1.30121e-23
1.31134e-23
1.32416e-23
1.3377e-23
1.34991e-23
1.35917e-23
1.36458e-23
1.366e-23
1.36393e-23
1.35926e-23
1.35291e-23
1.3457e-23
1.33811e-23
1.33037e-23
1.32271e-23
1.31543e-23
1.30914e-23
1.30473e-23
1.30321e-23
1.30551e-23
1.31229e-23
1.32365e-23
1.33902e-23
1.35722e-23
1.37664e-23
1.3955e-23
1.41208e-23
1.42499e-23
1.43328e-23
1.4364e-23
1.43421e-23
1.427e-23
1.4154e-23
1.40041e-23
1.38342e-23
1.36595e-23
1.34953e-23
1.33546e-23
1.32451e-23
1.31691e-23
1.31232e-23
1.31003e-23
1.30922e-23
1.30924e-23
1.30971e-23
1.31058e-23
1.312e-23
1.31423e-23
1.31745e-23
1.32165e-23
1.32649e-23
1.33141e-23
1.33572e-23
1.33875e-23
1.34003e-23
1.3394e-23
1.33699e-23
1.3333e-23
1.32907e-23
1.32514e-23
1.32229e-23
1.3211e-23
1.32183e-23
1.32433e-23
1.32812e-23
1.33246e-23
1.33645e-23
1.33931e-23
1.34051e-23
1.33987e-23
1.33755e-23
1.334e-23
1.32971e-23
1.32514e-23
1.32054e-23
1.31598e-23
1.31146e-23
1.30696e-23
1.30253e-23
1.29828e-23
1.29431e-23
1.29068e-23
1.28741e-23
1.28454e-23
1.28215e-23
1.28049e-23
1.2799e-23
1.28081e-23
1.28363e-23
1.28852e-23
1.29534e-23
1.30359e-23
1.31251e-23
1.32127e-23
1.32919e-23
1.33586e-23
1.34121e-23
1.34536e-23
1.3485e-23
1.35084e-23
1.35247e-23
1.3535e-23
1.35423e-23
1.35523e-23
1.35739e-23
1.36154e-23
1.36804e-23
1.37644e-23
1.38562e-23
1.39416e-23
1.40071e-23
1.40419e-23
1.40389e-23
1.39923e-23
1.38982e-23
1.37549e-23
1.35646e-23
1.33366e-23
1.30893e-23
1.28498e-23
1.26497e-23
1.25178e-23
1.24707e-23
1.25071e-23
1.26085e-23
1.27452e-23
1.28849e-23
1.29995e-23
1.30685e-23
1.30809e-23
1.30357e-23
1.29403e-23
1.28088e-23
1.266e-23
1.25139e-23
1.2388e-23
1.22955e-23
1.22431e-23
1.22314e-23
1.22564e-23
1.23112e-23
1.23871e-23
1.24744e-23
1.25637e-23
1.26468e-23
1.27179e-23
1.27741e-23
1.28152e-23
1.28436e-23
1.28623e-23
1.28744e-23
1.28814e-23
1.2881e-23
1.28663e-23
1.2828e-23
1.27575e-23
1.26521e-23
1.25165e-23
1.23635e-23
1.22107e-23
1.20778e-23
1.19816e-23
1.19337e-23
1.19386e-23
1.19931e-23
1.20877e-23
1.22084e-23
1.23393e-23
1.24644e-23
1.25707e-23
1.26485e-23
1.26929e-23
1.27036e-23
1.26861e-23
1.26505e-23
1.26098e-23
1.25772e-23
1.25637e-23
1.2577e-23
1.26209e-23
1.26975e-23
1.28065e-23
1.29454e-23
1.31097e-23
1.32919e-23
1.34827e-23
1.3671e-23
1.38457e-23
1.39968e-23
1.41167e-23
1.42004e-23
1.42454e-23
1.42513e-23
1.42196e-23
1.41543e-23
1.40624e-23
1.39527e-23
1.38355e-23
1.37208e-23
1.36154e-23
1.35216e-23
1.34373e-23
1.33566e-23
1.32731e-23
1.3183e-23
1.30869e-23
1.29887e-23
1.28937e-23
1.28063e-23
1.27272e-23
1.26536e-23
1.25808e-23
1.25049e-23
1.24257e-23
1.23475e-23
1.22791e-23
1.22314e-23
1.22143e-23
1.22329e-23
1.2286e-23
1.23678e-23
1.24711e-23
1.25906e-23
1.27235e-23
1.28709e-23
1.3035e-23
1.32175e-23
1.3418e-23
1.36326e-23
1.38545e-23
1.40726e-23
1.42742e-23
1.44467e-23
1.45794e-23
1.46657e-23
1.47049e-23
1.47009e-23
1.46609e-23
1.45927e-23
1.45013e-23
1.43874e-23
1.42476e-23
1.4076e-23
1.38671e-23
1.36184e-23
1.33335e-23
1.30249e-23
1.27138e-23
1.24287e-23
1.21998e-23
1.20529e-23
1.20021e-23
1.20461e-23
1.21692e-23
1.23469e-23
1.25526e-23
1.2763e-23
1.29605e-23
1.31333e-23
1.32731e-23
1.33746e-23
1.34361e-23
1.34599e-23
1.34527e-23
1.34249e-23
1.33888e-23
1.33549e-23
1.33295e-23
1.33135e-23
1.33032e-23
1.32916e-23
1.3272e-23
1.32397e-23
1.31928e-23
1.31324e-23
1.30611e-23
1.29813e-23
1.28938e-23
1.27972e-23
1.26901e-23
1.2572e-23
1.2446e-23
1.23185e-23
1.21995e-23
1.21009e-23
1.2034e-23
1.20064e-23
1.20197e-23
1.20705e-23
1.21508e-23
1.22516e-23
1.23657e-23
1.24878e-23
1.26148e-23
1.27447e-23
1.28753e-23
1.30036e-23
1.31258e-23
1.32372e-23
1.33329e-23
1.34084e-23
1.34597e-23
1.3484e-23
1.34794e-23
1.3444e-23
1.33762e-23
1.32749e-23
1.31401e-23
1.29744e-23
1.27823e-23
1.25723e-23
1.23556e-23
1.21451e-23
1.19532e-23
1.17902e-23
1.16633e-23
1.15768e-23
1.15323e-23
1.15301e-23
1.15696e-23
1.16485e-23
1.17624e-23
1.1904e-23
1.20626e-23
1.22262e-23
1.23828e-23
1.2522e-23
1.26371e-23
1.27246e-23
1.27832e-23
1.28132e-23
1.28147e-23
1.27874e-23
1.27312e-23
1.26475e-23
1.25405e-23
1.24178e-23
1.22897e-23
1.21684e-23
1.20655e-23
1.19897e-23
1.19459e-23
1.19356e-23
1.19572e-23
1.2007e-23
1.208e-23
1.21699e-23
1.22676e-23
1.23612e-23
1.24382e-23
1.24876e-23
1.25026e-23
1.24824e-23
1.24316e-23
1.23586e-23
1.22741e-23
1.21893e-23
1.21152e-23
1.20613e-23
1.20346e-23
1.20385e-23
1.20722e-23
1.21298e-23
1.22022e-23
1.22799e-23
1.23564e-23
1.24299e-23
1.25036e-23
1.25826e-23
1.26705e-23
1.27658e-23
1.2863e-23
1.29535e-23
1.3029e-23
1.30828e-23
1.31114e-23
1.31152e-23
1.3098e-23
1.30652e-23
1.30225e-23
1.29739e-23
1.29219e-23
1.28676e-23
1.28109e-23
1.27506e-23
1.26843e-23
1.26093e-23
1.25231e-23
1.24248e-23
1.23153e-23
1.2196e-23
1.20701e-23
1.19411e-23
1.18131e-23
1.16894e-23
1.15724e-23
1.1463e-23
1.13618e-23
1.12698e-23
1.11891e-23
1.1122e-23
1.10702e-23
1.1034e-23
1.10126e-23
1.10036e-23
1.10039e-23
1.10114e-23
1.10258e-23
1.10486e-23
1.10823e-23
1.11279e-23
1.11846e-23
1.12495e-23
1.13184e-23
1.13873e-23
1.1454e-23
1.15203e-23
1.15913e-23
1.16755e-23
1.17816e-23
1.1915e-23
1.20746e-23
1.22522e-23
1.24333e-23
1.26011e-23
1.274e-23
1.28384e-23
1.28898e-23
1.28927e-23
1.28501e-23
1.27671e-23
1.26505e-23
1.25083e-23
1.23498e-23
1.2185e-23
1.20244e-23
1.18788e-23
1.17572e-23
1.16663e-23
1.16087e-23
1.15831e-23
1.1585e-23
1.16088e-23
1.16485e-23
1.16989e-23
1.17562e-23
1.18171e-23
1.18795e-23
1.19433e-23
1.20102e-23
1.20827e-23
1.21618e-23
1.22467e-23
1.23326e-23
1.24117e-23
1.24746e-23
1.25118e-23
1.25165e-23
1.24855e-23
1.24207e-23
1.23289e-23
1.22198e-23
1.21041e-23
1.19919e-23
1.18911e-23
1.18066e-23
1.17401e-23
1.16903e-23
1.16537e-23
1.16254e-23
1.15994e-23
1.15698e-23
1.15317e-23
1.14821e-23
1.14206e-23
1.13501e-23
1.1276e-23
1.12055e-23
1.11461e-23
1.11043e-23
1.10834e-23
1.10841e-23
1.11046e-23
1.11437e-23
1.12005e-23
1.12752e-23
1.13679e-23
1.14769e-23
1.15982e-23
1.17257e-23
1.18522e-23
1.19711e-23
1.20783e-23
1.21729e-23
1.2257e-23
1.23358e-23
1.24157e-23
1.25026e-23
1.26002e-23
1.27083e-23
1.28225e-23
1.29349e-23
1.30355e-23
1.31144e-23
1.31649e-23
1.31844e-23
1.31748e-23
1.3143e-23
1.30998e-23
1.30581e-23
1.30306e-23
1.30279e-23
1.30561e-23
1.31158e-23
1.32022e-23
1.33067e-23
1.34194e-23
1.35314e-23
1.36357e-23
1.37274e-23
1.3802e-23
1.38544e-23
1.38784e-23
1.38678e-23
1.38176e-23
1.37255e-23
1.35936e-23
1.34296e-23
1.32469e-23
1.30627e-23
1.28956e-23
1.27618e-23
1.26709e-23
1.26231e-23
1.2612e-23
1.2628e-23
1.26631e-23
1.27111e-23
1.27683e-23
1.28297e-23
1.28873e-23
1.29325e-23
1.29592e-23
1.29665e-23
1.29586e-23
1.29433e-23
1.29306e-23
1.29288e-23
1.29435e-23
1.29765e-23
1.30257e-23
1.30853e-23
1.31486e-23
1.32106e-23
1.32682e-23
1.33216e-23
1.33731e-23
1.34264e-23
1.34851e-23
1.35518e-23
1.3627e-23
1.3709e-23
1.37925e-23
1.38704e-23
1.39343e-23
1.39753e-23
1.39849e-23
1.39556e-23
1.38835e-23
1.37691e-23
1.36179e-23
1.34411e-23
1.32546e-23
1.3076e-23
1.29216e-23
1.28023e-23
1.27225e-23
1.268e-23
1.26675e-23
1.26754e-23
1.26943e-23
1.27172e-23
1.27398e-23
1.27618e-23
1.27857e-23
1.28161e-23
1.28586e-23
1.29177e-23
1.29957e-23
1.30905e-23
1.31938e-23
1.32921e-23
1.33684e-23
1.34064e-23
1.33939e-23
1.33258e-23
1.32069e-23
1.30528e-23
1.2888e-23
1.27409e-23
1.26361e-23
1.25864e-23
1.25894e-23
1.26321e-23
1.27006e-23
1.27874e-23
1.28914e-23
1.30148e-23
1.31566e-23
1.33097e-23
1.3461e-23
1.35947e-23
1.3697e-23
1.37587e-23
1.37763e-23
1.3752e-23
1.36917e-23
1.36027e-23
1.34914e-23
1.33624e-23
1.32171e-23
1.30548e-23
1.28755e-23
1.26839e-23
1.24919e-23
1.23192e-23
1.21894e-23
1.21234e-23
1.21335e-23
1.22192e-23
1.23692e-23
1.25653e-23
1.27866e-23
1.30113e-23
1.32193e-23
1.3394e-23
1.35232e-23
1.3601e-23
1.36278e-23
1.36097e-23
1.3557e-23
1.34819e-23
1.33959e-23
1.33077e-23
1.32227e-23
1.31425e-23
1.30671e-23
1.29971e-23
1.29347e-23
1.28853e-23
1.28554e-23
1.28505e-23
1.28731e-23
1.29211e-23
1.29886e-23
1.30684e-23
1.31546e-23
1.32427e-23
1.3331e-23
1.34192e-23
1.35068e-23
1.35925e-23
1.3673e-23
1.3744e-23
1.38e-23
1.38359e-23
1.38471e-23
1.38291e-23
1.37783e-23
1.36924e-23
1.35702e-23
1.34119e-23
1.32196e-23
1.29975e-23
1.27522e-23
1.24944e-23
1.22393e-23
1.20068e-23
1.18202e-23
1.17019e-23
1.16681e-23
1.17226e-23
1.18553e-23
1.20445e-23
1.22619e-23
1.24797e-23
1.26753e-23
1.28346e-23
1.29529e-23
1.30342e-23
1.30883e-23
1.31265e-23
1.31573e-23
1.31835e-23
1.32017e-23
1.32043e-23
1.31842e-23
1.31361e-23
1.30587e-23
1.29535e-23
1.28243e-23
1.26771e-23
1.25193e-23
1.23611e-23
1.22153e-23
1.20982e-23
1.20271e-23
1.20166e-23
1.20739e-23
1.21939e-23
1.23585e-23
1.2541e-23
1.27125e-23
1.28492e-23
1.29367e-23
1.29709e-23
1.2957e-23
1.29069e-23
1.28358e-23
1.27587e-23
1.26884e-23
1.26351e-23
1.2606e-23
1.2606e-23
1.26376e-23
1.27014e-23
1.27955e-23
1.29146e-23
1.30505e-23
1.31924e-23
1.33281e-23
1.34452e-23
1.35335e-23
1.35865e-23
1.36031e-23
1.35871e-23
1.3547e-23
1.34947e-23
1.3443e-23
1.3402e-23
1.33767e-23
1.3365e-23
1.3359e-23
1.33486e-23
1.33266e-23
1.32941e-23
1.32618e-23
1.32483e-23
1.32715e-23
1.33389e-23
1.34419e-23
1.35584e-23
1.36631e-23
1.37363e-23
1.37684e-23
1.37598e-23
1.37163e-23
1.36451e-23
1.35533e-23
1.34462e-23
1.33273e-23
1.31997e-23
1.30652e-23
1.29254e-23
1.27809e-23
1.26316e-23
1.24771e-23
1.23176e-23
1.21547e-23
1.19929e-23
1.18397e-23
1.17059e-23
1.16037e-23
1.15455e-23
1.15402e-23
1.15921e-23
1.16993e-23
1.18539e-23
1.20428e-23
1.22507e-23
1.24618e-23
1.26613e-23
1.28375e-23
1.29816e-23
1.30877e-23
1.31523e-23
1.31739e-23
1.31522e-23
1.30893e-23
1.29906e-23
1.28655e-23
1.27283e-23
1.25951e-23
1.2481e-23
1.23957e-23
1.23431e-23
1.23225e-23
1.23316e-23
1.23686e-23
1.24309e-23
1.25155e-23
1.26166e-23
1.2726e-23
1.28336e-23
1.29287e-23
1.30012e-23
1.30433e-23
1.30499e-23
1.30192e-23
1.29525e-23
1.28538e-23
1.27291e-23
1.25862e-23
1.24341e-23
1.22831e-23
2.50669e-23
2.46901e-23
2.42132e-23
2.36613e-23
2.30583e-23
2.24261e-23
2.17862e-23
2.11633e-23
2.05854e-23
2.00831e-23
1.96849e-23
1.94149e-23
1.92888e-23
1.93129e-23
1.94837e-23
1.97887e-23
2.02053e-23
2.0702e-23
2.12377e-23
2.17653e-23
2.22358e-23
2.26055e-23
2.28409e-23
2.29225e-23
2.28471e-23
2.26301e-23
2.23047e-23
2.1919e-23
2.15268e-23
2.11698e-23
2.08629e-23
2.05939e-23
2.03382e-23
2.00777e-23
1.98108e-23
1.95515e-23
1.93222e-23
1.91484e-23
1.90572e-23
1.90717e-23
1.92059e-23
1.94564e-23
1.98015e-23
2.02034e-23
2.06159e-23
2.09961e-23
2.13127e-23
2.15476e-23
2.16942e-23
2.17512e-23
2.17191e-23
2.16002e-23
2.14017e-23
2.11395e-23
2.08379e-23
2.05283e-23
2.02425e-23
2.00057e-23
1.98302e-23
1.9716e-23
1.9656e-23
1.96428e-23
1.96739e-23
1.97523e-23
1.98838e-23
2.00729e-23
2.03195e-23
2.06172e-23
2.09523e-23
2.13028e-23
2.16384e-23
2.19228e-23
2.21194e-23
2.21963e-23
2.21349e-23
2.1936e-23
2.16228e-23
2.12412e-23
2.08546e-23
2.05275e-23
2.03033e-23
2.01869e-23
2.01529e-23
2.01721e-23
2.0232e-23
2.03347e-23
2.04785e-23
2.06442e-23
2.07944e-23
2.08882e-23
2.08975e-23
2.08214e-23
2.06895e-23
2.05485e-23
2.04378e-23
2.03701e-23
2.03348e-23
2.03146e-23
2.03036e-23
2.03113e-23
2.03591e-23
2.04731e-23
2.06744e-23
2.09682e-23
2.13347e-23
2.17292e-23
2.20921e-23
2.23667e-23
2.25111e-23
2.25038e-23
2.23484e-23
2.20741e-23
2.17297e-23
2.13703e-23
2.10397e-23
2.0764e-23
2.05548e-23
2.04173e-23
2.03534e-23
2.03602e-23
2.04286e-23
2.05424e-23
2.06795e-23
2.08137e-23
2.09199e-23
2.0977e-23
2.09697e-23
2.08893e-23
2.0734e-23
2.0514e-23
2.02599e-23
2.00285e-23
1.989e-23
1.98925e-23
2.00323e-23
2.02646e-23
2.05387e-23
2.08202e-23
2.10897e-23
2.13324e-23
2.15308e-23
2.16654e-23
2.17213e-23
2.1696e-23
2.16035e-23
2.14731e-23
2.13428e-23
2.12494e-23
2.12173e-23
2.12543e-23
2.1352e-23
2.14904e-23
2.16417e-23
2.17761e-23
2.18666e-23
2.18936e-23
2.18467e-23
2.17241e-23
2.15315e-23
2.12776e-23
2.09734e-23
2.06303e-23
2.02596e-23
1.9875e-23
1.94943e-23
1.91391e-23
1.88334e-23
1.85994e-23
1.84533e-23
1.84045e-23
1.84568e-23
1.86115e-23
1.88683e-23
1.92243e-23
1.96672e-23
2.01711e-23
2.06954e-23
2.11911e-23
2.16096e-23
2.19106e-23
2.20667e-23
2.20664e-23
2.19162e-23
2.16414e-23
2.12859e-23
2.0903e-23
2.05441e-23
2.0246e-23
2.00254e-23
1.98812e-23
1.98032e-23
1.97827e-23
1.98185e-23
1.99154e-23
2.00771e-23
2.02986e-23
2.05665e-23
2.08636e-23
2.1173e-23
2.14774e-23
2.17589e-23
2.20001e-23
2.2187e-23
2.23138e-23
2.23839e-23
2.24082e-23
2.23989e-23
2.23624e-23
2.22933e-23
2.21754e-23
2.19934e-23
2.1748e-23
2.14649e-23
2.11961e-23
2.10067e-23
2.0953e-23
2.10612e-23
2.13157e-23
2.16647e-23
2.20391e-23
2.23718e-23
2.26147e-23
2.27425e-23
2.275e-23
2.26469e-23
2.24524e-23
2.21923e-23
2.18953e-23
2.15907e-23
2.13025e-23
2.10473e-23
2.08322e-23
2.06564e-23
2.05122e-23
2.03888e-23
2.02734e-23
2.01541e-23
2.00226e-23
1.98778e-23
1.97298e-23
1.95991e-23
1.9512e-23
1.94914e-23
1.95479e-23
1.9675e-23
1.98526e-23
2.00541e-23
2.02548e-23
2.04374e-23
2.05934e-23
2.07208e-23
2.08253e-23
2.09197e-23
2.10171e-23
2.11177e-23
2.12009e-23
2.12332e-23
2.11858e-23
2.10497e-23
2.08406e-23
2.05923e-23
2.03466e-23
2.01421e-23
2.00058e-23
1.99494e-23
1.99701e-23
2.00562e-23
2.0196e-23
2.03821e-23
2.06086e-23
2.08635e-23
2.11216e-23
2.13468e-23
2.15019e-23
2.15592e-23
2.15072e-23
2.13526e-23
2.11176e-23
2.08355e-23
2.05454e-23
2.02877e-23
2.00996e-23
2.00068e-23
2.00147e-23
2.01055e-23
2.02428e-23
2.03859e-23
2.05026e-23
2.0577e-23
2.06114e-23
2.06231e-23
2.06391e-23
2.06864e-23
2.07838e-23
2.09346e-23
2.11306e-23
2.13562e-23
2.15973e-23
2.18415e-23
2.20741e-23
2.22763e-23
2.24259e-23
2.2501e-23
2.24846e-23
2.23696e-23
2.21592e-23
2.18683e-23
2.15208e-23
2.11478e-23
2.0783e-23
2.04574e-23
2.01952e-23
2.00086e-23
1.98935e-23
1.98306e-23
1.97893e-23
1.97369e-23
1.96485e-23
1.95165e-23
1.93554e-23
1.92015e-23
1.91041e-23
1.91102e-23
1.92452e-23
1.95003e-23
1.98301e-23
2.01659e-23
2.04375e-23
2.05948e-23
2.06231e-23
2.05419e-23
2.03892e-23
2.01996e-23
1.99942e-23
1.97839e-23
1.95763e-23
1.93765e-23
1.91858e-23
1.90046e-23
1.88372e-23
1.86939e-23
1.85844e-23
1.85068e-23
1.84461e-23
1.83848e-23
1.83206e-23
1.82767e-23
1.8296e-23
1.84215e-23
1.8671e-23
1.90224e-23
1.94194e-23
1.97951e-23
2.00955e-23
2.02923e-23
2.03838e-23
2.03883e-23
2.03347e-23
2.02565e-23
2.01859e-23
2.01498e-23
2.01671e-23
2.02478e-23
2.03935e-23
2.05995e-23
2.0857e-23
2.11533e-23
2.14722e-23
2.17945e-23
2.20986e-23
2.23613e-23
2.25594e-23
2.26712e-23
2.26809e-23
2.25836e-23
2.23912e-23
2.21338e-23
2.18522e-23
2.15839e-23
2.13493e-23
2.11471e-23
2.09626e-23
2.0782e-23
2.05997e-23
2.04165e-23
2.02349e-23
2.0057e-23
1.98863e-23
1.97324e-23
1.96126e-23
1.95491e-23
1.95618e-23
1.96596e-23
1.98338e-23
2.00573e-23
2.029e-23
2.0487e-23
2.0612e-23
2.06459e-23
2.05941e-23
2.04858e-23
2.03649e-23
2.02729e-23
2.0235e-23
2.02537e-23
2.03135e-23
2.03927e-23
2.0471e-23
2.05357e-23
2.05821e-23
2.06137e-23
2.06422e-23
2.06843e-23
2.07541e-23
2.08563e-23
2.09848e-23
2.1128e-23
2.12751e-23
2.14183e-23
2.15519e-23
2.1668e-23
2.17558e-23
2.18023e-23
2.17958e-23
2.17302e-23
2.1609e-23
2.14457e-23
2.12612e-23
2.10787e-23
2.09202e-23
2.07999e-23
2.07241e-23
2.06891e-23
2.0684e-23
2.06927e-23
2.06974e-23
2.06806e-23
2.0628e-23
2.05312e-23
2.03894e-23
2.02088e-23
2.00009e-23
1.97798e-23
1.95603e-23
1.93569e-23
1.91835e-23
1.90547e-23
1.899e-23
1.90154e-23
1.91543e-23
1.94095e-23
1.97565e-23
2.01582e-23
2.05829e-23
2.1013e-23
2.14399e-23
2.18551e-23
2.2246e-23
2.25954e-23
2.28841e-23
2.30954e-23
2.32164e-23
2.32374e-23
2.31536e-23
2.29635e-23
2.26714e-23
2.22919e-23
2.18527e-23
2.1396e-23
2.09735e-23
2.06356e-23
2.04186e-23
2.03333e-23
2.03622e-23
2.04664e-23
2.05986e-23
2.0716e-23
2.07897e-23
2.08062e-23
2.07667e-23
2.06825e-23
2.05714e-23
2.04532e-23
2.03437e-23
2.02491e-23
2.01632e-23
2.00701e-23
1.99506e-23
1.97917e-23
1.95915e-23
1.93616e-23
1.91258e-23
1.8915e-23
1.8763e-23
1.87018e-23
1.87536e-23
1.89204e-23
1.91782e-23
1.94778e-23
1.97598e-23
1.9972e-23
2.00835e-23
2.00907e-23
2.00174e-23
1.99097e-23
1.9826e-23
1.98175e-23
1.9904e-23
2.00644e-23
2.02505e-23
2.04155e-23
2.05331e-23
2.05999e-23
2.06261e-23
2.06243e-23
2.06038e-23
2.05705e-23
2.0529e-23
2.04844e-23
2.04428e-23
2.0409e-23
2.03854e-23
2.03728e-23
2.03716e-23
2.03842e-23
2.04151e-23
2.04717e-23
2.05626e-23
2.06942e-23
2.0863e-23
2.1053e-23
2.12399e-23
2.13997e-23
2.15134e-23
2.15666e-23
2.15493e-23
2.14562e-23
2.12964e-23
2.1101e-23
2.09194e-23
2.07914e-23
2.07182e-23
2.0665e-23
2.05951e-23
2.0502e-23
2.04117e-23
2.03603e-23
2.03675e-23
2.04241e-23
2.05004e-23
2.05657e-23
2.06039e-23
2.0616e-23
2.0613e-23
2.06056e-23
2.05964e-23
2.05788e-23
2.05427e-23
2.04825e-23
2.04032e-23
2.03208e-23
2.02538e-23
2.02141e-23
2.02e-23
2.0199e-23
2.01968e-23
2.01892e-23
2.01847e-23
2.01937e-23
2.0214e-23
2.02285e-23
2.02181e-23
2.01771e-23
2.01163e-23
2.00558e-23
2.00148e-23
2.00022e-23
2.00141e-23
2.00343e-23
2.00426e-23
2.00223e-23
1.99651e-23
1.98739e-23
1.97585e-23
1.96288e-23
1.94929e-23
1.93585e-23
1.92387e-23
1.91543e-23
1.91295e-23
1.91818e-23
1.93114e-23
1.94988e-23
1.9709e-23
1.99074e-23
2.00725e-23
2.0204e-23
2.03211e-23
2.04494e-23
2.06067e-23
2.07937e-23
2.09955e-23
2.11883e-23
2.13463e-23
2.14453e-23
2.14644e-23
2.13901e-23
2.12201e-23
2.09665e-23
2.06546e-23
2.03212e-23
2.00108e-23
1.977e-23
1.96363e-23
1.96278e-23
1.97425e-23
1.99647e-23
2.02709e-23
2.06252e-23
2.09794e-23
2.12782e-23
2.14728e-23
2.15307e-23
2.14388e-23
2.1202e-23
2.084e-23
2.03827e-23
1.98677e-23
1.93356e-23
1.88262e-23
1.83749e-23
1.80121e-23
1.77668e-23
1.76669e-23
1.77296e-23
1.79494e-23
1.82955e-23
1.87246e-23
1.91977e-23
1.96852e-23
2.01654e-23
2.06205e-23
2.10352e-23
2.13979e-23
2.17004e-23
2.19353e-23
2.20915e-23
2.21552e-23
2.2112e-23
2.19541e-23
2.16875e-23
2.13338e-23
2.09264e-23
2.05011e-23
2.00867e-23
1.97051e-23
1.93741e-23
1.91097e-23
1.89228e-23
1.88134e-23
1.87734e-23
1.87955e-23
1.88784e-23
1.90226e-23
1.92234e-23
1.94678e-23
1.97366e-23
2.00096e-23
2.02685e-23
2.04975e-23
2.0682e-23
2.08099e-23
2.08732e-23
2.08719e-23
2.08135e-23
2.07117e-23
2.05844e-23
2.04509e-23
2.03288e-23
2.02318e-23
2.01665e-23
2.01315e-23
2.01186e-23
2.01163e-23
2.01147e-23
2.01086e-23
2.00981e-23
2.00847e-23
2.00673e-23
2.00398e-23
1.99912e-23
1.99095e-23
1.97875e-23
1.96288e-23
1.94505e-23
1.92789e-23
1.9139e-23
1.90437e-23
1.89913e-23
1.89755e-23
1.89942e-23
1.90557e-23
1.91726e-23
1.93539e-23
1.95969e-23
1.98876e-23
2.0206e-23
2.05324e-23
2.08536e-23
2.11655e-23
2.147e-23
2.17704e-23
2.20658e-23
2.23476e-23
2.2597e-23
2.27876e-23
2.28926e-23
2.28906e-23
2.27753e-23
2.2559e-23
2.22721e-23
2.1957e-23
2.16572e-23
2.14076e-23
2.12259e-23
2.11127e-23
2.10561e-23
2.10403e-23
2.10571e-23
2.11109e-23
2.12177e-23
2.1397e-23
2.16558e-23
2.19731e-23
2.22972e-23
2.25638e-23
2.27215e-23
2.27491e-23
2.26573e-23
2.24769e-23
2.22431e-23
2.19834e-23
2.1715e-23
2.14481e-23
2.11922e-23
2.09617e-23
2.07755e-23
2.06526e-23
2.06039e-23
2.06246e-23
2.06906e-23
2.07618e-23
2.07935e-23
2.07499e-23
2.06136e-23
2.03907e-23
2.01059e-23
1.97964e-23
1.95026e-23
1.92605e-23
1.90972e-23
1.90286e-23
1.90584e-23
1.9178e-23
1.93684e-23
1.96044e-23
1.9857e-23
2.00956e-23
2.02929e-23
2.043e-23
2.05029e-23
2.05258e-23
2.05282e-23
2.05472e-23
2.06131e-23
2.07399e-23
2.0921e-23
2.11334e-23
2.13469e-23
2.15319e-23
2.16661e-23
2.17381e-23
2.17479e-23
2.17052e-23
2.1625e-23
2.15257e-23
2.14252e-23
2.13365e-23
2.12643e-23
2.12058e-23
2.11548e-23
2.11068e-23
2.10603e-23
2.10167e-23
2.0981e-23
2.09621e-23
2.09722e-23
2.10197e-23
2.11006e-23
2.11934e-23
2.12638e-23
2.12792e-23
2.12246e-23
2.11134e-23
2.09848e-23
2.08863e-23
2.08471e-23
2.08663e-23
2.09213e-23
2.0986e-23
2.10424e-23
2.10791e-23
2.10869e-23
2.10554e-23
2.09747e-23
2.08398e-23
2.06543e-23
2.0429e-23
2.01809e-23
1.9935e-23
1.97288e-23
1.96093e-23
1.96151e-23
1.97522e-23
1.9986e-23
2.0256e-23
2.0501e-23
2.06791e-23
2.07761e-23
2.08033e-23
2.07872e-23
2.07593e-23
2.07481e-23
2.07744e-23
2.08461e-23
2.09547e-23
2.10772e-23
2.11846e-23
2.12529e-23
2.12717e-23
2.12475e-23
2.11993e-23
2.11492e-23
2.11132e-23
2.10947e-23
2.10846e-23
2.10685e-23
2.10375e-23
2.09941e-23
2.09527e-23
2.09317e-23
2.09451e-23
2.09964e-23
2.10763e-23
2.11648e-23
2.12358e-23
2.12632e-23
2.12274e-23
2.11226e-23
2.09629e-23
2.07874e-23
2.06517e-23
2.06013e-23
2.06409e-23
2.07302e-23
2.08109e-23
2.084e-23
2.08032e-23
2.07112e-23
2.05846e-23
2.04435e-23
2.03013e-23
2.01639e-23
2.00339e-23
1.99135e-23
1.98083e-23
1.97284e-23
1.9686e-23
1.96918e-23
1.97506e-23
1.98592e-23
2.00066e-23
2.01766e-23
2.03499e-23
2.05068e-23
2.0633e-23
2.07227e-23
2.07792e-23
2.08137e-23
2.08429e-23
2.08875e-23
2.09683e-23
2.11027e-23
2.12983e-23
2.15499e-23
2.18404e-23
2.21438e-23
2.24314e-23
2.26757e-23
2.28548e-23
2.29546e-23
2.29687e-23
2.28981e-23
2.27491e-23
2.25324e-23
2.22616e-23
2.19513e-23
2.16161e-23
2.12716e-23
2.09402e-23
2.06547e-23
2.04521e-23
2.03544e-23
2.03513e-23
2.04021e-23
2.04604e-23
2.04957e-23
2.04991e-23
2.04756e-23
2.04338e-23
2.0381e-23
2.03239e-23
2.02728e-23
2.02402e-23
2.02347e-23
2.02545e-23
2.02872e-23
2.03187e-23
2.03411e-23
2.03561e-23
2.03718e-23
2.03966e-23
2.04338e-23
2.04813e-23
2.05332e-23
2.05799e-23
2.06079e-23
2.06009e-23
2.05437e-23
2.04284e-23
2.02581e-23
2.00491e-23
1.98273e-23
1.96226e-23
1.94606e-23
1.93577e-23
1.93174e-23
1.93329e-23
1.93914e-23
1.94786e-23
1.95828e-23
1.96961e-23
1.9812e-23
1.99211e-23
2.00118e-23
2.00729e-23
2.00996e-23
2.0097e-23
2.00805e-23
2.00721e-23
2.00917e-23
2.01485e-23
2.02337e-23
2.03191e-23
2.03626e-23
2.03216e-23
2.01674e-23
1.98968e-23
1.95379e-23
1.91479e-23
1.88021e-23
1.85709e-23
1.8489e-23
1.85417e-23
1.8682e-23
1.88613e-23
1.90481e-23
1.92318e-23
1.94159e-23
1.96111e-23
1.98281e-23
2.00726e-23
2.0341e-23
2.06209e-23
2.08937e-23
2.11409e-23
2.13476e-23
2.15047e-23
2.16083e-23
2.16564e-23
2.1648e-23
2.15839e-23
2.14689e-23
2.1315e-23
2.11402e-23
2.0967e-23
2.08195e-23
2.07189e-23
2.06801e-23
2.07065e-23
2.5384e-23
2.54261e-23
2.54132e-23
2.53305e-23
2.51684e-23
2.4924e-23
2.4603e-23
2.42228e-23
2.38101e-23
2.33953e-23
2.3008e-23
2.26697e-23
2.23922e-23
2.21799e-23
2.20412e-23
2.19986e-23
2.20803e-23
2.22996e-23
2.2638e-23
2.30426e-23
2.34443e-23
2.37824e-23
2.40233e-23
2.4163e-23
2.42158e-23
2.41986e-23
2.41205e-23
2.3979e-23
2.37655e-23
2.34792e-23
2.31415e-23
2.27994e-23
2.25145e-23
2.23429e-23
2.23163e-23
2.24353e-23
2.26734e-23
2.29906e-23
2.33438e-23
2.36929e-23
2.40074e-23
2.42774e-23
2.45187e-23
2.47579e-23
2.49995e-23
2.52111e-23
2.53431e-23
2.53604e-23
2.52548e-23
2.50413e-23
2.47487e-23
2.44136e-23
2.40755e-23
2.3774e-23
2.3543e-23
2.34015e-23
2.33483e-23
2.33629e-23
2.34164e-23
2.34836e-23
2.35511e-23
2.36153e-23
2.36782e-23
2.37447e-23
2.38212e-23
2.39133e-23
2.40216e-23
2.41382e-23
2.42491e-23
2.43402e-23
2.44035e-23
2.44419e-23
2.44706e-23
2.45119e-23
2.45854e-23
2.46944e-23
2.48168e-23
2.49107e-23
2.49314e-23
2.48494e-23
2.46597e-23
2.43835e-23
2.40634e-23
2.37563e-23
2.35159e-23
2.33691e-23
2.33042e-23
2.32855e-23
2.32819e-23
2.32862e-23
2.33167e-23
2.34032e-23
2.35653e-23
2.37978e-23
2.40698e-23
2.43395e-23
2.45718e-23
2.475e-23
2.48778e-23
2.49688e-23
2.50309e-23
2.50583e-23
2.50365e-23
2.49537e-23
2.48131e-23
2.4635e-23
2.44488e-23
2.42817e-23
2.41487e-23
2.40464e-23
2.39566e-23
2.38569e-23
2.37301e-23
2.35694e-23
2.33792e-23
2.31716e-23
2.29601e-23
2.27525e-23
2.25487e-23
2.23398e-23
2.21132e-23
2.18582e-23
2.15733e-23
2.12738e-23
2.09947e-23
2.07864e-23
2.0704e-23
2.07882e-23
2.10466e-23
2.14449e-23
2.1917e-23
2.239e-23
2.28088e-23
2.31509e-23
2.34273e-23
2.367e-23
2.39111e-23
2.41615e-23
2.44027e-23
2.4597e-23
2.47095e-23
2.47244e-23
2.46487e-23
2.45044e-23
2.43208e-23
2.41287e-23
2.39584e-23
2.3836e-23
2.37798e-23
2.3795e-23
2.38681e-23
2.39657e-23
2.40442e-23
2.40653e-23
2.4008e-23
2.38693e-23
2.36617e-23
2.34117e-23
2.31574e-23
2.29388e-23
2.27892e-23
2.27299e-23
2.27703e-23
2.29096e-23
2.31334e-23
2.34121e-23
2.37059e-23
2.39712e-23
2.4168e-23
2.42619e-23
2.42235e-23
2.4033e-23
2.36857e-23
2.32022e-23
2.26406e-23
2.21008e-23
2.17055e-23
2.15504e-23
2.16533e-23
2.19498e-23
2.23375e-23
2.27239e-23
2.30505e-23
2.32934e-23
2.34552e-23
2.35559e-23
2.36226e-23
2.36796e-23
2.37393e-23
2.37965e-23
2.38341e-23
2.38379e-23
2.381e-23
2.37682e-23
2.37328e-23
2.37122e-23
2.37006e-23
2.36814e-23
2.36338e-23
2.35365e-23
2.33748e-23
2.31476e-23
2.28712e-23
2.25799e-23
2.23199e-23
2.2138e-23
2.20675e-23
2.21177e-23
2.22708e-23
2.24893e-23
2.27278e-23
2.2943e-23
2.3102e-23
2.31852e-23
2.31859e-23
2.31086e-23
2.29673e-23
2.27826e-23
2.25775e-23
2.23719e-23
2.21779e-23
2.19972e-23
2.18236e-23
2.16486e-23
2.14679e-23
2.12856e-23
2.11132e-23
2.09645e-23
2.08488e-23
2.07669e-23
2.07139e-23
2.06887e-23
2.06995e-23
2.07655e-23
2.09096e-23
2.11521e-23
2.15049e-23
2.19656e-23
2.25122e-23
2.31025e-23
2.36778e-23
2.4175e-23
2.45376e-23
2.47288e-23
2.47392e-23
2.45897e-23
2.43289e-23
2.40247e-23
2.37506e-23
2.35645e-23
2.34952e-23
2.35384e-23
2.36669e-23
2.38452e-23
2.40382e-23
2.42117e-23
2.43322e-23
2.43708e-23
2.43152e-23
2.41776e-23
2.39955e-23
2.38197e-23
2.36923e-23
2.3627e-23
2.36049e-23
2.35911e-23
2.35549e-23
2.34805e-23
2.33649e-23
2.32144e-23
2.30417e-23
2.28663e-23
2.27083e-23
2.25834e-23
2.25014e-23
2.24707e-23
2.25039e-23
2.26137e-23
2.28032e-23
2.30571e-23
2.33446e-23
2.36334e-23
2.39028e-23
2.41484e-23
2.43758e-23
2.45901e-23
2.47883e-23
2.49623e-23
2.51015e-23
2.51952e-23
2.52298e-23
2.51905e-23
2.50655e-23
2.48526e-23
2.45621e-23
2.42129e-23
2.38267e-23
2.34225e-23
2.30144e-23
2.26132e-23
2.22321e-23
2.18913e-23
2.16166e-23
2.14324e-23
2.13545e-23
2.13848e-23
2.15133e-23
2.17249e-23
2.20012e-23
2.23184e-23
2.26486e-23
2.29662e-23
2.32578e-23
2.35216e-23
2.37607e-23
2.39704e-23
2.41337e-23
2.42257e-23
2.42252e-23
2.41253e-23
2.39403e-23
2.3706e-23
2.34705e-23
2.32779e-23
2.31555e-23
2.31092e-23
2.31245e-23
2.31733e-23
2.32223e-23
2.32435e-23
2.32232e-23
2.31671e-23
2.30983e-23
2.3049e-23
2.30495e-23
2.3117e-23
2.32508e-23
2.34351e-23
2.36477e-23
2.38628e-23
2.40487e-23
2.41654e-23
2.41717e-23
2.40429e-23
2.3796e-23
2.34984e-23
2.3237e-23
2.30588e-23
2.29472e-23
2.28601e-23
2.27713e-23
2.26751e-23
2.25737e-23
2.2474e-23
2.23926e-23
2.23596e-23
2.24129e-23
2.25833e-23
2.28779e-23
2.32717e-23
2.37137e-23
2.41487e-23
2.45351e-23
2.48538e-23
2.51021e-23
2.52838e-23
2.54007e-23
2.54499e-23
2.54249e-23
2.53218e-23
2.51416e-23
2.48911e-23
2.45833e-23
2.42383e-23
2.3885e-23
2.35611e-23
2.33102e-23
2.31729e-23
2.31698e-23
2.32863e-23
2.34753e-23
2.36793e-23
2.38474e-23
2.39453e-23
2.39636e-23
2.39248e-23
2.38837e-23
2.39132e-23
2.4077e-23
2.43983e-23
2.4846e-23
2.53448e-23
2.58036e-23
2.61432e-23
2.63161e-23
2.63156e-23
2.61734e-23
2.59455e-23
2.56926e-23
2.54551e-23
2.52409e-23
2.50322e-23
2.48086e-23
2.45726e-23
2.43637e-23
2.4247e-23
2.42786e-23
2.44694e-23
2.47734e-23
2.51119e-23
2.54083e-23
2.56107e-23
2.56984e-23
2.56753e-23
2.5564e-23
2.53967e-23
2.5205e-23
2.50132e-23
2.48315e-23
2.46567e-23
2.44765e-23
2.42757e-23
2.40431e-23
2.37741e-23
2.34712e-23
2.31428e-23
2.28047e-23
2.24824e-23
2.22135e-23
2.20389e-23
2.19898e-23
2.20746e-23
2.22738e-23
2.25474e-23
2.28487e-23
2.31392e-23
2.33959e-23
2.36161e-23
2.38154e-23
2.40197e-23
2.42553e-23
2.45351e-23
2.48519e-23
2.51813e-23
2.54921e-23
2.5756e-23
2.59525e-23
2.60678e-23
2.60942e-23
2.60317e-23
2.58917e-23
2.56992e-23
2.54901e-23
2.52985e-23
2.51408e-23
2.50055e-23
2.48611e-23
2.46807e-23
2.4463e-23
2.42333e-23
2.40268e-23
2.38664e-23
2.37507e-23
2.36575e-23
2.35544e-23
2.34109e-23
2.32094e-23
2.29518e-23
2.2658e-23
2.23602e-23
2.20924e-23
2.18824e-23
2.17473e-23
2.16965e-23
2.17339e-23
2.18605e-23
2.20725e-23
2.23558e-23
2.26816e-23
2.30086e-23
2.32927e-23
2.34989e-23
2.3609e-23
2.36247e-23
2.35656e-23
2.34613e-23
2.33422e-23
2.32302e-23
2.31364e-23
2.30608e-23
2.29991e-23
2.29497e-23
2.29168e-23
2.29099e-23
2.29408e-23
2.30185e-23
2.31449e-23
2.33084e-23
2.34773e-23
2.36053e-23
2.3647e-23
2.35744e-23
2.33844e-23
2.30984e-23
2.27529e-23
2.23895e-23
2.20473e-23
2.17608e-23
2.15632e-23
2.14871e-23
2.15564e-23
2.17725e-23
2.21061e-23
2.25021e-23
2.28953e-23
2.32278e-23
2.34587e-23
2.35697e-23
2.35675e-23
2.34812e-23
2.33563e-23
2.32457e-23
2.31915e-23
2.32092e-23
2.328e-23
2.3358e-23
2.33912e-23
2.33424e-23
2.32034e-23
2.29977e-23
2.27745e-23
2.25988e-23
2.25364e-23
2.26334e-23
2.28999e-23
2.33074e-23
2.38022e-23
2.4322e-23
2.48066e-23
2.52032e-23
2.5469e-23
2.55743e-23
2.55097e-23
2.52907e-23
2.49606e-23
2.45867e-23
2.4245e-23
2.3997e-23
2.38662e-23
2.38323e-23
2.38463e-23
2.38552e-23
2.38258e-23
2.37557e-23
2.3667e-23
2.35872e-23
2.35309e-23
2.34954e-23
2.34691e-23
2.3442e-23
2.34069e-23
2.33572e-23
2.32857e-23
2.31877e-23
2.30656e-23
2.29309e-23
2.28031e-23
2.27024e-23
2.26449e-23
2.2637e-23
2.26732e-23
2.27358e-23
2.27994e-23
2.284e-23
2.28454e-23
2.2821e-23
2.27889e-23
2.27807e-23
2.28271e-23
2.29493e-23
2.31481e-23
2.34001e-23
2.36629e-23
2.38867e-23
2.40322e-23
2.40827e-23
2.40479e-23
2.39577e-23
2.38496e-23
2.37566e-23
2.3698e-23
2.36802e-23
2.37069e-23
2.37935e-23
2.39762e-23
2.42948e-23
2.47525e-23
2.52951e-23
2.58341e-23
2.62854e-23
2.659e-23
2.67158e-23
2.66506e-23
2.63991e-23
2.59775e-23
2.54129e-23
2.47406e-23
2.40031e-23
2.3248e-23
2.25245e-23
2.18809e-23
2.13629e-23
2.10124e-23
2.08584e-23
2.08948e-23
2.10698e-23
2.13119e-23
2.15715e-23
2.18391e-23
2.21274e-23
2.24397e-23
2.27517e-23
2.30188e-23
2.31932e-23
2.32376e-23
2.31401e-23
2.29276e-23
2.2672e-23
2.24734e-23
2.24191e-23
2.25475e-23
2.28442e-23
2.32671e-23
2.37676e-23
2.42984e-23
2.48131e-23
2.52669e-23
2.56212e-23
2.58458e-23
2.59227e-23
2.58495e-23
2.564e-23
2.53187e-23
2.49146e-23
2.44541e-23
2.39581e-23
2.34445e-23
2.29347e-23
2.24552e-23
2.20355e-23
2.17012e-23
2.1466e-23
2.133e-23
2.12853e-23
2.13238e-23
2.14418e-23
2.16363e-23
2.18986e-23
2.22096e-23
2.25424e-23
2.2869e-23
2.31685e-23
2.34326e-23
2.36635e-23
2.38681e-23
2.40505e-23
2.42088e-23
2.4339e-23
2.44374e-23
2.44991e-23
2.4514e-23
2.44686e-23
2.43553e-23
2.41801e-23
2.39645e-23
2.37397e-23
2.35399e-23
2.33956e-23
2.33298e-23
2.33554e-23
2.34727e-23
2.36672e-23
2.39115e-23
2.41682e-23
2.4395e-23
2.45553e-23
2.46269e-23
2.46082e-23
2.45163e-23
2.43783e-23
2.42179e-23
2.40445e-23
2.38507e-23
2.36215e-23
2.33475e-23
2.30359e-23
2.27141e-23
2.24224e-23
2.21998e-23
2.20685e-23
2.20276e-23
2.20573e-23
2.21316e-23
2.22272e-23
2.23288e-23
2.24304e-23
2.25318e-23
2.26351e-23
2.27417e-23
2.28513e-23
2.29623e-23
2.30727e-23
2.3182e-23
2.32901e-23
2.33982e-23
2.35073e-23
2.36154e-23
2.37175e-23
2.38075e-23
2.38816e-23
2.39348e-23
2.39564e-23
2.39354e-23
2.38706e-23
2.37804e-23
2.37049e-23
2.36907e-23
2.37681e-23
2.39321e-23
2.41401e-23
2.43298e-23
2.4444e-23
2.44471e-23
2.43312e-23
2.41158e-23
2.38439e-23
2.35739e-23
2.33704e-23
2.32866e-23
2.33444e-23
2.35231e-23
2.37688e-23
2.4017e-23
2.42099e-23
2.43014e-23
2.42579e-23
2.40645e-23
2.37346e-23
2.33182e-23
2.28983e-23
2.25718e-23
2.24149e-23
2.24575e-23
2.26774e-23
2.3017e-23
2.34024e-23
2.37578e-23
2.40197e-23
2.4151e-23
2.41504e-23
2.40473e-23
2.38839e-23
2.36978e-23
2.35177e-23
2.33662e-23
2.32619e-23
2.32211e-23
2.326e-23
2.33951e-23
2.36256e-23
2.39157e-23
2.41991e-23
2.441e-23
2.45085e-23
2.44848e-23
2.43492e-23
2.41214e-23
2.38266e-23
2.34951e-23
2.31663e-23
2.2886e-23
2.26987e-23
2.26327e-23
2.26887e-23
2.28373e-23
2.30298e-23
2.3217e-23
2.33643e-23
2.34551e-23
2.34876e-23
2.34687e-23
2.34071e-23
2.33082e-23
2.31702e-23
2.29876e-23
2.27596e-23
2.24988e-23
2.2233e-23
2.19987e-23
2.18361e-23
2.17861e-23
2.18781e-23
2.21103e-23
2.2442e-23
2.2809e-23
2.31495e-23
2.3423e-23
2.36131e-23
2.37215e-23
2.37588e-23
2.37366e-23
2.36642e-23
2.35477e-23
2.33938e-23
2.32131e-23
2.30212e-23
2.28385e-23
2.26846e-23
2.25737e-23
2.25103e-23
2.24885e-23
2.24941e-23
2.25094e-23
2.25172e-23
2.25048e-23
2.24644e-23
2.23938e-23
2.22948e-23
2.21711e-23
2.20264e-23
2.18684e-23
2.17154e-23
2.16062e-23
2.15982e-23
2.17484e-23
2.20792e-23
2.256e-23
2.31188e-23
2.36713e-23
2.41399e-23
2.44628e-23
2.45978e-23
2.4525e-23
2.42503e-23
2.38073e-23
2.32606e-23
2.27029e-23
2.22413e-23
2.19687e-23
2.19336e-23
2.21277e-23
2.2496e-23
2.29639e-23
2.34608e-23
2.39321e-23
2.4342e-23
2.46731e-23
2.49227e-23
2.51006e-23
2.52232e-23
2.53065e-23
2.53609e-23
2.53909e-23
2.53993e-23
2.53907e-23
2.53712e-23
2.53447e-23
2.53106e-23
2.52626e-23
2.51913e-23
2.50872e-23
2.49422e-23
2.47504e-23
2.45101e-23
2.42294e-23
2.39286e-23
2.3635e-23
2.33667e-23
2.31251e-23
2.29036e-23
2.27007e-23
2.25262e-23
2.23981e-23
2.23339e-23
2.23409e-23
2.24106e-23
2.25206e-23
2.26431e-23
2.27571e-23
2.28517e-23
2.29241e-23
2.29703e-23
2.29838e-23
2.29632e-23
2.29177e-23
2.28629e-23
2.28121e-23
2.27687e-23
2.27257e-23
2.26731e-23
2.26075e-23
2.25376e-23
2.24817e-23
2.2459e-23
2.24788e-23
2.25375e-23
2.26208e-23
2.27103e-23
2.27886e-23
2.28405e-23
2.28554e-23
2.28376e-23
2.28195e-23
2.28632e-23
2.30359e-23
2.33667e-23
2.38221e-23
2.43267e-23
2.47965e-23
2.51633e-23
2.53808e-23
2.54221e-23
2.52797e-23
2.49677e-23
2.45267e-23
2.40237e-23
2.35444e-23
2.31735e-23
2.2972e-23
2.2967e-23
2.31574e-23
2.35182e-23
2.39954e-23
2.45048e-23
2.49484e-23
2.52429e-23
2.53414e-23
2.52392e-23
2.49682e-23
2.4585e-23
2.41525e-23
2.37233e-23
2.33301e-23
2.29883e-23
2.27096e-23
2.25127e-23
2.24234e-23
2.24646e-23
2.26444e-23
2.29541e-23
2.33718e-23
2.38654e-23
2.43933e-23
2.49022e-23
2.53293e-23
2.56085e-23
2.5685e-23
2.55317e-23
2.51621e-23
2.4632e-23
2.40291e-23
2.34528e-23
2.29966e-23
2.2732e-23
2.26921e-23
2.28612e-23
2.31846e-23
2.35877e-23
2.39941e-23
2.43376e-23
2.45724e-23
2.46764e-23
2.46518e-23
2.45208e-23
2.43164e-23
2.40735e-23
2.38199e-23
2.35725e-23
2.33357e-23
2.31068e-23
2.28845e-23
2.2677e-23
2.25047e-23
2.23927e-23
2.23609e-23
2.24144e-23
2.25401e-23
2.27116e-23
2.2896e-23
2.30605e-23
2.31769e-23
2.32269e-23
2.321e-23
2.31534e-23
2.31085e-23
2.31268e-23
2.32261e-23
2.33764e-23
2.35213e-23
2.36106e-23
