3.46471e-20
3.45594e-20
3.44013e-20
3.41626e-20
3.38292e-20
3.33829e-20
3.28002e-20
3.20575e-20
3.11286e-20
2.99927e-20
2.8639e-20
2.70767e-20
2.53437e-20
2.35119e-20
2.16811e-20
1.99714e-20
1.84952e-20
1.73368e-20
1.65386e-20
1.60999e-20
1.59866e-20
1.61391e-20
1.64909e-20
1.69711e-20
1.75182e-20
1.80796e-20
1.86163e-20
1.90993e-20
1.95149e-20
1.9855e-20
2.01205e-20
2.03157e-20
2.0444e-20
2.05069e-20
2.05038e-20
2.04351e-20
2.03022e-20
2.01096e-20
1.98697e-20
1.96015e-20
1.93269e-20
1.90708e-20
1.88604e-20
1.87186e-20
1.86645e-20
1.87046e-20
1.88275e-20
1.90124e-20
1.92278e-20
1.94442e-20
1.96371e-20
1.97895e-20
1.98906e-20
1.99367e-20
1.9929e-20
1.98759e-20
1.97922e-20
1.96976e-20
1.96107e-20
1.95483e-20
1.95214e-20
1.95333e-20
1.95797e-20
1.96517e-20
1.97379e-20
1.98267e-20
1.99079e-20
1.99732e-20
2.00156e-20
2.00304e-20
2.00125e-20
1.99585e-20
1.98663e-20
1.97375e-20
1.95791e-20
1.94029e-20
1.92282e-20
1.90749e-20
1.89559e-20
1.88762e-20
1.88278e-20
1.87985e-20
1.87766e-20
1.87545e-20
1.87275e-20
1.86909e-20
1.86395e-20
1.85669e-20
1.84729e-20
1.83673e-20
1.82646e-20
1.81829e-20
1.81375e-20
1.81379e-20
1.81852e-20
1.82745e-20
1.83947e-20
1.85316e-20
1.86702e-20
1.87967e-20
1.88981e-20
1.89608e-20
1.89764e-20
1.89395e-20
1.88528e-20
1.87252e-20
1.85729e-20
1.84136e-20
1.82666e-20
1.81458e-20
1.80609e-20
1.80126e-20
1.79989e-20
1.8016e-20
1.806e-20
1.8125e-20
1.82089e-20
1.83079e-20
1.84187e-20
1.85321e-20
1.86352e-20
1.87117e-20
1.8748e-20
1.87389e-20
1.86944e-20
1.86402e-20
1.86106e-20
1.86402e-20
1.87488e-20
1.89374e-20
1.91857e-20
1.94611e-20
1.97275e-20
1.99522e-20
2.01194e-20
2.02225e-20
2.02697e-20
2.02769e-20
2.02614e-20
2.02393e-20
2.02206e-20
2.02073e-20
2.01955e-20
2.0178e-20
2.01451e-20
2.00888e-20
2.00045e-20
1.98929e-20
1.97599e-20
1.96164e-20
1.9477e-20
1.93559e-20
1.92649e-20
1.92065e-20
1.91747e-20
1.91589e-20
1.91472e-20
1.91314e-20
1.91104e-20
1.90902e-20
1.90802e-20
1.9092e-20
1.91361e-20
1.92164e-20
1.93322e-20
1.94745e-20
1.96279e-20
1.9773e-20
1.98886e-20
1.99541e-20
1.99547e-20
1.98842e-20
1.9748e-20
1.95632e-20
1.93583e-20
1.91608e-20
1.89928e-20
1.88609e-20
1.87598e-20
1.86753e-20
1.8597e-20
1.85232e-20
1.84645e-20
1.84379e-20
1.84596e-20
1.85401e-20
1.86752e-20
1.88473e-20
1.90299e-20
1.91946e-20
1.93192e-20
1.93919e-20
1.94094e-20
1.938e-20
1.93156e-20
1.92283e-20
1.913e-20
1.90267e-20
1.89202e-20
1.88162e-20
1.87171e-20
1.86316e-20
1.8571e-20
1.85496e-20
1.85802e-20
1.8671e-20
1.8824e-20
1.90318e-20
1.9278e-20
1.95399e-20
1.9795e-20
2.00196e-20
2.01946e-20
2.03066e-20
2.03488e-20
2.03188e-20
2.02201e-20
2.0062e-20
1.98581e-20
1.96266e-20
1.93889e-20
1.91666e-20
1.89764e-20
1.88289e-20
1.87277e-20
1.86684e-20
1.86404e-20
1.86325e-20
1.86359e-20
1.86458e-20
1.86606e-20
1.86832e-20
1.8717e-20
1.87646e-20
1.88248e-20
1.88945e-20
1.89652e-20
1.90278e-20
1.90729e-20
1.90945e-20
1.90897e-20
1.90605e-20
1.90137e-20
1.89596e-20
1.8909e-20
1.88729e-20
1.88604e-20
1.88737e-20
1.89112e-20
1.89667e-20
1.90298e-20
1.90879e-20
1.91311e-20
1.91514e-20
1.9147e-20
1.91194e-20
1.90746e-20
1.90201e-20
1.89617e-20
1.89027e-20
1.88442e-20
1.8786e-20
1.87276e-20
1.86699e-20
1.86151e-20
1.85631e-20
1.85151e-20
1.84713e-20
1.84324e-20
1.84e-20
1.83764e-20
1.83666e-20
1.83772e-20
1.84132e-20
1.84775e-20
1.85692e-20
1.86797e-20
1.87987e-20
1.89154e-20
1.90203e-20
1.91089e-20
1.91793e-20
1.92336e-20
1.92741e-20
1.93031e-20
1.93229e-20
1.93344e-20
1.93419e-20
1.93527e-20
1.93787e-20
1.94318e-20
1.95175e-20
1.96298e-20
1.97529e-20
1.98681e-20
1.99565e-20
2.00033e-20
1.99982e-20
1.99341e-20
1.98049e-20
1.96086e-20
1.93483e-20
1.90359e-20
1.86969e-20
1.83677e-20
1.80921e-20
1.79093e-20
1.78422e-20
1.7889e-20
1.80244e-20
1.82089e-20
1.83965e-20
1.85507e-20
1.86427e-20
1.86572e-20
1.85924e-20
1.84601e-20
1.82784e-20
1.80732e-20
1.7872e-20
1.76986e-20
1.75714e-20
1.74991e-20
1.74821e-20
1.75154e-20
1.75905e-20
1.76945e-20
1.7814e-20
1.79365e-20
1.80511e-20
1.81488e-20
1.82264e-20
1.82841e-20
1.83253e-20
1.83534e-20
1.8373e-20
1.83868e-20
1.83901e-20
1.8375e-20
1.83281e-20
1.82374e-20
1.80986e-20
1.79178e-20
1.77125e-20
1.7507e-20
1.73287e-20
1.71991e-20
1.71351e-20
1.71425e-20
1.72171e-20
1.73456e-20
1.75098e-20
1.76877e-20
1.78564e-20
1.80002e-20
1.81055e-20
1.81649e-20
1.81772e-20
1.81504e-20
1.80986e-20
1.80398e-20
1.79921e-20
1.79696e-20
1.79833e-20
1.80387e-20
1.81391e-20
1.82831e-20
1.84683e-20
1.86881e-20
1.89328e-20
1.91891e-20
1.94425e-20
1.96774e-20
1.98808e-20
2.00419e-20
2.01546e-20
2.02158e-20
2.02234e-20
2.01805e-20
2.00925e-20
1.99686e-20
1.98203e-20
1.96628e-20
1.95089e-20
1.93682e-20
1.92437e-20
1.91326e-20
1.90264e-20
1.8917e-20
1.87985e-20
1.86718e-20
1.85415e-20
1.84155e-20
1.82994e-20
1.81958e-20
1.80992e-20
1.8004e-20
1.79038e-20
1.77997e-20
1.76962e-20
1.76046e-20
1.75421e-20
1.75206e-20
1.75474e-20
1.76206e-20
1.77322e-20
1.7873e-20
1.80346e-20
1.82145e-20
1.84127e-20
1.86333e-20
1.8879e-20
1.91488e-20
1.94377e-20
1.97369e-20
2.00301e-20
2.03015e-20
2.05329e-20
2.07109e-20
2.0826e-20
2.08773e-20
2.08697e-20
2.08145e-20
2.07213e-20
2.05967e-20
2.04428e-20
2.02547e-20
2.00238e-20
1.9742e-20
1.94058e-20
1.90198e-20
1.86017e-20
1.81797e-20
1.77926e-20
1.74816e-20
1.7283e-20
1.72151e-20
1.72767e-20
1.74462e-20
1.76898e-20
1.79716e-20
1.82592e-20
1.85291e-20
1.87657e-20
1.89572e-20
1.90959e-20
1.91809e-20
1.92133e-20
1.92036e-20
1.91658e-20
1.91165e-20
1.90717e-20
1.90384e-20
1.90181e-20
1.90064e-20
1.89937e-20
1.89699e-20
1.89293e-20
1.88692e-20
1.87908e-20
1.86987e-20
1.8595e-20
1.84815e-20
1.83547e-20
1.8214e-20
1.80576e-20
1.7889e-20
1.77178e-20
1.75579e-20
1.74251e-20
1.73337e-20
1.72959e-20
1.73126e-20
1.738e-20
1.74869e-20
1.76215e-20
1.77727e-20
1.79349e-20
1.81034e-20
1.82768e-20
1.84494e-20
1.86192e-20
1.87807e-20
1.89277e-20
1.90535e-20
1.91521e-20
1.92182e-20
1.9248e-20
1.9239e-20
1.91889e-20
1.90945e-20
1.8955e-20
1.87702e-20
1.85434e-20
1.82813e-20
1.79947e-20
1.76996e-20
1.74127e-20
1.71512e-20
1.69295e-20
1.67568e-20
1.66397e-20
1.65793e-20
1.65772e-20
1.66315e-20
1.67398e-20
1.68959e-20
1.709e-20
1.73081e-20
1.75334e-20
1.77487e-20
1.7941e-20
1.80996e-20
1.82207e-20
1.83026e-20
1.83462e-20
1.83506e-20
1.83154e-20
1.82407e-20
1.81281e-20
1.79838e-20
1.78177e-20
1.76449e-20
1.74805e-20
1.73413e-20
1.72386e-20
1.71799e-20
1.71662e-20
1.71966e-20
1.72652e-20
1.73662e-20
1.74901e-20
1.76251e-20
1.7755e-20
1.78618e-20
1.79312e-20
1.79536e-20
1.79279e-20
1.78607e-20
1.77631e-20
1.76495e-20
1.75357e-20
1.74369e-20
1.73651e-20
1.73309e-20
1.73375e-20
1.73855e-20
1.74658e-20
1.75656e-20
1.76724e-20
1.77779e-20
1.78792e-20
1.79798e-20
1.80879e-20
1.82076e-20
1.83385e-20
1.8472e-20
1.85963e-20
1.86998e-20
1.8774e-20
1.88139e-20
1.88198e-20
1.87975e-20
1.87538e-20
1.86965e-20
1.8632e-20
1.85622e-20
1.849e-20
1.84146e-20
1.83354e-20
1.8247e-20
1.81472e-20
1.80327e-20
1.7902e-20
1.77552e-20
1.75951e-20
1.7426e-20
1.72526e-20
1.70804e-20
1.69142e-20
1.67563e-20
1.6608e-20
1.64712e-20
1.6346e-20
1.62362e-20
1.61453e-20
1.60751e-20
1.60252e-20
1.5996e-20
1.59827e-20
1.59822e-20
1.59919e-20
1.60099e-20
1.60404e-20
1.60856e-20
1.61468e-20
1.62228e-20
1.63107e-20
1.64035e-20
1.64963e-20
1.65863e-20
1.66748e-20
1.67696e-20
1.68826e-20
1.70254e-20
1.7206e-20
1.74225e-20
1.76638e-20
1.79109e-20
1.81403e-20
1.83313e-20
1.84676e-20
1.85398e-20
1.85458e-20
1.84904e-20
1.83805e-20
1.8225e-20
1.80352e-20
1.78226e-20
1.76015e-20
1.73858e-20
1.71907e-20
1.70272e-20
1.69053e-20
1.68279e-20
1.67932e-20
1.6795e-20
1.68257e-20
1.68776e-20
1.69424e-20
1.70155e-20
1.70925e-20
1.7171e-20
1.72509e-20
1.73342e-20
1.74255e-20
1.75258e-20
1.76346e-20
1.77452e-20
1.78475e-20
1.79282e-20
1.79749e-20
1.79778e-20
1.79324e-20
1.78411e-20
1.77137e-20
1.75623e-20
1.74028e-20
1.72486e-20
1.71097e-20
1.69938e-20
1.69024e-20
1.68333e-20
1.67827e-20
1.67437e-20
1.67086e-20
1.66684e-20
1.66167e-20
1.65493e-20
1.64663e-20
1.63699e-20
1.62688e-20
1.61726e-20
1.60915e-20
1.60342e-20
1.60056e-20
1.60063e-20
1.60341e-20
1.60868e-20
1.61637e-20
1.62649e-20
1.63905e-20
1.6538e-20
1.67019e-20
1.68748e-20
1.70458e-20
1.72064e-20
1.73512e-20
1.74785e-20
1.75906e-20
1.76965e-20
1.7804e-20
1.79207e-20
1.8052e-20
1.8198e-20
1.83525e-20
1.85047e-20
1.86405e-20
1.87472e-20
1.8815e-20
1.88405e-20
1.88258e-20
1.87809e-20
1.87191e-20
1.86594e-20
1.86187e-20
1.86124e-20
1.86478e-20
1.87272e-20
1.88429e-20
1.89835e-20
1.91355e-20
1.92864e-20
1.94285e-20
1.95529e-20
1.96543e-20
1.97255e-20
1.97584e-20
1.97445e-20
1.9677e-20
1.95532e-20
1.93749e-20
1.91527e-20
1.89053e-20
1.86558e-20
1.84297e-20
1.82492e-20
1.81276e-20
1.80653e-20
1.80536e-20
1.80788e-20
1.81299e-20
1.81991e-20
1.82803e-20
1.83681e-20
1.84502e-20
1.85146e-20
1.85541e-20
1.85662e-20
1.85575e-20
1.85386e-20
1.85226e-20
1.85206e-20
1.85417e-20
1.85869e-20
1.86548e-20
1.87366e-20
1.88227e-20
1.89072e-20
1.89856e-20
1.90583e-20
1.91276e-20
1.91994e-20
1.92779e-20
1.93681e-20
1.94691e-20
1.95802e-20
1.9694e-20
1.98006e-20
1.98887e-20
1.99465e-20
1.99615e-20
1.99237e-20
1.98277e-20
1.96748e-20
1.94709e-20
1.92321e-20
1.89803e-20
1.87393e-20
1.85306e-20
1.83694e-20
1.82615e-20
1.82042e-20
1.81875e-20
1.81986e-20
1.82241e-20
1.82548e-20
1.82846e-20
1.83126e-20
1.83435e-20
1.83829e-20
1.84384e-20
1.85172e-20
1.86223e-20
1.87507e-20
1.88911e-20
1.90247e-20
1.91287e-20
1.91803e-20
1.91637e-20
1.90711e-20
1.89083e-20
1.86974e-20
1.84707e-20
1.82681e-20
1.81224e-20
1.80521e-20
1.80532e-20
1.81083e-20
1.81987e-20
1.83134e-20
1.84519e-20
1.86162e-20
1.88072e-20
1.90127e-20
1.92169e-20
1.9398e-20
1.95365e-20
1.96199e-20
1.96437e-20
1.96111e-20
1.95299e-20
1.94096e-20
1.92597e-20
1.90861e-20
1.88903e-20
1.86723e-20
1.84303e-20
1.81712e-20
1.79116e-20
1.76776e-20
1.75012e-20
1.74113e-20
1.74246e-20
1.75411e-20
1.77452e-20
1.80117e-20
1.83124e-20
1.86182e-20
1.89009e-20
1.91378e-20
1.93131e-20
1.94179e-20
1.9453e-20
1.94267e-20
1.93531e-20
1.92495e-20
1.91307e-20
1.90093e-20
1.88923e-20
1.8782e-20
1.86782e-20
1.85814e-20
1.84945e-20
1.84251e-20
1.83825e-20
1.83738e-20
1.84024e-20
1.84656e-20
1.85556e-20
1.86625e-20
1.87783e-20
1.88965e-20
1.9016e-20
1.91349e-20
1.92531e-20
1.93688e-20
1.94783e-20
1.95748e-20
1.96518e-20
1.97021e-20
1.97188e-20
1.96969e-20
1.96299e-20
1.95152e-20
1.93518e-20
1.91387e-20
1.88795e-20
1.85793e-20
1.82467e-20
1.78972e-20
1.75503e-20
1.72339e-20
1.69784e-20
1.68163e-20
1.67693e-20
1.68411e-20
1.70204e-20
1.72767e-20
1.75716e-20
1.78666e-20
1.81316e-20
1.8347e-20
1.8507e-20
1.86172e-20
1.86901e-20
1.87414e-20
1.87836e-20
1.88205e-20
1.88471e-20
1.88527e-20
1.88273e-20
1.87648e-20
1.86622e-20
1.85214e-20
1.83476e-20
1.81494e-20
1.79357e-20
1.77211e-20
1.75237e-20
1.73643e-20
1.72673e-20
1.72532e-20
1.73312e-20
1.74945e-20
1.77191e-20
1.79683e-20
1.82026e-20
1.83893e-20
1.85086e-20
1.85551e-20
1.8536e-20
1.84674e-20
1.83703e-20
1.82646e-20
1.81681e-20
1.80953e-20
1.80555e-20
1.80561e-20
1.80998e-20
1.81872e-20
1.83158e-20
1.8479e-20
1.86648e-20
1.88596e-20
1.90448e-20
1.92051e-20
1.9326e-20
1.9399e-20
1.94212e-20
1.93995e-20
1.93442e-20
1.92719e-20
1.92005e-20
1.91437e-20
1.91083e-20
1.90906e-20
1.90802e-20
1.90639e-20
1.90309e-20
1.89837e-20
1.89359e-20
1.89138e-20
1.89406e-20
1.90287e-20
1.91654e-20
1.93209e-20
1.94599e-20
1.95568e-20
1.95975e-20
1.95819e-20
1.95195e-20
1.94196e-20
1.92924e-20
1.91441e-20
1.89807e-20
1.88054e-20
1.8621e-20
1.84304e-20
1.82334e-20
1.80301e-20
1.78201e-20
1.76036e-20
1.73823e-20
1.71621e-20
1.69536e-20
1.67713e-20
1.66319e-20
1.65523e-20
1.65453e-20
1.66165e-20
1.67627e-20
1.6974e-20
1.72323e-20
1.75162e-20
1.78057e-20
1.80792e-20
1.83204e-20
1.85178e-20
1.86635e-20
1.87528e-20
1.87834e-20
1.87555e-20
1.86714e-20
1.85377e-20
1.83683e-20
1.81826e-20
1.80016e-20
1.78465e-20
1.77308e-20
1.7659e-20
1.76306e-20
1.76425e-20
1.76925e-20
1.77771e-20
1.78921e-20
1.803e-20
1.81792e-20
1.83259e-20
1.84558e-20
1.85561e-20
1.86146e-20
1.86252e-20
1.85857e-20
1.84967e-20
1.83641e-20
1.8196e-20
1.80033e-20
1.77979e-20
1.75941e-20
3.63588e-20
3.58513e-20
3.52069e-20
3.44608e-20
3.36456e-20
3.27908e-20
3.19252e-20
3.10817e-20
3.02987e-20
2.96176e-20
2.90775e-20
2.8711e-20
2.85398e-20
2.85729e-20
2.88053e-20
2.92208e-20
2.97882e-20
3.04649e-20
3.11955e-20
3.19158e-20
3.25583e-20
3.30636e-20
3.33861e-20
3.34986e-20
3.33975e-20
3.31035e-20
3.26619e-20
3.21384e-20
3.16067e-20
3.11235e-20
3.07094e-20
3.03475e-20
3.00037e-20
2.96529e-20
2.92922e-20
2.89399e-20
2.8627e-20
2.83882e-20
2.82606e-20
2.82763e-20
2.84548e-20
2.87917e-20
2.92582e-20
2.98019e-20
3.03607e-20
3.08751e-20
3.13037e-20
3.16219e-20
3.182e-20
3.18958e-20
3.18509e-20
3.16874e-20
3.14147e-20
3.10559e-20
3.06439e-20
3.02207e-20
2.98296e-20
2.95059e-20
2.92659e-20
2.91092e-20
2.90254e-20
2.90048e-20
2.90438e-20
2.91476e-20
2.9323e-20
2.95761e-20
2.99071e-20
3.0308e-20
3.07598e-20
3.12345e-20
3.16892e-20
3.20753e-20
3.23419e-20
3.24452e-20
3.23599e-20
3.2087e-20
3.16578e-20
3.11351e-20
3.06049e-20
3.01563e-20
2.9849e-20
2.96893e-20
2.96434e-20
2.96692e-20
2.97502e-20
2.9889e-20
3.00851e-20
3.03118e-20
3.05177e-20
3.06473e-20
3.06614e-20
3.05596e-20
3.03806e-20
3.01886e-20
3.00394e-20
2.99492e-20
2.99036e-20
2.98791e-20
2.98657e-20
2.98778e-20
2.9944e-20
3.00999e-20
3.03742e-20
3.07754e-20
3.12762e-20
3.18154e-20
3.23128e-20
3.26882e-20
3.28869e-20
3.28781e-20
3.26668e-20
3.22922e-20
3.18217e-20
3.13308e-20
3.08801e-20
3.05043e-20
3.02204e-20
3.00348e-20
2.995e-20
2.99631e-20
3.00605e-20
3.02204e-20
3.04136e-20
3.0603e-20
3.07541e-20
3.08384e-20
3.08341e-20
3.07311e-20
3.05245e-20
3.02286e-20
2.9885e-20
2.95717e-20
2.93844e-20
2.93898e-20
2.95829e-20
2.99029e-20
3.02792e-20
3.0666e-20
3.10355e-20
3.13682e-20
3.16406e-20
3.18248e-20
3.19011e-20
3.18663e-20
3.17394e-20
3.15592e-20
3.13791e-20
3.12484e-20
3.12008e-20
3.12485e-20
3.13795e-20
3.15662e-20
3.17714e-20
3.1954e-20
3.20775e-20
3.21142e-20
3.20506e-20
3.18837e-20
3.16216e-20
3.12764e-20
3.08636e-20
3.0397e-20
2.98929e-20
2.937e-20
2.88518e-20
2.83685e-20
2.79515e-20
2.76312e-20
2.74313e-20
2.73631e-20
2.74324e-20
2.76409e-20
2.79885e-20
2.84716e-20
2.90734e-20
2.97588e-20
3.04736e-20
3.11505e-20
3.17223e-20
3.21348e-20
3.23508e-20
3.23533e-20
3.21511e-20
3.17791e-20
3.1296e-20
3.07748e-20
3.02875e-20
2.98826e-20
2.95832e-20
2.93877e-20
2.92818e-20
2.92529e-20
2.92998e-20
2.94292e-20
2.96464e-20
2.99449e-20
3.03069e-20
3.07091e-20
3.11277e-20
3.15401e-20
3.1921e-20
3.22471e-20
3.25002e-20
3.26714e-20
3.27658e-20
3.27985e-20
3.2786e-20
3.27374e-20
3.26453e-20
3.24873e-20
3.22427e-20
3.19101e-20
3.15255e-20
3.11592e-20
3.09013e-20
3.08283e-20
3.09773e-20
3.13265e-20
3.18049e-20
3.23182e-20
3.27747e-20
3.31085e-20
3.32839e-20
3.32951e-20
3.31546e-20
3.28893e-20
3.25344e-20
3.21293e-20
3.17131e-20
3.13199e-20
3.09717e-20
3.06796e-20
3.04407e-20
3.02449e-20
3.00784e-20
2.99235e-20
2.97631e-20
2.95861e-20
2.93903e-20
2.91901e-20
2.90124e-20
2.88943e-20
2.88672e-20
2.89459e-20
2.91211e-20
2.93646e-20
2.96413e-20
2.99167e-20
3.01672e-20
3.03806e-20
3.05539e-20
3.06959e-20
3.08237e-20
3.09555e-20
3.10926e-20
3.12063e-20
3.12509e-20
3.11858e-20
3.09995e-20
3.07127e-20
3.03716e-20
3.00341e-20
2.97525e-20
2.95644e-20
2.9485e-20
2.9511e-20
2.96259e-20
2.98157e-20
3.00688e-20
3.03776e-20
3.07257e-20
3.10789e-20
3.13891e-20
3.16036e-20
3.16859e-20
3.1619e-20
3.14127e-20
3.10965e-20
3.07157e-20
3.03237e-20
2.99751e-20
2.97218e-20
2.95975e-20
2.9612e-20
2.97388e-20
2.99288e-20
3.01264e-20
3.0286e-20
3.03865e-20
3.04306e-20
3.04428e-20
3.04586e-20
3.05169e-20
3.06428e-20
3.0841e-20
3.11001e-20
3.13996e-20
3.17201e-20
3.2045e-20
3.23546e-20
3.26232e-20
3.28206e-20
3.29176e-20
3.28902e-20
3.273e-20
3.24405e-20
3.20413e-20
3.15656e-20
3.1056e-20
3.05576e-20
3.01145e-20
2.97593e-20
2.95082e-20
2.93558e-20
2.92759e-20
2.9226e-20
2.91617e-20
2.90478e-20
2.88734e-20
2.86581e-20
2.84519e-20
2.83214e-20
2.83332e-20
2.85206e-20
2.88725e-20
2.93279e-20
2.97915e-20
3.01679e-20
3.03884e-20
3.04326e-20
3.03268e-20
3.01235e-20
2.98706e-20
2.95972e-20
2.93171e-20
2.90411e-20
2.87756e-20
2.85215e-20
2.82794e-20
2.8056e-20
2.78641e-20
2.77168e-20
2.76128e-20
2.75297e-20
2.74445e-20
2.73539e-20
2.72888e-20
2.73089e-20
2.74738e-20
2.78081e-20
2.82822e-20
2.88189e-20
2.93271e-20
2.97327e-20
2.99971e-20
3.01168e-20
3.01177e-20
3.00389e-20
2.99268e-20
2.9825e-20
2.97709e-20
2.97892e-20
2.98948e-20
3.00894e-20
3.03665e-20
3.07148e-20
3.11161e-20
3.15484e-20
3.19867e-20
3.24002e-20
3.27584e-20
3.30292e-20
3.31825e-20
3.31966e-20
3.30656e-20
3.28055e-20
3.24572e-20
3.20764e-20
3.17147e-20
3.14001e-20
3.11307e-20
3.08857e-20
3.06456e-20
3.04035e-20
3.01599e-20
2.99175e-20
2.96797e-20
2.94509e-20
2.9244e-20
2.90824e-20
2.89969e-20
2.90149e-20
2.9149e-20
2.93871e-20
2.96925e-20
3.00103e-20
3.0279e-20
3.04492e-20
3.04943e-20
3.04217e-20
3.02717e-20
3.0103e-20
2.9974e-20
2.99186e-20
2.99406e-20
3.00192e-20
3.01242e-20
3.02281e-20
3.03132e-20
3.03729e-20
3.04122e-20
3.04471e-20
3.05017e-20
3.05937e-20
3.07306e-20
3.09049e-20
3.1099e-20
3.12987e-20
3.14952e-20
3.16785e-20
3.18402e-20
3.19635e-20
3.20305e-20
3.20252e-20
3.19394e-20
3.17783e-20
3.15586e-20
3.13094e-20
3.10636e-20
3.08504e-20
3.06903e-20
3.059e-20
3.05458e-20
3.05426e-20
3.05581e-20
3.05688e-20
3.05494e-20
3.0481e-20
3.03516e-20
3.01603e-20
2.99149e-20
2.96314e-20
2.9329e-20
2.90271e-20
2.87463e-20
2.85056e-20
2.83246e-20
2.82292e-20
2.82556e-20
2.84364e-20
2.8776e-20
2.92404e-20
2.97795e-20
3.03505e-20
3.09285e-20
3.15028e-20
3.20621e-20
3.25885e-20
3.30599e-20
3.345e-20
3.37359e-20
3.38994e-20
3.39286e-20
3.38158e-20
3.35587e-20
3.31622e-20
3.26472e-20
3.20503e-20
3.143e-20
3.08554e-20
3.03959e-20
3.01028e-20
2.99898e-20
3.00326e-20
3.01779e-20
3.03623e-20
3.05267e-20
3.06303e-20
3.06552e-20
3.06034e-20
3.04912e-20
3.03411e-20
3.01819e-20
3.00348e-20
2.99087e-20
2.97947e-20
2.96713e-20
2.95118e-20
2.92974e-20
2.90265e-20
2.87137e-20
2.83921e-20
2.8104e-20
2.78952e-20
2.78103e-20
2.78798e-20
2.81071e-20
2.846e-20
2.88703e-20
2.92569e-20
2.95486e-20
2.97028e-20
2.97144e-20
2.96157e-20
2.94698e-20
2.93567e-20
2.93471e-20
2.94683e-20
2.96912e-20
2.99487e-20
3.01774e-20
3.03411e-20
3.04342e-20
3.04704e-20
3.0467e-20
3.04374e-20
3.03889e-20
3.03278e-20
3.02612e-20
3.01979e-20
3.01445e-20
3.01049e-20
3.0079e-20
3.00682e-20
3.00765e-20
3.01096e-20
3.0178e-20
3.02931e-20
3.0465e-20
3.06895e-20
3.09433e-20
3.11952e-20
3.14106e-20
3.15644e-20
3.16376e-20
3.1615e-20
3.14891e-20
3.1273e-20
3.10081e-20
3.07623e-20
3.05905e-20
3.04952e-20
3.04269e-20
3.03362e-20
3.02132e-20
3.00925e-20
3.00252e-20
3.00374e-20
3.01168e-20
3.02226e-20
3.03141e-20
3.03669e-20
3.03828e-20
3.03776e-20
3.03665e-20
3.03535e-20
3.03286e-20
3.0278e-20
3.01941e-20
3.00839e-20
2.99691e-20
2.98762e-20
2.98205e-20
2.98005e-20
2.97978e-20
2.97936e-20
2.9781e-20
2.97737e-20
2.97843e-20
2.98112e-20
2.98303e-20
2.98151e-20
2.97572e-20
2.96721e-20
2.95876e-20
2.95295e-20
2.95108e-20
2.95251e-20
2.95522e-20
2.9564e-20
2.95368e-20
2.94587e-20
2.93352e-20
2.9179e-20
2.90027e-20
2.88182e-20
2.8636e-20
2.84728e-20
2.83575e-20
2.83236e-20
2.83946e-20
2.85718e-20
2.88276e-20
2.91157e-20
2.93865e-20
2.96112e-20
2.9789e-20
2.9947e-20
3.01203e-20
3.03326e-20
3.05857e-20
3.08605e-20
3.11232e-20
3.13382e-20
3.14728e-20
3.14993e-20
3.1398e-20
3.11667e-20
3.08201e-20
3.03941e-20
2.99382e-20
2.95129e-20
2.91835e-20
2.89994e-20
2.89864e-20
2.91417e-20
2.94444e-20
2.98627e-20
3.03482e-20
3.08338e-20
3.12453e-20
3.15152e-20
3.15999e-20
3.14804e-20
3.11636e-20
3.06758e-20
3.00573e-20
2.93603e-20
2.86396e-20
2.79486e-20
2.73371e-20
2.68439e-20
2.65112e-20
2.63758e-20
2.64611e-20
2.67601e-20
2.72306e-20
2.78142e-20
2.84568e-20
2.91186e-20
2.977e-20
3.03868e-20
3.0949e-20
3.14401e-20
3.18499e-20
3.21692e-20
3.23817e-20
3.24691e-20
3.24119e-20
3.21994e-20
3.18392e-20
3.13605e-20
3.08097e-20
3.02345e-20
2.96738e-20
2.91576e-20
2.87113e-20
2.83553e-20
2.81044e-20
2.79586e-20
2.7907e-20
2.79394e-20
2.80546e-20
2.82517e-20
2.85257e-20
2.88586e-20
2.92241e-20
2.95947e-20
2.99461e-20
3.02564e-20
3.05054e-20
3.06771e-20
3.07615e-20
3.07577e-20
3.06753e-20
3.0534e-20
3.03583e-20
3.01739e-20
3.00056e-20
2.98722e-20
2.9782e-20
2.97334e-20
2.97154e-20
2.97118e-20
2.9708e-20
2.96989e-20
2.96837e-20
2.96639e-20
2.96389e-20
2.96009e-20
2.95338e-20
2.94223e-20
2.92565e-20
2.90397e-20
2.87967e-20
2.85622e-20
2.83718e-20
2.82409e-20
2.81691e-20
2.81463e-20
2.81699e-20
2.82507e-20
2.84061e-20
2.86489e-20
2.8976e-20
2.93674e-20
2.9796e-20
3.02347e-20
3.06658e-20
3.1084e-20
3.14935e-20
3.18969e-20
3.22946e-20
3.26748e-20
3.30127e-20
3.32712e-20
3.34149e-20
3.34131e-20
3.32568e-20
3.29634e-20
3.25746e-20
3.21474e-20
3.17419e-20
3.14047e-20
3.11606e-20
3.10104e-20
3.09373e-20
3.09194e-20
3.09452e-20
3.10204e-20
3.11674e-20
3.1414e-20
3.17699e-20
3.22065e-20
3.26532e-20
3.30229e-20
3.32434e-20
3.32864e-20
3.31658e-20
3.2924e-20
3.26094e-20
3.22589e-20
3.18972e-20
3.15357e-20
3.11903e-20
3.08794e-20
3.0628e-20
3.04633e-20
3.03998e-20
3.04321e-20
3.05266e-20
3.06289e-20
3.06779e-20
3.06234e-20
3.04426e-20
3.01428e-20
2.97579e-20
2.93391e-20
2.89405e-20
2.86124e-20
2.83914e-20
2.82989e-20
2.83401e-20
2.85038e-20
2.87632e-20
2.9084e-20
2.94267e-20
2.97507e-20
3.00172e-20
3.02012e-20
3.02972e-20
3.03238e-20
3.03225e-20
3.03433e-20
3.04289e-20
3.05983e-20
3.08427e-20
3.11301e-20
3.14193e-20
3.16709e-20
3.18531e-20
3.19515e-20
3.19641e-20
3.19048e-20
3.17955e-20
3.1659e-20
3.15217e-20
3.14008e-20
3.13024e-20
3.12232e-20
3.11545e-20
3.1089e-20
3.1025e-20
3.09645e-20
3.09143e-20
3.08856e-20
3.08965e-20
3.09574e-20
3.10644e-20
3.11871e-20
3.12798e-20
3.12975e-20
3.12193e-20
3.10636e-20
3.08846e-20
3.07466e-20
3.06915e-20
3.07171e-20
3.0793e-20
3.08831e-20
3.0962e-20
3.10149e-20
3.1029e-20
3.09899e-20
3.08839e-20
3.07035e-20
3.04547e-20
3.01505e-20
2.98143e-20
2.94803e-20
2.91991e-20
2.90354e-20
2.90428e-20
2.92303e-20
2.95503e-20
2.99207e-20
3.02564e-20
3.05011e-20
3.06343e-20
3.06712e-20
3.06494e-20
3.0612e-20
3.05979e-20
3.06345e-20
3.07337e-20
3.08835e-20
3.10528e-20
3.12027e-20
3.12984e-20
3.13266e-20
3.12956e-20
3.12319e-20
3.11668e-20
3.11201e-20
3.10972e-20
3.10864e-20
3.10663e-20
3.10256e-20
3.09674e-20
3.09107e-20
3.08814e-20
3.08979e-20
3.09659e-20
3.10727e-20
3.11915e-20
3.1287e-20
3.13229e-20
3.1273e-20
3.11282e-20
3.09078e-20
3.06656e-20
3.0479e-20
3.041e-20
3.04654e-20
3.05898e-20
3.07032e-20
3.07458e-20
3.06978e-20
3.05749e-20
3.04044e-20
3.02136e-20
3.00209e-20
2.98346e-20
2.96589e-20
2.94959e-20
2.93525e-20
2.92432e-20
2.91846e-20
2.91907e-20
2.92692e-20
2.94152e-20
2.96142e-20
2.98437e-20
3.00782e-20
3.02896e-20
3.0459e-20
3.05786e-20
3.06523e-20
3.06949e-20
3.07309e-20
3.07873e-20
3.08927e-20
3.10718e-20
3.13341e-20
3.16733e-20
3.2066e-20
3.24778e-20
3.28676e-20
3.31989e-20
3.3442e-20
3.35769e-20
3.35959e-20
3.35004e-20
3.32986e-20
3.30047e-20
3.26385e-20
3.22181e-20
3.17657e-20
3.13005e-20
3.08529e-20
3.04678e-20
3.01969e-20
3.00694e-20
3.00723e-20
3.01486e-20
3.02346e-20
3.02882e-20
3.02978e-20
3.02694e-20
3.02151e-20
3.01455e-20
3.00694e-20
3.00008e-20
2.99576e-20
2.99512e-20
2.99795e-20
3.00248e-20
3.00671e-20
3.00967e-20
3.01162e-20
3.01356e-20
3.01665e-20
3.02147e-20
3.02766e-20
3.03443e-20
3.04041e-20
3.0439e-20
3.04258e-20
3.03448e-20
3.01831e-20
2.9946e-20
2.96558e-20
2.93472e-20
2.90615e-20
2.8834e-20
2.86867e-20
2.86249e-20
2.86397e-20
2.8713e-20
2.8826e-20
2.89626e-20
2.91115e-20
2.92652e-20
2.94108e-20
2.95325e-20
2.96154e-20
2.96514e-20
2.9649e-20
2.96287e-20
2.96212e-20
2.96525e-20
2.97361e-20
2.98595e-20
2.9985e-20
3.00545e-20
3.00093e-20
2.98092e-20
2.94489e-20
2.89669e-20
2.84398e-20
2.79724e-20
2.76606e-20
2.75511e-20
2.76251e-20
2.78178e-20
2.80622e-20
2.83149e-20
2.85626e-20
2.88098e-20
2.90711e-20
2.93621e-20
2.96902e-20
3.00515e-20
3.04291e-20
3.07987e-20
3.11327e-20
3.14115e-20
3.16235e-20
3.17629e-20
3.18272e-20
3.18146e-20
3.17263e-20
3.15686e-20
3.13583e-20
3.11193e-20
3.08824e-20
3.06801e-20
3.05424e-20
3.04895e-20
3.05262e-20
3.73751e-20
3.74356e-20
3.74217e-20
3.73126e-20
3.70952e-20
3.67666e-20
3.63338e-20
3.58204e-20
3.5262e-20
3.47013e-20
3.41771e-20
3.37204e-20
3.33463e-20
3.30601e-20
3.28738e-20
3.2817e-20
3.29286e-20
3.32286e-20
3.36908e-20
3.42436e-20
3.47916e-20
3.52533e-20
3.5581e-20
3.57689e-20
3.58381e-20
3.58117e-20
3.57028e-20
3.55065e-20
3.52124e-20
3.48179e-20
3.43524e-20
3.38803e-20
3.34858e-20
3.32459e-20
3.3205e-20
3.33635e-20
3.36857e-20
3.41162e-20
3.4597e-20
3.50726e-20
3.55016e-20
3.58706e-20
3.62008e-20
3.65285e-20
3.68615e-20
3.71556e-20
3.73414e-20
3.73708e-20
3.7232e-20
3.69455e-20
3.65507e-20
3.60966e-20
3.56379e-20
3.52283e-20
3.49131e-20
3.4721e-20
3.46486e-20
3.46685e-20
3.47412e-20
3.48316e-20
3.49216e-20
3.50061e-20
3.50886e-20
3.51747e-20
3.52751e-20
3.53959e-20
3.55395e-20
3.56938e-20
3.58406e-20
3.59598e-20
3.60397e-20
3.60859e-20
3.61193e-20
3.61699e-20
3.62654e-20
3.641e-20
3.65742e-20
3.67009e-20
3.67279e-20
3.66151e-20
3.6355e-20
3.59764e-20
3.55381e-20
3.51162e-20
3.47863e-20
3.45858e-20
3.44975e-20
3.44729e-20
3.44688e-20
3.44745e-20
3.45148e-20
3.46313e-20
3.48513e-20
3.51681e-20
3.55385e-20
3.59049e-20
3.62202e-20
3.64621e-20
3.6635e-20
3.67587e-20
3.68433e-20
3.68818e-20
3.68528e-20
3.67422e-20
3.65531e-20
3.63131e-20
3.60625e-20
3.58387e-20
3.56625e-20
3.5528e-20
3.54127e-20
3.5283e-20
3.5118e-20
3.49062e-20
3.46542e-20
3.43784e-20
3.40974e-20
3.38206e-20
3.35497e-20
3.32713e-20
3.29686e-20
3.2626e-20
3.22416e-20
3.18351e-20
3.14543e-20
3.11682e-20
3.10525e-20
3.1163e-20
3.1512e-20
3.20514e-20
3.2692e-20
3.33332e-20
3.38995e-20
3.43608e-20
3.47315e-20
3.50564e-20
3.53798e-20
3.5718e-20
3.60454e-20
3.63109e-20
3.64661e-20
3.64883e-20
3.63887e-20
3.61958e-20
3.59492e-20
3.56912e-20
3.54636e-20
3.53012e-20
3.52286e-20
3.52534e-20
3.53567e-20
3.54932e-20
3.56025e-20
3.56321e-20
3.55524e-20
3.536e-20
3.50726e-20
3.4725e-20
3.43707e-20
3.40641e-20
3.38511e-20
3.37609e-20
3.38075e-20
3.39895e-20
3.42869e-20
3.46608e-20
3.50557e-20
3.54137e-20
3.56788e-20
3.58039e-20
3.57496e-20
3.54884e-20
3.50127e-20
3.43507e-20
3.3581e-20
3.28403e-20
3.22978e-20
3.20846e-20
3.22238e-20
3.26303e-20
3.31621e-20
3.36924e-20
3.41403e-20
3.44745e-20
3.46962e-20
3.4834e-20
3.4926e-20
3.50055e-20
3.50889e-20
3.51698e-20
3.52237e-20
3.5231e-20
3.51944e-20
3.5139e-20
3.50919e-20
3.50648e-20
3.505e-20
3.50259e-20
3.49627e-20
3.48315e-20
3.46115e-20
3.43017e-20
3.39248e-20
3.35266e-20
3.31711e-20
3.29212e-20
3.28234e-20
3.28921e-20
3.31024e-20
3.34019e-20
3.37286e-20
3.40237e-20
3.42424e-20
3.43577e-20
3.43597e-20
3.42562e-20
3.40648e-20
3.38143e-20
3.35369e-20
3.32594e-20
3.29987e-20
3.27574e-20
3.25247e-20
3.229e-20
3.2047e-20
3.18016e-20
3.15685e-20
3.1367e-20
3.12089e-20
3.1096e-20
3.10217e-20
3.09837e-20
3.09935e-20
3.10771e-20
3.12662e-20
3.15889e-20
3.2063e-20
3.26839e-20
3.34236e-20
3.42239e-20
3.50053e-20
3.56814e-20
3.61739e-20
3.64327e-20
3.6445e-20
3.62402e-20
3.58828e-20
3.54666e-20
3.50916e-20
3.48383e-20
3.47448e-20
3.48059e-20
3.49836e-20
3.52308e-20
3.54978e-20
3.57394e-20
3.59073e-20
3.59629e-20
3.58901e-20
3.57047e-20
3.54571e-20
3.52188e-20
3.50475e-20
3.49627e-20
3.49375e-20
3.4924e-20
3.48806e-20
3.47853e-20
3.46339e-20
3.44334e-20
3.42026e-20
3.3968e-20
3.37556e-20
3.35883e-20
3.34781e-20
3.34367e-20
3.34816e-20
3.36305e-20
3.38868e-20
3.42311e-20
3.46206e-20
3.50111e-20
3.53754e-20
3.57065e-20
3.6012e-20
3.62993e-20
3.65664e-20
3.68015e-20
3.69894e-20
3.71161e-20
3.71634e-20
3.71116e-20
3.6944e-20
3.66568e-20
3.62643e-20
3.57919e-20
3.52705e-20
3.47254e-20
3.41739e-20
3.36324e-20
3.31191e-20
3.26602e-20
3.22906e-20
3.20438e-20
3.19415e-20
3.19862e-20
3.21642e-20
3.24546e-20
3.28342e-20
3.32684e-20
3.37198e-20
3.41535e-20
3.45505e-20
3.49105e-20
3.52363e-20
3.55224e-20
3.5746e-20
3.58728e-20
3.58736e-20
3.57387e-20
3.54866e-20
3.51666e-20
3.48446e-20
3.45804e-20
3.44121e-20
3.43475e-20
3.43677e-20
3.44331e-20
3.44992e-20
3.45271e-20
3.44983e-20
3.44211e-20
3.43268e-20
3.42589e-20
3.42597e-20
3.43529e-20
3.45369e-20
3.47908e-20
3.50838e-20
3.53803e-20
3.56379e-20
3.58004e-20
3.58128e-20
3.56404e-20
3.53058e-20
3.49004e-20
3.45451e-20
3.43044e-20
3.41554e-20
3.40397e-20
3.39219e-20
3.37933e-20
3.36566e-20
3.3521e-20
3.34091e-20
3.33619e-20
3.34325e-20
3.36619e-20
3.40607e-20
3.45951e-20
3.5195e-20
3.57851e-20
3.63086e-20
3.67393e-20
3.70725e-20
3.73148e-20
3.74689e-20
3.75302e-20
3.74893e-20
3.73419e-20
3.70892e-20
3.67402e-20
3.63132e-20
3.5835e-20
3.53451e-20
3.48942e-20
3.45432e-20
3.43484e-20
3.43358e-20
3.44882e-20
3.4741e-20
3.5015e-20
3.52406e-20
3.53705e-20
3.53925e-20
3.53357e-20
3.52751e-20
3.53117e-20
3.55326e-20
3.59699e-20
3.65818e-20
3.72653e-20
3.78961e-20
3.83642e-20
3.86041e-20
3.86075e-20
3.84173e-20
3.81093e-20
3.77681e-20
3.74481e-20
3.71613e-20
3.68822e-20
3.65818e-20
3.62629e-20
3.59798e-20
3.58215e-20
3.58656e-20
3.6128e-20
3.65458e-20
3.70111e-20
3.74189e-20
3.7698e-20
3.78192e-20
3.77889e-20
3.76381e-20
3.74099e-20
3.7149e-20
3.68887e-20
3.66439e-20
3.64082e-20
3.61659e-20
3.58964e-20
3.5583e-20
3.52208e-20
3.48123e-20
3.43686e-20
3.39117e-20
3.34758e-20
3.31117e-20
3.28756e-20
3.28095e-20
3.29259e-20
3.3198e-20
3.35706e-20
3.39804e-20
3.43744e-20
3.47202e-20
3.50145e-20
3.52793e-20
3.55499e-20
3.58635e-20
3.62378e-20
3.66633e-20
3.71072e-20
3.75257e-20
3.78819e-20
3.81461e-20
3.83014e-20
3.83353e-20
3.82493e-20
3.80574e-20
3.77953e-20
3.75111e-20
3.72513e-20
3.70388e-20
3.6858e-20
3.66651e-20
3.64237e-20
3.61303e-20
3.5821e-20
3.55427e-20
3.53286e-20
3.51747e-20
3.50523e-20
3.4916e-20
3.47247e-20
3.44541e-20
3.41053e-20
3.37067e-20
3.33006e-20
3.29352e-20
3.26475e-20
3.24628e-20
3.23921e-20
3.24419e-20
3.2613e-20
3.29008e-20
3.32866e-20
3.3731e-20
3.41763e-20
3.45632e-20
3.48431e-20
3.49916e-20
3.50108e-20
3.49264e-20
3.4781e-20
3.46145e-20
3.4459e-20
3.43278e-20
3.42218e-20
3.41349e-20
3.40649e-20
3.40171e-20
3.40054e-20
3.40459e-20
3.4151e-20
3.43234e-20
3.45481e-20
3.47816e-20
3.49608e-20
3.50222e-20
3.49276e-20
3.4672e-20
3.42855e-20
3.38163e-20
3.33221e-20
3.28559e-20
3.24649e-20
3.21938e-20
3.209e-20
3.21845e-20
3.24792e-20
3.29346e-20
3.34757e-20
3.40136e-20
3.44682e-20
3.47839e-20
3.49352e-20
3.4931e-20
3.4812e-20
3.46416e-20
3.44899e-20
3.44162e-20
3.44415e-20
3.4541e-20
3.4651e-20
3.47e-20
3.4637e-20
3.44494e-20
3.41691e-20
3.38637e-20
3.36224e-20
3.35344e-20
3.36642e-20
3.4026e-20
3.45822e-20
3.52575e-20
3.59675e-20
3.66301e-20
3.71719e-20
3.75373e-20
3.76825e-20
3.75949e-20
3.72963e-20
3.68446e-20
3.63322e-20
3.58641e-20
3.55231e-20
3.53431e-20
3.52952e-20
3.53131e-20
3.53242e-20
3.52826e-20
3.51849e-20
3.50604e-20
3.49485e-20
3.4869e-20
3.48184e-20
3.47813e-20
3.47436e-20
3.46945e-20
3.46255e-20
3.45274e-20
3.43927e-20
3.42238e-20
3.40374e-20
3.38592e-20
3.37175e-20
3.36341e-20
3.3619e-20
3.36646e-20
3.37471e-20
3.38305e-20
3.3883e-20
3.38869e-20
3.385e-20
3.38023e-20
3.37869e-20
3.38466e-20
3.40105e-20
3.42794e-20
3.46222e-20
3.49813e-20
3.52878e-20
3.5488e-20
3.55584e-20
3.55119e-20
3.53888e-20
3.52406e-20
3.51143e-20
3.5034e-20
3.50097e-20
3.50452e-20
3.51609e-20
3.54075e-20
3.58391e-20
3.64634e-20
3.72043e-20
3.79416e-20
3.85604e-20
3.89799e-20
3.91562e-20
3.90731e-20
3.87361e-20
3.81678e-20
3.74053e-20
3.64963e-20
3.5498e-20
3.4475e-20
3.34941e-20
3.26214e-20
3.19189e-20
3.14434e-20
3.12348e-20
3.1286e-20
3.15256e-20
3.18558e-20
3.22083e-20
3.25702e-20
3.29596e-20
3.33826e-20
3.38054e-20
3.41677e-20
3.44044e-20
3.4463e-20
3.43279e-20
3.40348e-20
3.36816e-20
3.34052e-20
3.33261e-20
3.34972e-20
3.38994e-20
3.44745e-20
3.51569e-20
3.58813e-20
3.6584e-20
3.72058e-20
3.76925e-20
3.80029e-20
3.81123e-20
3.80172e-20
3.77368e-20
3.73044e-20
3.67596e-20
3.61388e-20
3.54691e-20
3.47756e-20
3.40877e-20
3.34396e-20
3.28726e-20
3.24209e-20
3.21039e-20
3.19216e-20
3.18623e-20
3.19139e-20
3.2073e-20
3.23351e-20
3.26886e-20
3.31084e-20
3.35574e-20
3.39968e-20
3.43988e-20
3.47528e-20
3.50617e-20
3.53356e-20
3.55798e-20
3.57928e-20
3.59687e-20
3.61029e-20
3.6188e-20
3.62102e-20
3.61503e-20
3.59978e-20
3.5761e-20
3.54681e-20
3.51622e-20
3.48897e-20
3.46926e-20
3.46016e-20
3.46353e-20
3.47947e-20
3.50587e-20
3.53915e-20
3.57416e-20
3.60514e-20
3.62703e-20
3.63681e-20
3.63426e-20
3.62171e-20
3.60289e-20
3.58105e-20
3.5576e-20
3.53146e-20
3.50062e-20
3.46359e-20
3.42141e-20
3.37786e-20
3.33833e-20
3.30828e-20
3.29075e-20
3.28558e-20
3.29004e-20
3.30052e-20
3.31392e-20
3.32797e-20
3.3419e-20
3.35581e-20
3.36983e-20
3.38422e-20
3.39888e-20
3.41373e-20
3.42838e-20
3.44293e-20
3.45723e-20
3.47157e-20
3.48609e-20
3.50049e-20
3.51412e-20
3.52623e-20
3.53628e-20
3.54348e-20
3.54648e-20
3.54368e-20
3.53485e-20
3.52251e-20
3.51209e-20
3.51011e-20
3.52068e-20
3.54312e-20
3.57166e-20
3.59781e-20
3.61355e-20
3.61414e-20
3.59843e-20
3.56901e-20
3.53181e-20
3.4948e-20
3.46684e-20
3.45525e-20
3.46321e-20
3.4878e-20
3.52163e-20
3.55596e-20
3.58279e-20
3.59591e-20
3.59061e-20
3.56484e-20
3.52034e-20
3.4638e-20
3.40669e-20
3.36222e-20
3.34082e-20
3.34665e-20
3.37679e-20
3.42322e-20
3.47591e-20
3.52463e-20
3.56043e-20
3.57842e-20
3.57842e-20
3.56428e-20
3.5419e-20
3.51639e-20
3.49175e-20
3.47099e-20
3.45675e-20
3.45115e-20
3.45651e-20
3.47503e-20
3.5066e-20
3.54635e-20
3.58536e-20
3.61453e-20
3.62838e-20
3.62553e-20
3.60735e-20
3.57653e-20
3.53652e-20
3.49145e-20
3.44675e-20
3.40863e-20
3.3832e-20
3.37434e-20
3.38218e-20
3.40272e-20
3.42927e-20
3.45511e-20
3.47543e-20
3.48802e-20
3.4926e-20
3.49009e-20
3.48172e-20
3.46825e-20
3.44952e-20
3.42465e-20
3.3934e-20
3.35771e-20
3.32117e-20
3.28882e-20
3.26627e-20
3.25896e-20
3.27099e-20
3.30227e-20
3.34711e-20
3.39699e-20
3.44327e-20
3.48042e-20
3.50624e-20
3.52087e-20
3.52573e-20
3.5226e-20
3.5126e-20
3.49672e-20
3.47573e-20
3.45116e-20
3.42502e-20
3.40021e-20
3.37933e-20
3.36427e-20
3.35575e-20
3.35298e-20
3.35397e-20
3.35623e-20
3.35759e-20
3.35603e-20
3.35055e-20
3.34081e-20
3.32718e-20
3.31014e-20
3.2901e-20
3.26808e-20
3.24665e-20
3.23112e-20
3.22926e-20
3.24905e-20
3.29362e-20
3.35887e-20
3.43499e-20
3.51035e-20
3.57441e-20
3.61869e-20
3.63748e-20
3.62795e-20
3.5909e-20
3.53085e-20
3.45647e-20
3.38054e-20
3.3176e-20
3.28052e-20
3.27598e-20
3.30278e-20
3.35345e-20
3.41772e-20
3.48595e-20
3.55058e-20
3.60686e-20
3.65223e-20
3.68654e-20
3.71104e-20
3.72798e-20
3.73949e-20
3.74716e-20
3.75138e-20
3.75269e-20
3.75163e-20
3.74907e-20
3.74553e-20
3.74086e-20
3.73427e-20
3.72445e-20
3.71016e-20
3.69029e-20
3.66393e-20
3.63077e-20
3.59214e-20
3.55081e-20
3.51045e-20
3.47347e-20
3.44019e-20
3.40979e-20
3.38188e-20
3.35788e-20
3.34016e-20
3.33123e-20
3.33206e-20
3.34149e-20
3.35647e-20
3.37324e-20
3.38883e-20
3.40184e-20
3.41185e-20
3.41831e-20
3.42035e-20
3.41764e-20
3.41155e-20
3.40415e-20
3.39732e-20
3.39147e-20
3.38565e-20
3.37859e-20
3.36966e-20
3.36003e-20
3.35232e-20
3.34899e-20
3.35149e-20
3.35921e-20
3.37032e-20
3.38226e-20
3.39264e-20
3.39933e-20
3.40086e-20
3.39777e-20
3.39462e-20
3.39977e-20
3.42263e-20
3.4671e-20
3.52885e-20
3.59743e-20
3.66131e-20
3.71123e-20
3.74078e-20
3.74638e-20
3.72681e-20
3.68409e-20
3.62366e-20
3.55471e-20
3.48894e-20
3.4379e-20
3.41007e-20
3.40913e-20
3.43502e-20
3.4843e-20
3.54958e-20
3.61943e-20
3.68044e-20
3.72117e-20
3.73519e-20
3.72168e-20
3.68506e-20
3.63316e-20
3.57443e-20
3.51605e-20
3.46258e-20
3.41606e-20
3.37814e-20
3.35122e-20
3.33881e-20
3.34413e-20
3.36827e-20
3.41013e-20
3.46666e-20
3.53354e-20
3.60515e-20
3.67412e-20
3.73201e-20
3.76967e-20
3.77969e-20
3.75822e-20
3.70716e-20
3.63408e-20
3.55106e-20
3.47161e-20
3.40852e-20
3.37171e-20
3.36565e-20
3.38841e-20
3.43236e-20
3.48742e-20
3.54304e-20
3.59008e-20
3.62241e-20
3.63685e-20
3.63385e-20
3.61632e-20
3.58878e-20
3.55611e-20
3.52209e-20
3.48902e-20
3.4575e-20
3.42704e-20
3.39746e-20
3.36993e-20
3.34726e-20
3.33277e-20
3.3292e-20
3.33732e-20
3.35541e-20
3.37981e-20
3.40595e-20
3.42938e-20
3.44618e-20
3.45385e-20
3.45224e-20
3.44514e-20
3.43949e-20
3.4424e-20
3.45644e-20
3.47751e-20
3.49776e-20
3.51032e-20
