-7.23221e-23
-7.23168e-23
-7.23109e-23
-7.22994e-23
-7.22752e-23
-7.22333e-23
-7.22011e-23
-7.21301e-23
-7.20713e-23
-7.20068e-23
-7.19561e-23
-7.19166e-23
-7.18904e-23
-7.18592e-23
-7.1869e-23
-7.18897e-23
-7.19155e-23
-7.19367e-23
-7.19684e-23
-7.20079e-23
-7.20322e-23
-7.20725e-23
-7.20821e-23
-7.20984e-23
-7.21012e-23
-7.21077e-23
-7.20977e-23
-7.21141e-23
-7.20995e-23
-7.21032e-23
-7.21048e-23
-7.20929e-23
-7.20811e-23
-7.20809e-23
-7.20946e-23
-7.2092e-23
-7.20758e-23
-7.20696e-23
-7.20668e-23
-7.20586e-23
-7.20591e-23
-7.20709e-23
-7.20729e-23
-7.20904e-23
-7.20995e-23
-7.209e-23
-7.21116e-23
-7.21079e-23
-7.21089e-23
-7.21149e-23
-7.21241e-23
-7.21321e-23
-7.21374e-23
-7.21264e-23
-7.21157e-23
-7.21199e-23
-7.21277e-23
-7.21207e-23
-7.21219e-23
-7.21242e-23
-7.21294e-23
-7.21275e-23
-7.21297e-23
-7.21287e-23
-7.21223e-23
-7.21175e-23
-7.21119e-23
-7.21081e-23
-7.21132e-23
-7.21109e-23
-7.21037e-23
-7.2101e-23
-7.21052e-23
-7.2105e-23
-7.20986e-23
-7.2105e-23
-7.21083e-23
-7.21059e-23
-7.2118e-23
-7.21183e-23
-7.21248e-23
-7.21233e-23
-7.21212e-23
-7.21233e-23
-7.21251e-23
-7.21335e-23
-7.21205e-23
-7.21119e-23
-7.212e-23
-7.21127e-23
-7.21044e-23
-7.20974e-23
-7.20982e-23
-7.21017e-23
-7.21167e-23
-7.21216e-23
-7.21141e-23
-7.21078e-23
-7.2112e-23
-7.21082e-23
-7.20942e-23
-7.20956e-23
-7.20919e-23
-7.20996e-23
-7.21009e-23
-7.21054e-23
-7.20973e-23
-7.21023e-23
-7.21015e-23
-7.21131e-23
-7.21042e-23
-7.21139e-23
-7.21302e-23
-7.21392e-23
-7.2127e-23
-7.21401e-23
-7.21483e-23
-7.21655e-23
-7.21637e-23
-7.21611e-23
-7.21528e-23
-7.21502e-23
-7.21447e-23
-7.21439e-23
-7.21492e-23
-7.21452e-23
-7.21555e-23
-7.21538e-23
-7.21599e-23
-7.21605e-23
-7.2166e-23
-7.21688e-23
-7.21528e-23
-7.21745e-23
-7.21628e-23
-7.21676e-23
-7.21687e-23
-7.21617e-23
-7.21584e-23
-7.21561e-23
-7.21541e-23
-7.2159e-23
-7.21611e-23
-7.21556e-23
-7.21565e-23
-7.21568e-23
-7.2157e-23
-7.21482e-23
-7.21355e-23
-7.21306e-23
-7.21293e-23
-7.21474e-23
-7.21474e-23
-7.21427e-23
-7.2149e-23
-7.21473e-23
-7.2138e-23
-7.21283e-23
-7.21235e-23
-7.21193e-23
-7.21252e-23
-7.21365e-23
-7.21275e-23
-7.21325e-23
-7.21348e-23
-7.21386e-23
-7.21502e-23
-7.2158e-23
-7.21479e-23
-7.21413e-23
-7.21431e-23
-7.21356e-23
-7.21244e-23
-7.21219e-23
-7.21054e-23
-7.21116e-23
-7.21189e-23
-7.21377e-23
-7.21418e-23
-7.21471e-23
-7.21451e-23
-7.21551e-23
-7.21545e-23
-7.21483e-23
-7.21571e-23
-7.21614e-23
-7.21672e-23
-7.21758e-23
-7.21731e-23
-7.21684e-23
-7.21648e-23
-7.21469e-23
-7.21547e-23
-7.21516e-23
-7.21449e-23
-7.2146e-23
-7.21409e-23
-7.2136e-23
-7.21638e-23
-7.21547e-23
-7.21531e-23
-7.21383e-23
-7.21361e-23
-7.21279e-23
-7.21206e-23
-7.21252e-23
-7.21296e-23
-7.2133e-23
-7.21397e-23
-7.21701e-23
-7.21825e-23
-7.21817e-23
-7.21728e-23
-7.21678e-23
-7.21532e-23
-7.21411e-23
-7.2141e-23
-7.21347e-23
-7.21297e-23
-7.21402e-23
-7.21521e-23
-7.21446e-23
-7.21452e-23
-7.21578e-23
-7.21634e-23
-7.21544e-23
-7.2154e-23
-7.21574e-23
-7.21603e-23
-7.2156e-23
-7.21634e-23
-7.21595e-23
-7.21558e-23
-7.21452e-23
-7.21553e-23
-7.21487e-23
-7.21484e-23
-7.21451e-23
-7.21389e-23
-7.21278e-23
-7.21212e-23
-7.21173e-23
-7.21118e-23
-7.21071e-23
-7.21148e-23
-7.21301e-23
-7.21274e-23
-7.21316e-23
-7.21401e-23
-7.2141e-23
-7.21411e-23
-7.21472e-23
-7.21434e-23
-7.21463e-23
-7.21375e-23
-7.2136e-23
-7.2142e-23
-7.21439e-23
-7.21484e-23
-7.21554e-23
-7.21601e-23
-7.21647e-23
-7.21763e-23
-7.21834e-23
-7.21674e-23
-7.21631e-23
-7.21635e-23
-7.21615e-23
-7.21596e-23
-7.21486e-23
-7.21495e-23
-7.21624e-23
-7.21665e-23
-7.21824e-23
-7.21891e-23
-7.21677e-23
-7.21664e-23
-7.21759e-23
-7.21892e-23
-7.22043e-23
-7.22007e-23
-7.22017e-23
-7.21937e-23
-7.21858e-23
-7.21874e-23
-7.21798e-23
-7.21701e-23
-7.21561e-23
-7.21499e-23
-7.21585e-23
-7.21724e-23
-7.21769e-23
-7.2176e-23
-7.21783e-23
-7.21676e-23
-7.21534e-23
-7.2136e-23
-7.21342e-23
-7.21226e-23
-7.21201e-23
-7.21129e-23
-7.21016e-23
-7.2094e-23
-7.20818e-23
-7.20774e-23
-7.20715e-23
-7.20725e-23
-7.20696e-23
-7.20772e-23
-7.20915e-23
-7.20839e-23
-7.21011e-23
-7.20997e-23
-7.2092e-23
-7.20931e-23
-7.21085e-23
-7.20972e-23
-7.20946e-23
-7.20916e-23
-7.20906e-23
-7.20911e-23
-7.20833e-23
-7.20782e-23
-7.2089e-23
-7.21016e-23
-7.20949e-23
-7.20895e-23
-7.20902e-23
-7.20945e-23
-7.20866e-23
-7.20991e-23
-7.21138e-23
-7.21193e-23
-7.21159e-23
-7.21197e-23
-7.21261e-23
-7.21163e-23
-7.21292e-23
-7.21272e-23
-7.21197e-23
-7.21116e-23
-7.21059e-23
-7.21128e-23
-7.21212e-23
-7.21292e-23
-7.21229e-23
-7.2132e-23
-7.21372e-23
-7.21424e-23
-7.21539e-23
-7.21688e-23
-7.21729e-23
-7.21684e-23
-7.21879e-23
-7.21808e-23
-7.21567e-23
-7.21301e-23
-7.21269e-23
-7.21292e-23
-7.21351e-23
-7.21353e-23
-7.21275e-23
-7.21391e-23
-7.21537e-23
-7.21661e-23
-7.21602e-23
-7.21702e-23
-7.21707e-23
-7.21683e-23
-7.21649e-23
-7.21652e-23
-7.2169e-23
-7.21763e-23
-7.21804e-23
-7.21909e-23
-7.21894e-23
-7.21716e-23
-7.21724e-23
-7.21665e-23
-7.21588e-23
-7.2152e-23
-7.21577e-23
-7.21529e-23
-7.21536e-23
-7.21478e-23
-7.21512e-23
-7.21449e-23
-7.21473e-23
-7.21351e-23
-7.21275e-23
-7.21154e-23
-7.21225e-23
-7.21347e-23
-7.21541e-23
-7.21479e-23
-7.21528e-23
-7.21457e-23
-7.21522e-23
-7.21405e-23
-7.21363e-23
-7.21518e-23
-7.21429e-23
-7.2144e-23
-7.2143e-23
-7.21485e-23
-7.21579e-23
-7.21597e-23
-7.21704e-23
-7.21671e-23
-7.21803e-23
-7.2189e-23
-7.21862e-23
-7.21832e-23
-7.2182e-23
-7.21683e-23
-7.21765e-23
-7.21718e-23
-7.21775e-23
-7.21685e-23
-7.21591e-23
-7.21499e-23
-7.21506e-23
-7.21381e-23
-7.2131e-23
-7.21381e-23
-7.21357e-23
-7.21212e-23
-7.21084e-23
-7.21045e-23
-7.21052e-23
-7.2116e-23
-7.21147e-23
-7.21182e-23
-7.21271e-23
-7.21412e-23
-7.21365e-23
-7.2144e-23
-7.21459e-23
-7.21456e-23
-7.21496e-23
-7.21487e-23
-7.21551e-23
-7.21623e-23
-7.21501e-23
-7.21372e-23
-7.21378e-23
-7.21154e-23
-7.21235e-23
-7.21278e-23
-7.21334e-23
-7.21448e-23
-7.21338e-23
-7.21302e-23
-7.21356e-23
-7.21312e-23
-7.21237e-23
-7.21273e-23
-7.21305e-23
-7.21337e-23
-7.21417e-23
-7.21315e-23
-7.21261e-23
-7.21044e-23
-7.21104e-23
-7.2093e-23
-7.20874e-23
-7.21008e-23
-7.21081e-23
-7.21027e-23
-7.20915e-23
-7.2109e-23
-7.21016e-23
-7.21125e-23
-7.21135e-23
-7.21137e-23
-7.2106e-23
-7.21186e-23
-7.21192e-23
-7.21149e-23
-7.20827e-23
-7.20896e-23
-7.20891e-23
-7.20883e-23
-7.20893e-23
-7.20898e-23
-7.20921e-23
-7.20919e-23
-7.20891e-23
-7.20884e-23
-7.20759e-23
-7.20796e-23
-7.20785e-23
-7.20799e-23
-7.20863e-23
-7.2084e-23
-7.20851e-23
-7.20759e-23
-7.20772e-23
-7.20797e-23
-7.2076e-23
-7.20846e-23
-7.20818e-23
-7.20953e-23
-7.20972e-23
-7.21105e-23
-7.21235e-23
-7.21406e-23
-7.21521e-23
-7.21508e-23
-7.21437e-23
-7.21447e-23
-7.2131e-23
-7.21376e-23
-7.21394e-23
-7.21342e-23
-7.21128e-23
-7.2103e-23
-7.20977e-23
-7.20903e-23
-7.20946e-23
-7.2095e-23
-7.20986e-23
-7.20848e-23
-7.20884e-23
-7.20885e-23
-7.20985e-23
-7.20995e-23
-7.21167e-23
-7.2122e-23
-7.21292e-23
-7.21266e-23
-7.21302e-23
-7.21234e-23
-7.2113e-23
-7.2113e-23
-7.21098e-23
-7.21109e-23
-7.21121e-23
-7.21095e-23
-7.21078e-23
-7.21119e-23
-7.21148e-23
-7.21049e-23
-7.21096e-23
-7.21033e-23
-7.2118e-23
-7.21138e-23
-7.21134e-23
-7.21283e-23
-7.21423e-23
-7.21373e-23
-7.21302e-23
-7.21397e-23
-7.21382e-23
-7.21484e-23
-7.2135e-23
-7.21162e-23
-7.21058e-23
-7.21015e-23
-7.20922e-23
-7.20803e-23
-7.2078e-23
-7.20623e-23
-7.20587e-23
-7.20603e-23
-7.20529e-23
-7.20666e-23
-7.2071e-23
-7.208e-23
-7.20679e-23
-7.20857e-23
-7.2094e-23
-7.20904e-23
-7.20846e-23
-7.20905e-23
-7.20966e-23
-7.20938e-23
-7.20914e-23
-7.20848e-23
-7.20715e-23
-7.20745e-23
-7.20846e-23
-7.20785e-23
-7.20888e-23
-7.20947e-23
-7.20822e-23
-7.20652e-23
-7.20714e-23
-7.20635e-23
-7.20785e-23
-7.20862e-23
-7.20822e-23
-7.21039e-23
-7.20979e-23
-7.20944e-23
-7.20956e-23
-7.21035e-23
-7.20949e-23
-7.20974e-23
-7.20972e-23
-7.20854e-23
-7.20879e-23
-7.20934e-23
-7.20929e-23
-7.20978e-23
-7.20936e-23
-7.20936e-23
-7.20993e-23
-7.20941e-23
-7.20942e-23
-7.2079e-23
-7.20653e-23
-7.20627e-23
-7.20719e-23
-7.20792e-23
-7.20778e-23
-7.20795e-23
-7.20728e-23
-7.20764e-23
-7.20763e-23
-7.20796e-23
-7.20678e-23
-7.20683e-23
-7.20623e-23
-7.20586e-23
-7.20547e-23
-7.20548e-23
-7.20497e-23
-7.20325e-23
-7.20333e-23
-7.20361e-23
-7.20433e-23
-7.20481e-23
-7.20506e-23
-7.20673e-23
-7.20702e-23
-7.20848e-23
-7.20875e-23
-7.20965e-23
-7.20976e-23
-7.21001e-23
-7.20948e-23
-7.2089e-23
-7.20854e-23
-7.20893e-23
-7.20848e-23
-7.20975e-23
-7.20998e-23
-7.20959e-23
-7.2102e-23
-7.20992e-23
-7.2101e-23
-7.2121e-23
-7.21337e-23
-7.21388e-23
-7.21271e-23
-7.21218e-23
-7.21161e-23
-7.21103e-23
-7.20906e-23
-7.20946e-23
-7.2097e-23
-7.20977e-23
-7.21039e-23
-7.21128e-23
-7.2122e-23
-7.21333e-23
-7.21398e-23
-7.21509e-23
-7.21573e-23
-7.21591e-23
-7.21586e-23
-7.216e-23
-7.21656e-23
-7.21565e-23
-7.21514e-23
-7.21481e-23
-7.21329e-23
-7.21224e-23
-7.21332e-23
-7.21168e-23
-7.2101e-23
-7.20974e-23
-7.20985e-23
-7.2097e-23
-7.2095e-23
-7.20942e-23
-7.20994e-23
-7.20945e-23
-7.20892e-23
-7.20791e-23
-7.20742e-23
-7.20609e-23
-7.20744e-23
-7.20845e-23
-7.20982e-23
-7.20987e-23
-7.21112e-23
-7.21049e-23
-7.21072e-23
-7.21061e-23
-7.21064e-23
-7.21152e-23
-7.2091e-23
-7.20871e-23
-7.20875e-23
-7.20896e-23
-7.20957e-23
-7.21012e-23
-7.21063e-23
-7.20906e-23
-7.20892e-23
-7.20936e-23
-7.20926e-23
-7.20981e-23
-7.21054e-23
-7.21164e-23
-7.21255e-23
-7.21341e-23
-7.21327e-23
-7.21372e-23
-7.21434e-23
-7.21375e-23
-7.21428e-23
-7.21243e-23
-7.21165e-23
-7.21218e-23
-7.21129e-23
-7.21181e-23
-7.21146e-23
-7.21074e-23
-7.21082e-23
-7.21235e-23
-7.21207e-23
-7.21364e-23
-7.21308e-23
-7.21268e-23
-7.21362e-23
-7.21312e-23
-7.21238e-23
-7.21072e-23
-7.21049e-23
-7.21006e-23
-7.21083e-23
-7.21022e-23
-7.21216e-23
-7.21266e-23
-7.21288e-23
-7.21324e-23
-7.21328e-23
-7.21231e-23
-7.21195e-23
-7.21223e-23
-7.21273e-23
-7.21163e-23
-7.212e-23
-7.21253e-23
-7.21229e-23
-7.21131e-23
-7.21162e-23
-7.21224e-23
-7.21402e-23
-7.21552e-23
-7.2167e-23
-7.21685e-23
-7.21738e-23
-7.21739e-23
-7.21715e-23
-7.21831e-23
-7.21835e-23
-7.21891e-23
-7.21999e-23
-7.22017e-23
-7.21966e-23
-7.21864e-23
-7.21796e-23
-7.21759e-23
-7.21704e-23
-7.21705e-23
-7.21511e-23
-7.21294e-23
-7.2118e-23
-7.20995e-23
-7.20953e-23
-7.2087e-23
-7.20922e-23
-7.20908e-23
-7.20978e-23
-7.21033e-23
-7.2103e-23
-7.21093e-23
-7.21088e-23
-7.2127e-23
-7.21147e-23
-7.2136e-23
-7.21396e-23
-7.21348e-23
-7.2131e-23
-7.21313e-23
-7.21339e-23
-7.21276e-23
-7.21198e-23
-7.2122e-23
-7.212e-23
-7.21184e-23
-7.21237e-23
-7.21127e-23
-7.21158e-23
-7.2122e-23
-7.2116e-23
-7.21145e-23
-7.212e-23
-7.21273e-23
-7.21443e-23
-7.21491e-23
-7.21523e-23
-7.21581e-23
-7.21618e-23
-7.21471e-23
-7.21398e-23
-7.21357e-23
-7.21191e-23
-7.21116e-23
-7.21067e-23
-7.21028e-23
-7.21069e-23
-7.2096e-23
-7.21001e-23
-7.21002e-23
-7.20938e-23
-7.20873e-23
-7.20831e-23
-7.20791e-23
-7.20848e-23
-7.20887e-23
-7.20817e-23
-7.20821e-23
-7.20872e-23
-7.20941e-23
-7.20979e-23
-7.21011e-23
-7.20969e-23
-7.21039e-23
-7.20853e-23
-7.20853e-23
-7.20875e-23
-7.20988e-23
-7.21027e-23
-7.2113e-23
-7.21135e-23
-7.21113e-23
-7.21155e-23
-7.21054e-23
-7.21089e-23
-7.21169e-23
-7.21087e-23
-7.21167e-23
-7.21181e-23
-7.21178e-23
-7.21299e-23
-7.21247e-23
-7.2126e-23
-7.21179e-23
-7.21331e-23
-7.2134e-23
-7.21243e-23
-7.21514e-23
-7.21535e-23
-7.216e-23
-7.21636e-23
-7.21716e-23
-7.21777e-23
-7.21829e-23
-7.21766e-23
-7.21618e-23
-7.21573e-23
-7.21632e-23
-7.21605e-23
-7.21553e-23
-7.21425e-23
-7.21405e-23
-7.21449e-23
-7.21303e-23
-7.21228e-23
-7.21202e-23
-7.2125e-23
-7.21167e-23
-7.213e-23
-7.21399e-23
-7.21327e-23
-7.21435e-23
-7.21513e-23
-7.21533e-23
-7.216e-23
-7.21724e-23
-7.21755e-23
-7.2178e-23
-7.21778e-23
-7.21734e-23
-7.2175e-23
-7.21722e-23
-7.21656e-23
-7.21651e-23
-7.21592e-23
-7.21663e-23
-7.21838e-23
-7.21882e-23
-7.21979e-23
-7.21894e-23
-7.21857e-23
-7.21865e-23
-7.21893e-23
-7.21821e-23
-7.21833e-23
-7.2167e-23
-7.21726e-23
-7.21679e-23
-7.21622e-23
-7.21447e-23
-7.21481e-23
-7.2136e-23
-7.21342e-23
-7.21336e-23
-7.2132e-23
-7.21242e-23
-7.21142e-23
-7.21221e-23
-7.2136e-23
-7.21328e-23
-7.21431e-23
-7.21332e-23
-7.21318e-23
-7.21232e-23
-7.21438e-23
-7.21457e-23
-7.21505e-23
-7.21527e-23
-7.21689e-23
-7.21604e-23
-7.21562e-23
-7.21663e-23
-7.21632e-23
-7.21608e-23
-7.21475e-23
-7.21485e-23
-7.21429e-23
-7.21444e-23
-7.21508e-23
-7.21457e-23
-7.21475e-23
-7.21493e-23
-7.21511e-23
-7.21483e-23
-7.21482e-23
-7.21556e-23
-7.21617e-23
-7.21712e-23
-7.2182e-23
-7.21962e-23
-7.21949e-23
-7.21937e-23
-7.22012e-23
-7.22006e-23
-7.22009e-23
-7.22066e-23
-7.21806e-23
-7.21648e-23
-7.21597e-23
-7.21584e-23
-7.2159e-23
-7.21548e-23
-7.21527e-23
-7.21438e-23
-7.21353e-23
-7.21437e-23
-7.21395e-23
-7.21253e-23
-7.21289e-23
-7.21291e-23
-7.21253e-23
-7.21356e-23
-7.21456e-23
-7.21577e-23
-7.21604e-23
-7.21651e-23
-7.21671e-23
-7.21613e-23
-7.21616e-23
-7.21702e-23
-7.21799e-23
-7.21702e-23
-7.21692e-23
-7.21678e-23
-7.21525e-23
-7.21514e-23
-7.21532e-23
-7.21579e-23
-7.21566e-23
-7.21562e-23
-7.21499e-23
-5.91058e-23
-5.90738e-23
-5.90698e-23
-5.90706e-23
-5.90667e-23
-5.9058e-23
-5.90469e-23
-5.90501e-23
-5.90539e-23
-5.90631e-23
-5.90749e-23
-5.90911e-23
-5.91129e-23
-5.91279e-23
-5.91467e-23
-5.91544e-23
-5.9164e-23
-5.91722e-23
-5.91667e-23
-5.9147e-23
-5.91341e-23
-5.91243e-23
-5.91095e-23
-5.91053e-23
-5.90994e-23
-5.90891e-23
-5.90783e-23
-5.9073e-23
-5.90703e-23
-5.90798e-23
-5.90938e-23
-5.91032e-23
-5.9108e-23
-5.90978e-23
-5.90908e-23
-5.90904e-23
-5.90924e-23
-5.90995e-23
-5.91091e-23
-5.91183e-23
-5.91258e-23
-5.91342e-23
-5.91303e-23
-5.91358e-23
-5.9132e-23
-5.91431e-23
-5.91332e-23
-5.91083e-23
-5.90832e-23
-5.90765e-23
-5.90607e-23
-5.90616e-23
-5.90845e-23
-5.90862e-23
-5.9077e-23
-5.9071e-23
-5.90772e-23
-5.90691e-23
-5.90615e-23
-5.9058e-23
-5.907e-23
-5.90813e-23
-5.90928e-23
-5.90816e-23
-5.90779e-23
-5.90838e-23
-5.90963e-23
-5.91077e-23
-5.91266e-23
-5.9115e-23
-5.9107e-23
-5.90859e-23
-5.90706e-23
-5.90574e-23
-5.90502e-23
-5.90373e-23
-5.9028e-23
-5.90221e-23
-5.90323e-23
-5.90411e-23
-5.90501e-23
-5.90644e-23
-5.90546e-23
-5.90613e-23
-5.90723e-23
-5.90976e-23
-5.9101e-23
-5.91014e-23
-5.90998e-23
-5.909e-23
-5.90809e-23
-5.90527e-23
-5.90473e-23
-5.9065e-23
-5.90623e-23
-5.90709e-23
-5.90755e-23
-5.90717e-23
-5.90845e-23
-5.90897e-23
-5.90905e-23
-5.91008e-23
-5.91241e-23
-5.9135e-23
-5.91448e-23
-5.91514e-23
-5.91288e-23
-5.91383e-23
-5.91121e-23
-5.90851e-23
-5.90576e-23
-5.90434e-23
-5.90372e-23
-5.90337e-23
-5.90267e-23
-5.90399e-23
-5.90423e-23
-5.90496e-23
-5.90639e-23
-5.90636e-23
-5.90713e-23
-5.9084e-23
-5.90664e-23
-5.90531e-23
-5.90445e-23
-5.90317e-23
-5.90363e-23
-5.90032e-23
-5.89891e-23
-5.89861e-23
-5.89854e-23
-5.89892e-23
-5.90019e-23
-5.90167e-23
-5.90377e-23
-5.90416e-23
-5.90529e-23
-5.90431e-23
-5.90435e-23
-5.90399e-23
-5.90274e-23
-5.90317e-23
-5.90304e-23
-5.90204e-23
-5.90012e-23
-5.90017e-23
-5.89969e-23
-5.90091e-23
-5.90415e-23
-5.90574e-23
-5.90718e-23
-5.90884e-23
-5.90927e-23
-5.90941e-23
-5.90792e-23
-5.90768e-23
-5.90645e-23
-5.90641e-23
-5.90598e-23
-5.90543e-23
-5.90314e-23
-5.90304e-23
-5.90306e-23
-5.90232e-23
-5.90247e-23
-5.9017e-23
-5.90255e-23
-5.90499e-23
-5.90523e-23
-5.9067e-23
-5.90795e-23
-5.90874e-23
-5.90976e-23
-5.90954e-23
-5.91029e-23
-5.91117e-23
-5.91042e-23
-5.90916e-23
-5.90862e-23
-5.9075e-23
-5.90457e-23
-5.90278e-23
-5.90185e-23
-5.90058e-23
-5.90122e-23
-5.90356e-23
-5.90264e-23
-5.90314e-23
-5.90347e-23
-5.90349e-23
-5.9034e-23
-5.90442e-23
-5.9057e-23
-5.90727e-23
-5.90906e-23
-5.91122e-23
-5.91206e-23
-5.91202e-23
-5.91275e-23
-5.91237e-23
-5.91344e-23
-5.91457e-23
-5.91398e-23
-5.91385e-23
-5.9138e-23
-5.91318e-23
-5.91313e-23
-5.91284e-23
-5.91175e-23
-5.91047e-23
-5.90724e-23
-5.9067e-23
-5.90611e-23
-5.90707e-23
-5.90727e-23
-5.90861e-23
-5.90882e-23
-5.90935e-23
-5.90993e-23
-5.91026e-23
-5.90908e-23
-5.90708e-23
-5.9068e-23
-5.90494e-23
-5.90415e-23
-5.90314e-23
-5.90171e-23
-5.90035e-23
-5.90087e-23
-5.90045e-23
-5.90083e-23
-5.89892e-23
-5.89882e-23
-5.89954e-23
-5.89899e-23
-5.89714e-23
-5.89635e-23
-5.89482e-23
-5.89518e-23
-5.89502e-23
-5.89695e-23
-5.89869e-23
-5.8999e-23
-5.90043e-23
-5.90105e-23
-5.90326e-23
-5.90313e-23
-5.90278e-23
-5.90161e-23
-5.90086e-23
-5.90198e-23
-5.90181e-23
-5.90272e-23
-5.90394e-23
-5.90366e-23
-5.90378e-23
-5.90286e-23
-5.90336e-23
-5.90299e-23
-5.90265e-23
-5.90318e-23
-5.90273e-23
-5.90285e-23
-5.90246e-23
-5.9035e-23
-5.90444e-23
-5.90665e-23
-5.90598e-23
-5.90526e-23
-5.90538e-23
-5.90602e-23
-5.90749e-23
-5.90695e-23
-5.90839e-23
-5.90732e-23
-5.90716e-23
-5.90554e-23
-5.90421e-23
-5.90348e-23
-5.90246e-23
-5.903e-23
-5.90317e-23
-5.90534e-23
-5.90444e-23
-5.90486e-23
-5.90486e-23
-5.9031e-23
-5.90295e-23
-5.90274e-23
-5.90311e-23
-5.90209e-23
-5.90345e-23
-5.90342e-23
-5.90351e-23
-5.90401e-23
-5.90531e-23
-5.90575e-23
-5.90607e-23
-5.90603e-23
-5.90582e-23
-5.90539e-23
-5.90521e-23
-5.90413e-23
-5.90385e-23
-5.90147e-23
-5.89919e-23
-5.89827e-23
-5.8981e-23
-5.89826e-23
-5.90084e-23
-5.90184e-23
-5.90256e-23
-5.90379e-23
-5.90512e-23
-5.90572e-23
-5.90621e-23
-5.90479e-23
-5.90412e-23
-5.90396e-23
-5.90476e-23
-5.90509e-23
-5.90756e-23
-5.90692e-23
-5.908e-23
-5.90947e-23
-5.90871e-23
-5.9086e-23
-5.9081e-23
-5.90681e-23
-5.90535e-23
-5.90514e-23
-5.90533e-23
-5.90556e-23
-5.90385e-23
-5.90362e-23
-5.90275e-23
-5.90168e-23
-5.90223e-23
-5.90327e-23
-5.90299e-23
-5.90306e-23
-5.90435e-23
-5.90344e-23
-5.90466e-23
-5.90461e-23
-5.90397e-23
-5.90438e-23
-5.90527e-23
-5.90533e-23
-5.90606e-23
-5.90658e-23
-5.90782e-23
-5.90797e-23
-5.90748e-23
-5.9057e-23
-5.90565e-23
-5.90516e-23
-5.90569e-23
-5.90539e-23
-5.90609e-23
-5.90632e-23
-5.90808e-23
-5.90874e-23
-5.9096e-23
-5.91063e-23
-5.91015e-23
-5.91022e-23
-5.91105e-23
-5.90958e-23
-5.90927e-23
-5.90803e-23
-5.90657e-23
-5.90584e-23
-5.90639e-23
-5.90605e-23
-5.905e-23
-5.90433e-23
-5.90409e-23
-5.90437e-23
-5.90427e-23
-5.90429e-23
-5.90461e-23
-5.90646e-23
-5.90667e-23
-5.90645e-23
-5.9074e-23
-5.90722e-23
-5.90733e-23
-5.90689e-23
-5.90712e-23
-5.9078e-23
-5.90794e-23
-5.90761e-23
-5.90826e-23
-5.90855e-23
-5.90886e-23
-5.90921e-23
-5.90881e-23
-5.90835e-23
-5.90715e-23
-5.90496e-23
-5.90508e-23
-5.90485e-23
-5.90567e-23
-5.9064e-23
-5.9067e-23
-5.90654e-23
-5.90599e-23
-5.90488e-23
-5.90447e-23
-5.90414e-23
-5.90443e-23
-5.90257e-23
-5.90289e-23
-5.90343e-23
-5.90271e-23
-5.90418e-23
-5.90672e-23
-5.90595e-23
-5.90698e-23
-5.90443e-23
-5.90316e-23
-5.90291e-23
-5.90349e-23
-5.90336e-23
-5.90217e-23
-5.90301e-23
-5.90478e-23
-5.90446e-23
-5.90456e-23
-5.90268e-23
-5.90288e-23
-5.90255e-23
-5.9023e-23
-5.90211e-23
-5.90035e-23
-5.90028e-23
-5.89963e-23
-5.89987e-23
-5.89944e-23
-5.90027e-23
-5.90146e-23
-5.90187e-23
-5.90383e-23
-5.90476e-23
-5.90467e-23
-5.90429e-23
-5.90529e-23
-5.90634e-23
-5.90777e-23
-5.90814e-23
-5.91002e-23
-5.9106e-23
-5.91002e-23
-5.91048e-23
-5.90971e-23
-5.90861e-23
-5.90921e-23
-5.90892e-23
-5.90775e-23
-5.90621e-23
-5.90594e-23
-5.90352e-23
-5.90129e-23
-5.89908e-23
-5.89952e-23
-5.8983e-23
-5.89815e-23
-5.89709e-23
-5.89818e-23
-5.90042e-23
-5.89988e-23
-5.89952e-23
-5.90071e-23
-5.90283e-23
-5.9024e-23
-5.90091e-23
-5.90107e-23
-5.90164e-23
-5.90182e-23
-5.90007e-23
-5.90084e-23
-5.90086e-23
-5.90101e-23
-5.90045e-23
-5.90069e-23
-5.89958e-23
-5.89877e-23
-5.8995e-23
-5.89913e-23
-5.90034e-23
-5.90136e-23
-5.90203e-23
-5.90396e-23
-5.90548e-23
-5.90689e-23
-5.90772e-23
-5.90677e-23
-5.90687e-23
-5.90685e-23
-5.90594e-23
-5.90486e-23
-5.90391e-23
-5.90332e-23
-5.90329e-23
-5.9043e-23
-5.90523e-23
-5.9059e-23
-5.9064e-23
-5.90823e-23
-5.90853e-23
-5.90731e-23
-5.90638e-23
-5.90604e-23
-5.90582e-23
-5.90497e-23
-5.90464e-23
-5.90482e-23
-5.90551e-23
-5.90604e-23
-5.9059e-23
-5.90462e-23
-5.90519e-23
-5.90601e-23
-5.90548e-23
-5.90523e-23
-5.90484e-23
-5.90639e-23
-5.90656e-23
-5.90571e-23
-5.90719e-23
-5.90586e-23
-5.9064e-23
-5.90655e-23
-5.90496e-23
-5.90374e-23
-5.90393e-23
-5.90316e-23
-5.90353e-23
-5.90462e-23
-5.90594e-23
-5.90517e-23
-5.90584e-23
-5.90511e-23
-5.90405e-23
-5.90521e-23
-5.90459e-23
-5.90518e-23
-5.90622e-23
-5.90717e-23
-5.90485e-23
-5.90409e-23
-5.90505e-23
-5.90612e-23
-5.90588e-23
-5.90444e-23
-5.90384e-23
-5.90361e-23
-5.90407e-23
-5.90465e-23
-5.90542e-23
-5.90473e-23
-5.90409e-23
-5.90267e-23
-5.90295e-23
-5.90242e-23
-5.90402e-23
-5.90343e-23
-5.90427e-23
-5.90338e-23
-5.90228e-23
-5.90174e-23
-5.90263e-23
-5.90253e-23
-5.90195e-23
-5.90199e-23
-5.90181e-23
-5.90337e-23
-5.90311e-23
-5.9015e-23
-5.90069e-23
-5.90194e-23
-5.90142e-23
-5.90077e-23
-5.90183e-23
-5.90204e-23
-5.90142e-23
-5.90259e-23
-5.90424e-23
-5.90472e-23
-5.90668e-23
-5.90761e-23
-5.90917e-23
-5.90735e-23
-5.90755e-23
-5.90787e-23
-5.90877e-23
-5.90877e-23
-5.90831e-23
-5.90956e-23
-5.91142e-23
-5.91028e-23
-5.90936e-23
-5.91003e-23
-5.91025e-23
-5.90913e-23
-5.90816e-23
-5.90563e-23
-5.9056e-23
-5.90427e-23
-5.90336e-23
-5.90432e-23
-5.90269e-23
-5.90367e-23
-5.90494e-23
-5.90656e-23
-5.90776e-23
-5.90842e-23
-5.9075e-23
-5.90813e-23
-5.90706e-23
-5.90627e-23
-5.90317e-23
-5.90052e-23
-5.89777e-23
-5.8955e-23
-5.89521e-23
-5.89415e-23
-5.89374e-23
-5.89556e-23
-5.89516e-23
-5.89898e-23
-5.90008e-23
-5.9012e-23
-5.90377e-23
-5.9059e-23
-5.90809e-23
-5.90892e-23
-5.90919e-23
-5.90897e-23
-5.90833e-23
-5.90799e-23
-5.90705e-23
-5.90764e-23
-5.90816e-23
-5.9072e-23
-5.90727e-23
-5.90788e-23
-5.90768e-23
-5.90654e-23
-5.90555e-23
-5.90531e-23
-5.90335e-23
-5.90242e-23
-5.90358e-23
-5.90563e-23
-5.90553e-23
-5.90651e-23
-5.90776e-23
-5.90989e-23
-5.911e-23
-5.91207e-23
-5.91083e-23
-5.91189e-23
-5.91217e-23
-5.91204e-23
-5.91241e-23
-5.91304e-23
-5.91281e-23
-5.9122e-23
-5.91261e-23
-5.91315e-23
-5.91202e-23
-5.91048e-23
-5.9116e-23
-5.91241e-23
-5.91273e-23
-5.91415e-23
-5.91482e-23
-5.91512e-23
-5.91544e-23
-5.91547e-23
-5.91471e-23
-5.91383e-23
-5.91495e-23
-5.91351e-23
-5.91209e-23
-5.91229e-23
-5.91246e-23
-5.91138e-23
-5.91203e-23
-5.91095e-23
-5.90846e-23
-5.90793e-23
-5.90601e-23
-5.90553e-23
-5.9034e-23
-5.90455e-23
-5.90448e-23
-5.90482e-23
-5.90519e-23
-5.90638e-23
-5.90839e-23
-5.90951e-23
-5.9089e-23
-5.90858e-23
-5.90828e-23
-5.90851e-23
-5.90888e-23
-5.90926e-23
-5.90665e-23
-5.90662e-23
-5.90607e-23
-5.90609e-23
-5.90516e-23
-5.90558e-23
-5.90366e-23
-5.90323e-23
-5.90421e-23
-5.90427e-23
-5.90355e-23
-5.90351e-23
-5.90272e-23
-5.90358e-23
-5.90406e-23
-5.90377e-23
-5.90355e-23
-5.90389e-23
-5.90422e-23
-5.90559e-23
-5.90785e-23
-5.90888e-23
-5.90962e-23
-5.9102e-23
-5.91084e-23
-5.90879e-23
-5.90775e-23
-5.90554e-23
-5.90426e-23
-5.90288e-23
-5.90135e-23
-5.90144e-23
-5.90025e-23
-5.90286e-23
-5.90281e-23
-5.90247e-23
-5.90325e-23
-5.90373e-23
-5.90517e-23
-5.90484e-23
-5.90533e-23
-5.9049e-23
-5.90405e-23
-5.90433e-23
-5.9034e-23
-5.90333e-23
-5.9036e-23
-5.90334e-23
-5.90464e-23
-5.90509e-23
-5.90552e-23
-5.90627e-23
-5.90723e-23
-5.90665e-23
-5.90723e-23
-5.90823e-23
-5.90938e-23
-5.90862e-23
-5.90878e-23
-5.90836e-23
-5.9073e-23
-5.9074e-23
-5.90693e-23
-5.90775e-23
-5.90833e-23
-5.9087e-23
-5.90868e-23
-5.90976e-23
-5.91123e-23
-5.91057e-23
-5.91021e-23
-5.90749e-23
-5.90737e-23
-5.90784e-23
-5.90618e-23
-5.90841e-23
-5.90917e-23
-5.9098e-23
-5.91135e-23
-5.91191e-23
-5.91126e-23
-5.91174e-23
-5.91199e-23
-5.91135e-23
-5.90985e-23
-5.91031e-23
-5.90881e-23
-5.90965e-23
-5.9092e-23
-5.9103e-23
-5.90988e-23
-5.90921e-23
-5.909e-23
-5.90908e-23
-5.90824e-23
-5.90945e-23
-5.90962e-23
-5.9101e-23
-5.90985e-23
-5.90937e-23
-5.91014e-23
-5.91013e-23
-5.90978e-23
-5.90911e-23
-5.90811e-23
-5.90804e-23
-5.90526e-23
-5.90402e-23
-5.90322e-23
-5.90249e-23
-5.90291e-23
-5.90449e-23
-5.9063e-23
-5.90679e-23
-5.90745e-23
-5.90654e-23
-5.90648e-23
-5.90499e-23
-5.90444e-23
-5.90549e-23
-5.90592e-23
-5.90481e-23
-5.90348e-23
-5.90439e-23
-5.90506e-23
-5.90601e-23
-5.90692e-23
-5.90546e-23
-5.90592e-23
-5.90612e-23
-5.90694e-23
-5.90752e-23
-5.90529e-23
-5.9057e-23
-5.90631e-23
-5.90539e-23
-5.90642e-23
-5.90673e-23
-5.9062e-23
-5.90702e-23
-5.90708e-23
-5.90839e-23
-5.9092e-23
-5.91009e-23
-5.91074e-23
-5.90949e-23
-5.908e-23
-5.90569e-23
-5.90457e-23
-5.90466e-23
-5.90549e-23
-5.90502e-23
-5.9039e-23
-5.90325e-23
-5.90203e-23
-5.90051e-23
-5.89963e-23
-5.8997e-23
-5.89833e-23
-5.89787e-23
-5.89827e-23
-5.89946e-23
-5.90068e-23
-5.9003e-23
-5.89973e-23
-5.90039e-23
-5.90117e-23
-5.90138e-23
-5.90329e-23
-5.90405e-23
-5.90496e-23
-5.90573e-23
-5.90655e-23
-5.90554e-23
-5.90552e-23
-5.90517e-23
-5.90365e-23
-5.90267e-23
-5.90346e-23
-5.90213e-23
-5.90193e-23
-5.90263e-23
-5.9023e-23
-5.9036e-23
-5.90478e-23
-5.9055e-23
-5.90432e-23
-5.9047e-23
-5.90483e-23
-5.90409e-23
-5.9044e-23
-5.90401e-23
-5.90319e-23
-5.90222e-23
-5.90254e-23
-5.90139e-23
-5.90293e-23
-5.90113e-23
-5.90045e-23
-5.90121e-23
-5.90303e-23
-5.90333e-23
-5.90438e-23
-5.90329e-23
-5.9031e-23
-5.90274e-23
-5.90312e-23
-5.90189e-23
-5.9019e-23
-5.90269e-23
-5.90238e-23
-5.90262e-23
-5.90297e-23
-5.9023e-23
-5.90165e-23
-5.90022e-23
-5.90004e-23
-5.90159e-23
-5.90242e-23
-5.90169e-23
-5.90198e-23
-5.90326e-23
-5.90314e-23
-5.90276e-23
-5.90252e-23
-5.90402e-23
-5.90398e-23
-5.90401e-23
-5.90205e-23
-5.9024e-23
-5.90215e-23
-5.90119e-23
-5.90123e-23
-5.90155e-23
-5.90139e-23
-5.90249e-23
-5.90332e-23
-5.90335e-23
-5.90393e-23
-5.90415e-23
-5.90404e-23
-5.90526e-23
-5.9057e-23
-5.90557e-23
-5.90509e-23
-5.90383e-23
-5.90465e-23
-5.90419e-23
-5.90394e-23
-5.90228e-23
-5.90264e-23
-5.90369e-23
-5.90524e-23
-5.90572e-23
-5.90529e-23
-5.90356e-23
-5.90167e-23
-5.90084e-23
-5.89953e-23
-5.901e-23
-5.90094e-23
-5.90096e-23
-5.90291e-23
-5.90356e-23
-5.90392e-23
-5.90434e-23
-5.90548e-23
-5.90522e-23
-5.90505e-23
-5.90568e-23
-5.90571e-23
-5.90738e-23
-5.90849e-23
-5.90897e-23
-5.90718e-23
-5.90775e-23
-5.90891e-23
-5.90955e-23
-5.90993e-23
-5.90983e-23
-5.90996e-23
-5.91012e-23
-5.91059e-23
-5.90982e-23
-5.90927e-23
-5.90895e-23
-5.91003e-23
-5.9099e-23
-5.90963e-23
-5.90886e-23
-5.44832e-23
-5.44623e-23
-5.44397e-23
-5.44321e-23
-5.44355e-23
-5.44204e-23
-5.44019e-23
-5.43858e-23
-5.43841e-23
-5.43763e-23
-5.43943e-23
-5.44024e-23
-5.4411e-23
-5.44294e-23
-5.44401e-23
-5.44629e-23
-5.4495e-23
-5.45037e-23
-5.45109e-23
-5.45069e-23
-5.45076e-23
-5.44734e-23
-5.44468e-23
-5.44466e-23
-5.44389e-23
-5.44348e-23
-5.44149e-23
-5.4422e-23
-5.44122e-23
-5.44149e-23
-5.44212e-23
-5.44287e-23
-5.44446e-23
-5.44628e-23
-5.44686e-23
-5.44774e-23
-5.44757e-23
-5.44836e-23
-5.44779e-23
-5.44756e-23
-5.44642e-23
-5.44487e-23
-5.44404e-23
-5.44526e-23
-5.44609e-23
-5.44459e-23
-5.44449e-23
-5.44418e-23
-5.44393e-23
-5.44346e-23
-5.44216e-23
-5.44195e-23
-5.44167e-23
-5.44131e-23
-5.44424e-23
-5.444e-23
-5.44434e-23
-5.44463e-23
-5.44394e-23
-5.44398e-23
-5.44442e-23
-5.44508e-23
-5.44533e-23
-5.44725e-23
-5.44646e-23
-5.44756e-23
-5.44607e-23
-5.44585e-23
-5.44455e-23
-5.44429e-23
-5.44609e-23
-5.4473e-23
-5.44732e-23
-5.44803e-23
-5.44795e-23
-5.44845e-23
-5.44815e-23
-5.44645e-23
-5.44529e-23
-5.4435e-23
-5.44157e-23
-5.44067e-23
-5.4396e-23
-5.44236e-23
-5.4444e-23
-5.44464e-23
-5.44551e-23
-5.44577e-23
-5.44491e-23
-5.44482e-23
-5.44571e-23
-5.44641e-23
-5.44672e-23
-5.44544e-23
-5.44537e-23
-5.44676e-23
-5.44788e-23
-5.44733e-23
-5.44713e-23
-5.44567e-23
-5.44537e-23
-5.44425e-23
-5.44553e-23
-5.44445e-23
-5.44326e-23
-5.44234e-23
-5.44196e-23
-5.4418e-23
-5.44122e-23
-5.44354e-23
-5.44261e-23
-5.44496e-23
-5.44347e-23
-5.4436e-23
-5.44313e-23
-5.44304e-23
-5.44236e-23
-5.4445e-23
-5.44427e-23
-5.44438e-23
-5.44344e-23
-5.44266e-23
-5.44126e-23
-5.44057e-23
-5.44057e-23
-5.44182e-23
-5.44334e-23
-5.44581e-23
-5.44581e-23
-5.44688e-23
-5.44605e-23
-5.44502e-23
-5.44406e-23
-5.44192e-23
-5.44142e-23
-5.44127e-23
-5.44206e-23
-5.44163e-23
-5.44158e-23
-5.44044e-23
-5.4388e-23
-5.43922e-23
-5.43726e-23
-5.43626e-23
-5.43673e-23
-5.43774e-23
-5.43788e-23
-5.43824e-23
-5.43989e-23
-5.44056e-23
-5.44099e-23
-5.4403e-23
-5.43942e-23
-5.43823e-23
-5.43856e-23
-5.43895e-23
-5.43792e-23
-5.43931e-23
-5.43996e-23
-5.44098e-23
-5.44227e-23
-5.44486e-23
-5.4461e-23
-5.44727e-23
-5.4496e-23
-5.45087e-23
-5.4531e-23
-5.45236e-23
-5.45217e-23
-5.45259e-23
-5.45161e-23
-5.44933e-23
-5.44829e-23
-5.44648e-23
-5.44618e-23
-5.44729e-23
-5.4475e-23
-5.44783e-23
-5.45249e-23
-5.45412e-23
-5.45494e-23
-5.45455e-23
-5.45447e-23
-5.45129e-23
-5.45149e-23
-5.45172e-23
-5.45083e-23
-5.44897e-23
-5.44761e-23
-5.44565e-23
-5.44489e-23
-5.44453e-23
-5.44453e-23
-5.44381e-23
-5.44395e-23
-5.44432e-23
-5.44479e-23
-5.44322e-23
-5.44212e-23
-5.44106e-23
-5.44131e-23
-5.44118e-23
-5.44015e-23
-5.43977e-23
-5.4392e-23
-5.44135e-23
-5.44465e-23
-5.4451e-23
-5.44433e-23
-5.44474e-23
-5.44562e-23
-5.44611e-23
-5.44519e-23
-5.44391e-23
-5.44402e-23
-5.44215e-23
-5.44207e-23
-5.44246e-23
-5.44238e-23
-5.44245e-23
-5.44213e-23
-5.44015e-23
-5.44134e-23
-5.44221e-23
-5.44309e-23
-5.44266e-23
-5.44261e-23
-5.44245e-23
-5.44326e-23
-5.4438e-23
-5.44361e-23
-5.44368e-23
-5.4439e-23
-5.44481e-23
-5.44617e-23
-5.44817e-23
-5.44812e-23
-5.45005e-23
-5.45048e-23
-5.45015e-23
-5.44896e-23
-5.44599e-23
-5.44464e-23
-5.44329e-23
-5.44201e-23
-5.43831e-23
-5.43708e-23
-5.43636e-23
-5.43748e-23
-5.43719e-23
-5.43907e-23
-5.44054e-23
-5.44306e-23
-5.44313e-23
-5.44355e-23
-5.44109e-23
-5.44108e-23
-5.44178e-23
-5.44063e-23
-5.43951e-23
-5.44142e-23
-5.44221e-23
-5.44237e-23
-5.44108e-23
-5.44086e-23
-5.44122e-23
-5.44112e-23
-5.4407e-23
-5.43985e-23
-5.44164e-23
-5.44268e-23
-5.44253e-23
-5.4442e-23
-5.44366e-23
-5.44436e-23
-5.44587e-23
-5.44635e-23
-5.44669e-23
-5.4486e-23
-5.44909e-23
-5.44994e-23
-5.45074e-23
-5.44933e-23
-5.4482e-23
-5.44898e-23
-5.45093e-23
-5.45026e-23
-5.44927e-23
-5.44979e-23
-5.45019e-23
-5.45068e-23
-5.4494e-23
-5.44735e-23
-5.44628e-23
-5.44513e-23
-5.44536e-23
-5.44394e-23
-5.44199e-23
-5.44364e-23
-5.44469e-23
-5.44337e-23
-5.44275e-23
-5.44309e-23
-5.4441e-23
-5.4452e-23
-5.44671e-23
-5.4483e-23
-5.4509e-23
-5.44957e-23
-5.44983e-23
-5.44981e-23
-5.44982e-23
-5.45092e-23
-5.44904e-23
-5.44879e-23
-5.44819e-23
-5.44643e-23
-5.44443e-23
-5.44205e-23
-5.439e-23
-5.43786e-23
-5.43715e-23
-5.43671e-23
-5.43802e-23
-5.43925e-23
-5.44066e-23
-5.44044e-23
-5.44175e-23
-5.44182e-23
-5.4419e-23
-5.44241e-23
-5.44099e-23
-5.44011e-23
-5.44071e-23
-5.44087e-23
-5.4411e-23
-5.44239e-23
-5.44255e-23
-5.44293e-23
-5.44396e-23
-5.44322e-23
-5.44415e-23
-5.44333e-23
-5.44152e-23
-5.44017e-23
-5.44155e-23
-5.44204e-23
-5.44241e-23
-5.44261e-23
-5.44336e-23
-5.4426e-23
-5.44183e-23
-5.44134e-23
-5.44143e-23
-5.44176e-23
-5.44267e-23
-5.44188e-23
-5.44267e-23
-5.4436e-23
-5.44411e-23
-5.44475e-23
-5.44465e-23
-5.44379e-23
-5.44215e-23
-5.44263e-23
-5.44221e-23
-5.44132e-23
-5.44108e-23
-5.44286e-23
-5.44393e-23
-5.44457e-23
-5.44555e-23
-5.44461e-23
-5.44392e-23
-5.4431e-23
-5.44409e-23
-5.4446e-23
-5.44358e-23
-5.44722e-23
-5.44913e-23
-5.45023e-23
-5.45078e-23
-5.45066e-23
-5.45055e-23
-5.44797e-23
-5.44719e-23
-5.44801e-23
-5.44842e-23
-5.44974e-23
-5.4517e-23
-5.4533e-23
-5.45424e-23
-5.45221e-23
-5.4507e-23
-5.45055e-23
-5.4487e-23
-5.4464e-23
-5.44659e-23
-5.44568e-23
-5.44616e-23
-5.44447e-23
-5.44278e-23
-5.44212e-23
-5.44238e-23
-5.44299e-23
-5.44496e-23
-5.4473e-23
-5.44872e-23
-5.44944e-23
-5.44981e-23
-5.44952e-23
-5.44818e-23
-5.44841e-23
-5.44833e-23
-5.44762e-23
-5.44886e-23
-5.44993e-23
-5.45047e-23
-5.44849e-23
-5.44896e-23
-5.44952e-23
-5.44901e-23
-5.45004e-23
-5.44922e-23
-5.44868e-23
-5.44896e-23
-5.44759e-23
-5.44632e-23
-5.44638e-23
-5.4466e-23
-5.44864e-23
-5.45038e-23
-5.45156e-23
-5.45274e-23
-5.45232e-23
-5.45021e-23
-5.44982e-23
-5.44975e-23
-5.4492e-23
-5.44987e-23
-5.44959e-23
-5.44933e-23
-5.4489e-23
-5.4477e-23
-5.44827e-23
-5.44699e-23
-5.44715e-23
-5.44513e-23
-5.44492e-23
-5.44314e-23
-5.44318e-23
-5.44145e-23
-5.44056e-23
-5.44063e-23
-5.44119e-23
-5.44172e-23
-5.44238e-23
-5.44127e-23
-5.44193e-23
-5.44084e-23
-5.44147e-23
-5.44011e-23
-5.44162e-23
-5.44237e-23
-5.44371e-23
-5.44342e-23
-5.44165e-23
-5.44141e-23
-5.43982e-23
-5.4409e-23
-5.44136e-23
-5.44321e-23
-5.44263e-23
-5.44373e-23
-5.44416e-23
-5.44527e-23
-5.4463e-23
-5.44596e-23
-5.44502e-23
-5.44571e-23
-5.44576e-23
-5.44601e-23
-5.44549e-23
-5.4444e-23
-5.44565e-23
-5.44468e-23
-5.44536e-23
-5.44343e-23
-5.44316e-23
-5.44263e-23
-5.44228e-23
-5.44196e-23
-5.44263e-23
-5.44296e-23
-5.44339e-23
-5.44435e-23
-5.44643e-23
-5.44712e-23
-5.4474e-23
-5.4458e-23
-5.44498e-23
-5.44354e-23
-5.44291e-23
-5.44029e-23
-5.43945e-23
-5.4388e-23
-5.43897e-23
-5.44018e-23
-5.44356e-23
-5.44285e-23
-5.44297e-23
-5.44409e-23
-5.4457e-23
-5.44643e-23
-5.4463e-23
-5.44636e-23
-5.4459e-23
-5.44609e-23
-5.4474e-23
-5.44794e-23
-5.44552e-23
-5.4457e-23
-5.44617e-23
-5.4473e-23
-5.44646e-23
-5.44623e-23
-5.44531e-23
-5.4437e-23
-5.44311e-23
-5.44337e-23
-5.44376e-23
-5.44415e-23
-5.44674e-23
-5.44938e-23
-5.45121e-23
-5.45027e-23
-5.45081e-23
-5.45118e-23
-5.45053e-23
-5.45171e-23
-5.44744e-23
-5.44598e-23
-5.44501e-23
-5.44342e-23
-5.44358e-23
-5.44425e-23
-5.44403e-23
-5.44633e-23
-5.44722e-23
-5.44958e-23
-5.45045e-23
-5.45017e-23
-5.44856e-23
-5.44709e-23
-5.44822e-23
-5.44842e-23
-5.44959e-23
-5.45043e-23
-5.45e-23
-5.44879e-23
-5.44891e-23
-5.44872e-23
-5.44662e-23
-5.4445e-23
-5.44407e-23
-5.44335e-23
-5.444e-23
-5.44529e-23
-5.44786e-23
-5.44951e-23
-5.4501e-23
-5.44977e-23
-5.4508e-23
-5.45001e-23
-5.45035e-23
-5.44992e-23
-5.44955e-23
-5.44973e-23
-5.44972e-23
-5.4496e-23
-5.45074e-23
-5.45153e-23
-5.45067e-23
-5.44957e-23
-5.44726e-23
-5.44516e-23
-5.44352e-23
-5.44386e-23
-5.44551e-23
-5.44439e-23
-5.44479e-23
-5.44382e-23
-5.44316e-23
-5.44462e-23
-5.44536e-23
-5.44845e-23
-5.44709e-23
-5.44724e-23
-5.44695e-23
-5.4457e-23
-5.44402e-23
-5.44214e-23
-5.43977e-23
-5.4389e-23
-5.43849e-23
-5.43724e-23
-5.43569e-23
-5.43552e-23
-5.43608e-23
-5.43782e-23
-5.43934e-23
-5.44106e-23
-5.44409e-23
-5.44749e-23
-5.44918e-23
-5.45017e-23
-5.45005e-23
-5.44988e-23
-5.44978e-23
-5.45005e-23
-5.44928e-23
-5.44928e-23
-5.4488e-23
-5.44718e-23
-5.44691e-23
-5.44487e-23
-5.44358e-23
-5.44368e-23
-5.44525e-23
-5.44792e-23
-5.45067e-23
-5.45214e-23
-5.4543e-23
-5.45435e-23
-5.45486e-23
-5.45607e-23
-5.45385e-23
-5.45152e-23
-5.4494e-23
-5.44765e-23
-5.44643e-23
-5.44519e-23
-5.44446e-23
-5.44379e-23
-5.44242e-23
-5.44262e-23
-5.44279e-23
-5.44088e-23
-5.44134e-23
-5.44186e-23
-5.44328e-23
-5.44359e-23
-5.44316e-23
-5.44333e-23
-5.44599e-23
-5.44747e-23
-5.44866e-23
-5.44995e-23
-5.44937e-23
-5.44827e-23
-5.44854e-23
-5.4489e-23
-5.44854e-23
-5.44825e-23
-5.44778e-23
-5.44826e-23
-5.44776e-23
-5.44723e-23
-5.4455e-23
-5.44439e-23
-5.44292e-23
-5.44249e-23
-5.44228e-23
-5.44083e-23
-5.44082e-23
-5.44091e-23
-5.44134e-23
-5.4418e-23
-5.44406e-23
-5.44616e-23
-5.44656e-23
-5.44929e-23
-5.45006e-23
-5.45019e-23
-5.44921e-23
-5.44839e-23
-5.447e-23
-5.44547e-23
-5.44488e-23
-5.44502e-23
-5.44604e-23
-5.44543e-23
-5.44491e-23
-5.4424e-23
-5.44196e-23
-5.4417e-23
-5.44088e-23
-5.4421e-23
-5.44272e-23
-5.44274e-23
-5.44263e-23
-5.44296e-23
-5.44397e-23
-5.44315e-23
-5.44479e-23
-5.44687e-23
-5.44618e-23
-5.44691e-23
-5.44741e-23
-5.44905e-23
-5.44859e-23
-5.44951e-23
-5.4481e-23
-5.44833e-23
-5.44787e-23
-5.44695e-23
-5.44738e-23
-5.44821e-23
-5.44783e-23
-5.44627e-23
-5.44647e-23
-5.44446e-23
-5.44284e-23
-5.44177e-23
-5.44148e-23
-5.44258e-23
-5.44248e-23
-5.44297e-23
-5.44482e-23
-5.44586e-23
-5.44487e-23
-5.44574e-23
-5.44477e-23
-5.44364e-23
-5.44331e-23
-5.44258e-23
-5.44341e-23
-5.44487e-23
-5.44764e-23
-5.44786e-23
-5.44835e-23
-5.44982e-23
-5.44928e-23
-5.44962e-23
-5.4477e-23
-5.44623e-23
-5.44382e-23
-5.44174e-23
-5.44221e-23
-5.44271e-23
-5.44365e-23
-5.44607e-23
-5.44871e-23
-5.44883e-23
-5.4501e-23
-5.4506e-23
-5.44714e-23
-5.44641e-23
-5.44388e-23
-5.4399e-23
-5.4391e-23
-5.43849e-23
-5.43982e-23
-5.44024e-23
-5.44179e-23
-5.4419e-23
-5.44262e-23
-5.44212e-23
-5.44197e-23
-5.44325e-23
-5.44583e-23
-5.44585e-23
-5.44485e-23
-5.4427e-23
-5.44035e-23
-5.4384e-23
-5.43784e-23
-5.43733e-23
-5.43716e-23
-5.4365e-23
-5.43655e-23
-5.43674e-23
-5.43732e-23
-5.43796e-23
-5.43863e-23
-5.43856e-23
-5.43736e-23
-5.43707e-23
-5.43602e-23
-5.43523e-23
-5.43523e-23
-5.43577e-23
-5.43679e-23
-5.43475e-23
-5.43382e-23
-5.43549e-23
-5.43414e-23
-5.43451e-23
-5.43504e-23
-5.4339e-23
-5.43522e-23
-5.43785e-23
-5.43932e-23
-5.44323e-23
-5.44299e-23
-5.44269e-23
-5.44213e-23
-5.43989e-23
-5.43866e-23
-5.4401e-23
-5.43979e-23
-5.44071e-23
-5.44007e-23
-5.44044e-23
-5.43956e-23
-5.44025e-23
-5.43953e-23
-5.4399e-23
-5.44154e-23
-5.44269e-23
-5.44234e-23
-5.4416e-23
-5.44183e-23
-5.43866e-23
-5.43818e-23
-5.4388e-23
-5.44082e-23
-5.44149e-23
-5.4408e-23
-5.44085e-23
-5.44149e-23
-5.44194e-23
-5.44151e-23
-5.44355e-23
-5.44511e-23
-5.44707e-23
-5.44752e-23
-5.44715e-23
-5.44734e-23
-5.44683e-23
-5.44603e-23
-5.44331e-23
-5.44076e-23
-5.43794e-23
-5.4354e-23
-5.43575e-23
-5.436e-23
-5.43937e-23
-5.44161e-23
-5.44264e-23
-5.444e-23
-5.44418e-23
-5.44384e-23
-5.44288e-23
-5.44332e-23
-5.44189e-23
-5.44269e-23
-5.44122e-23
-5.44012e-23
-5.43896e-23
-5.43956e-23
-5.43815e-23
-5.4393e-23
-5.43911e-23
-5.43944e-23
-5.43936e-23
-5.43883e-23
-5.43965e-23
-5.4397e-23
-5.43987e-23
-5.4388e-23
-5.43674e-23
-5.43578e-23
-5.43834e-23
-5.43872e-23
-5.43797e-23
-5.43748e-23
-5.43985e-23
-5.44147e-23
-5.44025e-23
-5.44071e-23
-5.43969e-23
-5.44049e-23
-5.44073e-23
-5.44119e-23
-5.44241e-23
-5.44358e-23
-5.44381e-23
-5.44481e-23
-5.44482e-23
-5.44482e-23
-5.44475e-23
-5.4444e-23
-5.44571e-23
-5.44648e-23
-5.44809e-23
-5.44863e-23
-5.44984e-23
-5.45094e-23
-5.44919e-23
-5.44792e-23
-5.44797e-23
-5.4466e-23
-5.4477e-23
-5.4479e-23
-5.44915e-23
-5.44906e-23
-5.44833e-23
-5.44674e-23
-5.44548e-23
-5.4444e-23
-5.44512e-23
-5.44403e-23
-5.44504e-23
-5.44566e-23
-5.44854e-23
-5.44849e-23
-5.44875e-23
-5.44915e-23
-5.44783e-23
-5.44639e-23
-5.44294e-23
-5.44114e-23
-5.43868e-23
-5.43726e-23
-5.43662e-23
-5.43688e-23
-5.43881e-23
-5.44071e-23
-5.44294e-23
-5.44433e-23
-5.44557e-23
-5.44748e-23
-5.44865e-23
-5.44819e-23
-5.44637e-23
-5.4427e-23
-5.44197e-23
-5.44126e-23
-5.43886e-23
-5.43845e-23
-5.44009e-23
-5.44102e-23
-5.44206e-23
-5.44069e-23
-5.44071e-23
-5.44263e-23
-5.44424e-23
-5.44653e-23
-5.44772e-23
-5.44934e-23
-5.45059e-23
-5.45043e-23
-5.4513e-23
-5.44988e-23
-5.44923e-23
-5.447e-23
-5.44609e-23
-5.4444e-23
-5.44416e-23
-5.44305e-23
-5.44361e-23
-5.44665e-23
-5.44905e-23
-5.45315e-23
-5.45429e-23
-5.45544e-23
-5.45419e-23
-5.45222e-23
-5.45176e-23
-5.44935e-23
-5.44895e-23
-5.44706e-23
-5.44686e-23
-5.44794e-23
-5.44842e-23
-5.4482e-23
-5.44761e-23
-5.44631e-23
-5.44637e-23
-5.44716e-23
-5.4474e-23
-5.44604e-23
-5.44654e-23
-5.44856e-23
-5.45052e-23
-5.45088e-23
-5.4507e-23
-5.45088e-23
-5.45052e-23
-5.45038e-23
-5.44921e-23
-5.44887e-23
-5.44734e-23
-5.4473e-23
-5.44881e-23
-5.44883e-23
-5.44789e-23
-5.44822e-23
-5.44933e-23
