-9.7614e-23
-9.75384e-23
-9.74067e-23
-9.72065e-23
-9.69201e-23
-9.65294e-23
-9.60456e-23
-9.54018e-23
-9.46318e-23
-9.37026e-23
-9.2627e-23
-9.141e-23
-9.00823e-23
-8.86783e-23
-8.7319e-23
-8.60619e-23
-8.49835e-23
-8.41354e-23
-8.35647e-23
-8.3268e-23
-8.31965e-23
-8.33389e-23
-8.35981e-23
-8.39607e-23
-8.43604e-23
-8.47761e-23
-8.51583e-23
-8.55292e-23
-8.58197e-23
-8.60742e-23
-8.6272e-23
-8.64043e-23
-8.64876e-23
-8.65345e-23
-8.6547e-23
-8.64945e-23
-8.63805e-23
-8.62328e-23
-8.60541e-23
-8.58489e-23
-8.56482e-23
-8.54725e-23
-8.53205e-23
-8.52348e-23
-8.52048e-23
-8.52247e-23
-8.53374e-23
-8.54694e-23
-8.56288e-23
-8.5794e-23
-8.59453e-23
-8.60658e-23
-8.61459e-23
-8.61688e-23
-8.61528e-23
-8.61186e-23
-8.60656e-23
-8.59893e-23
-8.5927e-23
-8.58837e-23
-8.5869e-23
-8.58753e-23
-8.5911e-23
-8.5962e-23
-8.60177e-23
-8.60766e-23
-8.61292e-23
-8.61718e-23
-8.62066e-23
-8.62135e-23
-8.61914e-23
-8.61473e-23
-8.60823e-23
-8.59863e-23
-8.58623e-23
-8.57386e-23
-8.56131e-23
-8.54973e-23
-8.54217e-23
-8.53628e-23
-8.5333e-23
-8.53092e-23
-8.529e-23
-8.5275e-23
-8.52562e-23
-8.52371e-23
-8.51853e-23
-8.51226e-23
-8.50616e-23
-8.49766e-23
-8.48931e-23
-8.48264e-23
-8.47947e-23
-8.47995e-23
-8.48506e-23
-8.49223e-23
-8.50038e-23
-8.5099e-23
-8.52062e-23
-8.52963e-23
-8.53574e-23
-8.54058e-23
-8.54144e-23
-8.53962e-23
-8.53347e-23
-8.52465e-23
-8.51272e-23
-8.5016e-23
-8.49079e-23
-8.48316e-23
-8.47606e-23
-8.47353e-23
-8.47422e-23
-8.47643e-23
-8.47843e-23
-8.48458e-23
-8.49162e-23
-8.50071e-23
-8.5087e-23
-8.5168e-23
-8.52357e-23
-8.52899e-23
-8.53119e-23
-8.5306e-23
-8.52808e-23
-8.52394e-23
-8.5231e-23
-8.5254e-23
-8.53427e-23
-8.54843e-23
-8.56744e-23
-8.58814e-23
-8.60623e-23
-8.62513e-23
-8.63637e-23
-8.64459e-23
-8.64832e-23
-8.64825e-23
-8.64685e-23
-8.64502e-23
-8.64342e-23
-8.64288e-23
-8.64212e-23
-8.64012e-23
-8.63761e-23
-8.63332e-23
-8.62694e-23
-8.61763e-23
-8.60635e-23
-8.59513e-23
-8.58455e-23
-8.57734e-23
-8.57048e-23
-8.56552e-23
-8.56364e-23
-8.56214e-23
-8.56017e-23
-8.55791e-23
-8.5558e-23
-8.55384e-23
-8.55369e-23
-8.55572e-23
-8.55802e-23
-8.56442e-23
-8.57312e-23
-8.58389e-23
-8.59627e-23
-8.6076e-23
-8.61493e-23
-8.61892e-23
-8.61901e-23
-8.61294e-23
-8.60168e-23
-8.58777e-23
-8.57095e-23
-8.55703e-23
-8.54538e-23
-8.53758e-23
-8.53054e-23
-8.52489e-23
-8.51899e-23
-8.5147e-23
-8.51049e-23
-8.5081e-23
-8.51079e-23
-8.51735e-23
-8.52805e-23
-8.54174e-23
-8.55501e-23
-8.56676e-23
-8.57566e-23
-8.57927e-23
-8.58147e-23
-8.57909e-23
-8.57375e-23
-8.56751e-23
-8.55979e-23
-8.55171e-23
-8.54675e-23
-8.53818e-23
-8.53074e-23
-8.52296e-23
-8.51834e-23
-8.516e-23
-8.51757e-23
-8.52481e-23
-8.53661e-23
-8.55232e-23
-8.57119e-23
-8.59365e-23
-8.61374e-23
-8.63024e-23
-8.64227e-23
-8.65006e-23
-8.65172e-23
-8.64832e-23
-8.6411e-23
-8.62887e-23
-8.61339e-23
-8.59744e-23
-8.58116e-23
-8.564e-23
-8.54997e-23
-8.54029e-23
-8.53325e-23
-8.52777e-23
-8.52543e-23
-8.52496e-23
-8.52526e-23
-8.52531e-23
-8.52692e-23
-8.52794e-23
-8.5298e-23
-8.53197e-23
-8.53718e-23
-8.54136e-23
-8.54626e-23
-8.55023e-23
-8.55264e-23
-8.55281e-23
-8.55152e-23
-8.54873e-23
-8.54448e-23
-8.53977e-23
-8.53661e-23
-8.5353e-23
-8.53384e-23
-8.53499e-23
-8.53834e-23
-8.54223e-23
-8.54657e-23
-8.55117e-23
-8.55365e-23
-8.55514e-23
-8.55362e-23
-8.55116e-23
-8.5482e-23
-8.5441e-23
-8.53998e-23
-8.53608e-23
-8.53199e-23
-8.52793e-23
-8.52459e-23
-8.52087e-23
-8.51502e-23
-8.51062e-23
-8.50703e-23
-8.50356e-23
-8.5005e-23
-8.49701e-23
-8.49544e-23
-8.49614e-23
-8.49746e-23
-8.50188e-23
-8.50743e-23
-8.5121e-23
-8.52023e-23
-8.5301e-23
-8.54019e-23
-8.54962e-23
-8.55592e-23
-8.56138e-23
-8.56472e-23
-8.56709e-23
-8.56958e-23
-8.57046e-23
-8.57051e-23
-8.56984e-23
-8.57022e-23
-8.57324e-23
-8.57878e-23
-8.58573e-23
-8.59404e-23
-8.60345e-23
-8.61092e-23
-8.61605e-23
-8.61779e-23
-8.61731e-23
-8.6115e-23
-8.60183e-23
-8.58677e-23
-8.56662e-23
-8.54307e-23
-8.51712e-23
-8.49272e-23
-8.47212e-23
-8.45903e-23
-8.45403e-23
-8.45843e-23
-8.47e-23
-8.48291e-23
-8.4986e-23
-8.50992e-23
-8.51605e-23
-8.51741e-23
-8.51442e-23
-8.50375e-23
-8.49033e-23
-8.47516e-23
-8.46044e-23
-8.44791e-23
-8.43788e-23
-8.43212e-23
-8.43204e-23
-8.4358e-23
-8.44061e-23
-8.44766e-23
-8.45646e-23
-8.46583e-23
-8.47334e-23
-8.4817e-23
-8.48878e-23
-8.49345e-23
-8.49594e-23
-8.4982e-23
-8.50005e-23
-8.49977e-23
-8.50101e-23
-8.49936e-23
-8.49477e-23
-8.48691e-23
-8.4758e-23
-8.46293e-23
-8.44846e-23
-8.434e-23
-8.42008e-23
-8.41136e-23
-8.40709e-23
-8.4081e-23
-8.4147e-23
-8.42565e-23
-8.43813e-23
-8.45076e-23
-8.46523e-23
-8.47514e-23
-8.48052e-23
-8.4823e-23
-8.48305e-23
-8.48153e-23
-8.47855e-23
-8.47451e-23
-8.47046e-23
-8.47029e-23
-8.47307e-23
-8.47871e-23
-8.48576e-23
-8.49767e-23
-8.51162e-23
-8.52779e-23
-8.54569e-23
-8.56479e-23
-8.584e-23
-8.6022e-23
-8.61772e-23
-8.63076e-23
-8.63898e-23
-8.6417e-23
-8.64236e-23
-8.6386e-23
-8.63131e-23
-8.62144e-23
-8.61104e-23
-8.59884e-23
-8.58744e-23
-8.57632e-23
-8.56729e-23
-8.55823e-23
-8.55039e-23
-8.54082e-23
-8.53105e-23
-8.52023e-23
-8.51112e-23
-8.50284e-23
-8.49604e-23
-8.4875e-23
-8.48064e-23
-8.47264e-23
-8.46571e-23
-8.45662e-23
-8.44839e-23
-8.44309e-23
-8.43743e-23
-8.43584e-23
-8.43759e-23
-8.44345e-23
-8.45257e-23
-8.46309e-23
-8.4761e-23
-8.48906e-23
-8.50512e-23
-8.5224e-23
-8.54037e-23
-8.56012e-23
-8.58146e-23
-8.60227e-23
-8.62491e-23
-8.6446e-23
-8.66242e-23
-8.67479e-23
-8.68248e-23
-8.68548e-23
-8.68514e-23
-8.67991e-23
-8.67237e-23
-8.66394e-23
-8.65231e-23
-8.63688e-23
-8.61844e-23
-8.59716e-23
-8.57236e-23
-8.54495e-23
-8.51396e-23
-8.4832e-23
-8.45558e-23
-8.4341e-23
-8.41894e-23
-8.41461e-23
-8.4192e-23
-8.43148e-23
-8.44964e-23
-8.47013e-23
-8.4918e-23
-8.51229e-23
-8.52834e-23
-8.54103e-23
-8.55124e-23
-8.55514e-23
-8.55833e-23
-8.55805e-23
-8.55583e-23
-8.55335e-23
-8.54888e-23
-8.54597e-23
-8.54492e-23
-8.54344e-23
-8.54154e-23
-8.53993e-23
-8.53702e-23
-8.53265e-23
-8.52741e-23
-8.51927e-23
-8.51074e-23
-8.49982e-23
-8.49076e-23
-8.47831e-23
-8.46594e-23
-8.45468e-23
-8.44266e-23
-8.43022e-23
-8.41924e-23
-8.41431e-23
-8.41079e-23
-8.41322e-23
-8.41841e-23
-8.42644e-23
-8.43576e-23
-8.44843e-23
-8.46071e-23
-8.47297e-23
-8.48274e-23
-8.49649e-23
-8.50928e-23
-8.52141e-23
-8.53265e-23
-8.54226e-23
-8.55005e-23
-8.55516e-23
-8.55731e-23
-8.55678e-23
-8.552e-23
-8.54558e-23
-8.53534e-23
-8.522e-23
-8.50606e-23
-8.48664e-23
-8.46574e-23
-8.44315e-23
-8.42223e-23
-8.40328e-23
-8.38662e-23
-8.37479e-23
-8.36586e-23
-8.36276e-23
-8.36273e-23
-8.36801e-23
-8.3772e-23
-8.3903e-23
-8.4056e-23
-8.42134e-23
-8.43699e-23
-8.45275e-23
-8.46529e-23
-8.47746e-23
-8.48639e-23
-8.49173e-23
-8.4926e-23
-8.49177e-23
-8.48852e-23
-8.48214e-23
-8.47421e-23
-8.46355e-23
-8.45163e-23
-8.43745e-23
-8.42568e-23
-8.4154e-23
-8.40882e-23
-8.40454e-23
-8.40523e-23
-8.40793e-23
-8.41362e-23
-8.42066e-23
-8.43001e-23
-8.4391e-23
-8.44743e-23
-8.45513e-23
-8.45974e-23
-8.46135e-23
-8.45946e-23
-8.45411e-23
-8.44665e-23
-8.4386e-23
-8.43042e-23
-8.42201e-23
-8.4171e-23
-8.41379e-23
-8.41565e-23
-8.4186e-23
-8.42431e-23
-8.43304e-23
-8.44222e-23
-8.44937e-23
-8.45601e-23
-8.46434e-23
-8.47209e-23
-8.48189e-23
-8.49008e-23
-8.49791e-23
-8.50593e-23
-8.51305e-23
-8.5175e-23
-8.51918e-23
-8.51932e-23
-8.51603e-23
-8.5124e-23
-8.50828e-23
-8.50269e-23
-8.49885e-23
-8.49386e-23
-8.48909e-23
-8.48185e-23
-8.477e-23
-8.47032e-23
-8.46135e-23
-8.45095e-23
-8.44058e-23
-8.42927e-23
-8.41639e-23
-8.40326e-23
-8.38978e-23
-8.37608e-23
-8.36469e-23
-8.35476e-23
-8.34402e-23
-8.33586e-23
-8.32838e-23
-8.32042e-23
-8.31354e-23
-8.31054e-23
-8.30761e-23
-8.30821e-23
-8.30902e-23
-8.30937e-23
-8.31297e-23
-8.31465e-23
-8.31767e-23
-8.32235e-23
-8.32881e-23
-8.33444e-23
-8.34158e-23
-8.34845e-23
-8.35394e-23
-8.36082e-23
-8.36847e-23
-8.37684e-23
-8.38795e-23
-8.40087e-23
-8.41683e-23
-8.43515e-23
-8.45274e-23
-8.46954e-23
-8.4819e-23
-8.49037e-23
-8.49526e-23
-8.49646e-23
-8.49293e-23
-8.4845e-23
-8.473e-23
-8.45811e-23
-8.44262e-23
-8.42613e-23
-8.4104e-23
-8.39465e-23
-8.38254e-23
-8.37286e-23
-8.36674e-23
-8.36378e-23
-8.36399e-23
-8.36585e-23
-8.36809e-23
-8.37322e-23
-8.37923e-23
-8.38604e-23
-8.39275e-23
-8.39939e-23
-8.40775e-23
-8.41529e-23
-8.42466e-23
-8.43341e-23
-8.4429e-23
-8.45093e-23
-8.45747e-23
-8.46066e-23
-8.46054e-23
-8.45709e-23
-8.451e-23
-8.44136e-23
-8.43173e-23
-8.42039e-23
-8.40878e-23
-8.39931e-23
-8.39058e-23
-8.3841e-23
-8.38113e-23
-8.37874e-23
-8.37642e-23
-8.37265e-23
-8.36916e-23
-8.36478e-23
-8.35924e-23
-8.35113e-23
-8.34447e-23
-8.33729e-23
-8.33032e-23
-8.325e-23
-8.32171e-23
-8.32053e-23
-8.32174e-23
-8.32445e-23
-8.32946e-23
-8.33578e-23
-8.34343e-23
-8.35265e-23
-8.36369e-23
-8.37638e-23
-8.38823e-23
-8.40036e-23
-8.41192e-23
-8.42112e-23
-8.42953e-23
-8.43902e-23
-8.44526e-23
-8.45167e-23
-8.46e-23
-8.46987e-23
-8.48054e-23
-8.49175e-23
-8.50291e-23
-8.51349e-23
-8.52089e-23
-8.52541e-23
-8.52635e-23
-8.5249e-23
-8.5204e-23
-8.51742e-23
-8.51426e-23
-8.51288e-23
-8.51266e-23
-8.51673e-23
-8.52207e-23
-8.53094e-23
-8.54128e-23
-8.55258e-23
-8.56466e-23
-8.57266e-23
-8.58146e-23
-8.58895e-23
-8.59439e-23
-8.59741e-23
-8.5969e-23
-8.59239e-23
-8.5816e-23
-8.56828e-23
-8.55232e-23
-8.53395e-23
-8.51609e-23
-8.50011e-23
-8.48782e-23
-8.47963e-23
-8.47573e-23
-8.47447e-23
-8.47653e-23
-8.48065e-23
-8.48486e-23
-8.49112e-23
-8.4954e-23
-8.50038e-23
-8.50543e-23
-8.50721e-23
-8.50846e-23
-8.50732e-23
-8.50508e-23
-8.50388e-23
-8.50523e-23
-8.50642e-23
-8.5113e-23
-8.51565e-23
-8.52121e-23
-8.52848e-23
-8.53418e-23
-8.5392e-23
-8.54289e-23
-8.5478e-23
-8.55271e-23
-8.55934e-23
-8.5654e-23
-8.57486e-23
-8.58356e-23
-8.59212e-23
-8.60028e-23
-8.60671e-23
-8.60984e-23
-8.61044e-23
-8.60779e-23
-8.60107e-23
-8.58854e-23
-8.57379e-23
-8.55663e-23
-8.53775e-23
-8.51891e-23
-8.50378e-23
-8.49246e-23
-8.48627e-23
-8.48352e-23
-8.48344e-23
-8.48439e-23
-8.48681e-23
-8.48911e-23
-8.49113e-23
-8.49449e-23
-8.49692e-23
-8.50052e-23
-8.50584e-23
-8.51194e-23
-8.51923e-23
-8.52768e-23
-8.53734e-23
-8.5468e-23
-8.55388e-23
-8.55769e-23
-8.5545e-23
-8.54552e-23
-8.5325e-23
-8.51523e-23
-8.49833e-23
-8.48279e-23
-8.47282e-23
-8.46773e-23
-8.46872e-23
-8.47354e-23
-8.48036e-23
-8.48967e-23
-8.50002e-23
-8.51418e-23
-8.52713e-23
-8.54458e-23
-8.56007e-23
-8.57295e-23
-8.5828e-23
-8.589e-23
-8.59102e-23
-8.58797e-23
-8.58116e-23
-8.57247e-23
-8.56114e-23
-8.54808e-23
-8.53408e-23
-8.51675e-23
-8.49912e-23
-8.48058e-23
-8.46079e-23
-8.44338e-23
-8.43094e-23
-8.42507e-23
-8.42778e-23
-8.43683e-23
-8.45215e-23
-8.47234e-23
-8.49484e-23
-8.51583e-23
-8.53591e-23
-8.55297e-23
-8.56423e-23
-8.57126e-23
-8.57346e-23
-8.57125e-23
-8.56639e-23
-8.55779e-23
-8.5496e-23
-8.5408e-23
-8.53164e-23
-8.52298e-23
-8.51503e-23
-8.50762e-23
-8.50195e-23
-8.49741e-23
-8.49371e-23
-8.49326e-23
-8.49602e-23
-8.50151e-23
-8.50865e-23
-8.51696e-23
-8.52514e-23
-8.53466e-23
-8.54163e-23
-8.55045e-23
-8.55943e-23
-8.56912e-23
-8.57757e-23
-8.5857e-23
-8.59135e-23
-8.59471e-23
-8.59626e-23
-8.59345e-23
-8.58873e-23
-8.58093e-23
-8.56788e-23
-8.55286e-23
-8.53377e-23
-8.51153e-23
-8.4882e-23
-8.46192e-23
-8.43653e-23
-8.41247e-23
-8.39532e-23
-8.38359e-23
-8.37925e-23
-8.3874e-23
-8.40088e-23
-8.42045e-23
-8.44255e-23
-8.46512e-23
-8.4853e-23
-8.50175e-23
-8.51294e-23
-8.5196e-23
-8.52457e-23
-8.52898e-23
-8.53177e-23
-8.53388e-23
-8.53442e-23
-8.53448e-23
-8.5329e-23
-8.52664e-23
-8.51815e-23
-8.50737e-23
-8.49494e-23
-8.47937e-23
-8.46493e-23
-8.4501e-23
-8.4348e-23
-8.42417e-23
-8.41784e-23
-8.41699e-23
-8.42339e-23
-8.43663e-23
-8.4534e-23
-8.4719e-23
-8.48903e-23
-8.50225e-23
-8.51117e-23
-8.5143e-23
-8.51226e-23
-8.5072e-23
-8.4995e-23
-8.49249e-23
-8.48722e-23
-8.48233e-23
-8.48039e-23
-8.47954e-23
-8.48233e-23
-8.48879e-23
-8.49848e-23
-8.50967e-23
-8.52338e-23
-8.53594e-23
-8.55007e-23
-8.56131e-23
-8.56958e-23
-8.57312e-23
-8.57512e-23
-8.57231e-23
-8.56812e-23
-8.56283e-23
-8.55751e-23
-8.55262e-23
-8.54908e-23
-8.54871e-23
-8.54951e-23
-8.54813e-23
-8.54697e-23
-8.54273e-23
-8.53936e-23
-8.53715e-23
-8.54153e-23
-8.54846e-23
-8.55924e-23
-8.57111e-23
-8.5832e-23
-8.58967e-23
-8.59246e-23
-8.59261e-23
-8.58795e-23
-8.58059e-23
-8.57008e-23
-8.55947e-23
-8.54702e-23
-8.53441e-23
-8.5216e-23
-8.50711e-23
-8.49285e-23
-8.47809e-23
-8.46282e-23
-8.44659e-23
-8.43029e-23
-8.41485e-23
-8.40013e-23
-8.38771e-23
-8.37857e-23
-8.37418e-23
-8.37351e-23
-8.37858e-23
-8.39005e-23
-8.40545e-23
-8.42437e-23
-8.44573e-23
-8.46424e-23
-8.48261e-23
-8.49971e-23
-8.514e-23
-8.52467e-23
-8.53071e-23
-8.53266e-23
-8.5296e-23
-8.52246e-23
-8.51344e-23
-8.5005e-23
-8.48535e-23
-8.4724e-23
-8.46101e-23
-8.4521e-23
-8.44787e-23
-8.44681e-23
-8.44894e-23
-8.45289e-23
-8.4596e-23
-8.46826e-23
-8.4778e-23
-8.48876e-23
-8.50037e-23
-8.51086e-23
-8.51715e-23
-8.52124e-23
-8.52177e-23
-8.51717e-23
-8.51039e-23
-8.5007e-23
-8.4887e-23
-8.47427e-23
-8.45902e-23
-8.4433e-23
-8.41727e-23
-8.37639e-23
-8.3283e-23
-8.27319e-23
-8.2125e-23
-8.14841e-23
-8.08331e-23
-8.02134e-23
-7.96394e-23
-7.91462e-23
-7.87598e-23
-7.8506e-23
-7.84017e-23
-7.84408e-23
-7.86304e-23
-7.89431e-23
-7.93693e-23
-7.98743e-23
-8.04044e-23
-8.09123e-23
-8.13698e-23
-8.17298e-23
-8.19505e-23
-8.20278e-23
-8.19466e-23
-8.17192e-23
-8.1383e-23
-8.0992e-23
-8.05971e-23
-8.02495e-23
-7.99567e-23
-7.96972e-23
-7.94462e-23
-7.91755e-23
-7.89016e-23
-7.86419e-23
-7.84146e-23
-7.82479e-23
-7.81663e-23
-7.819e-23
-7.83317e-23
-7.85906e-23
-7.89317e-23
-7.93391e-23
-7.97479e-23
-8.01392e-23
-8.04458e-23
-8.06559e-23
-8.07773e-23
-8.08277e-23
-8.07798e-23
-8.06618e-23
-8.04862e-23
-8.02257e-23
-7.99149e-23
-7.95993e-23
-7.93197e-23
-7.90748e-23
-7.88917e-23
-7.87741e-23
-7.8726e-23
-7.87242e-23
-7.87667e-23
-7.88339e-23
-7.89618e-23
-7.91567e-23
-7.94158e-23
-7.97249e-23
-8.00789e-23
-8.04179e-23
-8.07454e-23
-8.10088e-23
-8.11901e-23
-8.12537e-23
-8.11851e-23
-8.09733e-23
-8.06508e-23
-8.02634e-23
-7.98869e-23
-7.95686e-23
-7.93533e-23
-7.92513e-23
-7.92076e-23
-7.92333e-23
-7.93043e-23
-7.94323e-23
-7.95795e-23
-7.97456e-23
-7.98942e-23
-7.99782e-23
-7.99784e-23
-7.98741e-23
-7.97368e-23
-7.96136e-23
-7.95001e-23
-7.94411e-23
-7.94103e-23
-7.93864e-23
-7.93881e-23
-7.9401e-23
-7.94496e-23
-7.95739e-23
-7.97985e-23
-8.01032e-23
-8.04796e-23
-8.08806e-23
-8.12209e-23
-8.1505e-23
-8.16232e-23
-8.15889e-23
-8.1406e-23
-8.11175e-23
-8.07669e-23
-8.0404e-23
-8.00664e-23
-7.98039e-23
-7.95971e-23
-7.94669e-23
-7.94172e-23
-7.94238e-23
-7.94999e-23
-7.96264e-23
-7.97459e-23
-7.98668e-23
-7.99643e-23
-8.00086e-23
-8.0006e-23
-7.98925e-23
-7.97231e-23
-7.95002e-23
-7.92453e-23
-7.90178e-23
-7.88919e-23
-7.89092e-23
-7.907e-23
-7.93063e-23
-7.95916e-23
-7.98633e-23
-8.01331e-23
-8.03723e-23
-8.05582e-23
-8.06971e-23
-8.07517e-23
-8.07164e-23
-8.06047e-23
-8.04748e-23
-8.03397e-23
-8.02585e-23
-8.02588e-23
-8.03117e-23
-8.04238e-23
-8.05788e-23
-8.07344e-23
-8.08701e-23
-8.09458e-23
-8.09703e-23
-8.09112e-23
-8.07882e-23
-8.05914e-23
-8.03319e-23
-8.00048e-23
-7.96607e-23
-7.92902e-23
-7.88982e-23
-7.8519e-23
-7.81561e-23
-7.78589e-23
-7.76492e-23
-7.75056e-23
-7.74715e-23
-7.75363e-23
-7.76989e-23
-7.79659e-23
-7.83197e-23
-7.87702e-23
-7.92827e-23
-7.97995e-23
-8.02828e-23
-8.06958e-23
-8.09856e-23
-8.11124e-23
-8.10942e-23
-8.09347e-23
-8.06473e-23
-8.02981e-23
-7.99386e-23
-7.95705e-23
-7.92774e-23
-7.90602e-23
-7.89161e-23
-7.88372e-23
-7.88268e-23
-7.88754e-23
-7.89881e-23
-7.91677e-23
-7.94108e-23
-7.96871e-23
-7.99838e-23
-8.03005e-23
-8.06011e-23
-8.08933e-23
-8.11458e-23
-8.13268e-23
-8.14522e-23
-8.15219e-23
-8.154e-23
-8.15302e-23
-8.14909e-23
-8.14107e-23
-8.128e-23
-8.10659e-23
-8.0815e-23
-8.0526e-23
-8.02668e-23
-8.00794e-23
-8.00391e-23
-8.01494e-23
-8.04092e-23
-8.0764e-23
-8.11417e-23
-8.14626e-23
-8.16855e-23
-8.18105e-23
-8.17994e-23
-8.16885e-23
-8.14838e-23
-8.12093e-23
-8.08988e-23
-8.05994e-23
-8.0307e-23
-8.00556e-23
-7.98214e-23
-7.96445e-23
-7.95076e-23
-7.93786e-23
-7.92448e-23
-7.91177e-23
-7.89708e-23
-7.88296e-23
-7.868e-23
-7.85687e-23
-7.84989e-23
-7.84904e-23
-7.85522e-23
-7.86855e-23
-7.88853e-23
-7.90854e-23
-7.92826e-23
-7.94535e-23
-7.9602e-23
-7.97407e-23
-7.98434e-23
-7.9947e-23
-8.00566e-23
-8.01544e-23
-8.02387e-23
-8.02618e-23
-8.02194e-23
-8.00796e-23
-7.98671e-23
-7.9624e-23
-7.93739e-23
-7.91706e-23
-7.90304e-23
-7.89844e-23
-7.90145e-23
-7.91227e-23
-7.92558e-23
-7.94346e-23
-7.96625e-23
-7.99237e-23
-8.01964e-23
-8.04163e-23
-8.05859e-23
-8.06324e-23
-8.05788e-23
-8.04079e-23
-8.01597e-23
-7.98703e-23
-7.957e-23
-7.93176e-23
-7.91313e-23
-7.90603e-23
-7.90591e-23
-7.91541e-23
-7.92915e-23
-7.94169e-23
-7.95321e-23
-7.96044e-23
-7.96425e-23
-7.96441e-23
-7.96736e-23
-7.97207e-23
-7.98188e-23
-7.99748e-23
-8.01836e-23
-8.04137e-23
-8.0658e-23
-8.09018e-23
-8.11323e-23
-8.13303e-23
-8.1478e-23
-8.15422e-23
-8.15231e-23
-8.13844e-23
-8.11511e-23
-8.0851e-23
-8.05018e-23
-8.01304e-23
-7.97914e-23
-7.94758e-23
-7.92209e-23
-7.90465e-23
-7.89447e-23
-7.88878e-23
-7.88515e-23
-7.87847e-23
-7.86897e-23
-7.85561e-23
-7.8403e-23
-7.82524e-23
-7.81797e-23
-7.81794e-23
-7.83251e-23
-7.8595e-23
-7.89171e-23
-7.92519e-23
-7.95184e-23
-7.96629e-23
-7.96765e-23
-7.95933e-23
-7.94425e-23
-7.92552e-23
-7.90327e-23
-7.88201e-23
-7.86038e-23
-7.83934e-23
-7.82082e-23
-7.80372e-23
-7.78671e-23
-7.77246e-23
-7.76278e-23
-7.75412e-23
-7.74928e-23
-7.74309e-23
-7.73603e-23
-7.73205e-23
-7.73487e-23
-7.74748e-23
-7.77316e-23
-7.80881e-23
-7.84976e-23
-7.88748e-23
-7.91703e-23
-7.93493e-23
-7.94403e-23
-7.94399e-23
-7.93916e-23
-7.93104e-23
-7.92467e-23
-7.9213e-23
-7.92479e-23
-7.93351e-23
-7.94895e-23
-7.97058e-23
-7.99586e-23
-8.02555e-23
-8.05827e-23
-8.08902e-23
-8.11913e-23
-8.14417e-23
-8.16251e-23
-8.17296e-23
-8.17448e-23
-8.16441e-23
-8.14412e-23
-8.11772e-23
-8.0893e-23
-8.06276e-23
-8.0392e-23
-8.019e-23
-8.00087e-23
-7.98466e-23
-7.96664e-23
-7.94809e-23
-7.93089e-23
-7.91292e-23
-7.89596e-23
-7.88013e-23
-7.86837e-23
-7.86271e-23
-7.86412e-23
-7.87357e-23
-7.89164e-23
-7.91428e-23
-7.93785e-23
-7.9579e-23
-7.97001e-23
-7.97294e-23
-7.96656e-23
-7.95354e-23
-7.94157e-23
-7.93214e-23
-7.92917e-23
-7.93177e-23
-7.93805e-23
-7.94581e-23
-7.95309e-23
-7.95845e-23
-7.96268e-23
-7.96551e-23
-7.96866e-23
-7.971e-23
-7.97829e-23
-7.98906e-23
-8.00119e-23
-8.01698e-23
-8.03423e-23
-8.04778e-23
-8.06217e-23
-8.07123e-23
-8.07874e-23
-8.08314e-23
-8.08307e-23
-8.07638e-23
-8.06307e-23
-8.04758e-23
-8.03089e-23
-8.01233e-23
-7.99658e-23
-7.98267e-23
-7.97529e-23
-7.97146e-23
-7.9707e-23
-7.97138e-23
-7.97009e-23
-7.96834e-23
-7.96243e-23
-7.95299e-23
-7.93838e-23
-7.92114e-23
-7.90155e-23
-7.87986e-23
-7.85985e-23
-7.84045e-23
-7.82302e-23
-7.80976e-23
-7.80429e-23
-7.80788e-23
-7.8232e-23
-7.84909e-23
-7.88567e-23
-7.92642e-23
-7.96831e-23
-8.01179e-23
-8.0537e-23
-8.09412e-23
-8.13381e-23
-8.16846e-23
-8.19616e-23
-8.21575e-23
-8.22758e-23
-8.22726e-23
-8.21666e-23
-8.19543e-23
-8.16666e-23
-8.12749e-23
-8.08341e-23
-8.03669e-23
-7.99553e-23
-7.96398e-23
-7.94174e-23
-7.93285e-23
-7.93693e-23
-7.94948e-23
-7.96226e-23
-7.97251e-23
-7.98004e-23
-7.98226e-23
-7.97849e-23
-7.96832e-23
-7.95797e-23
-7.94618e-23
-7.93537e-23
-7.92535e-23
-7.91701e-23
-7.90659e-23
-7.89382e-23
-7.87867e-23
-7.85828e-23
-7.8365e-23
-7.81394e-23
-7.79353e-23
-7.78026e-23
-7.77566e-23
-7.78224e-23
-7.79976e-23
-7.82459e-23
-7.85465e-23
-7.88283e-23
-7.90314e-23
-7.91321e-23
-7.91298e-23
-7.90506e-23
-7.89425e-23
-7.8869e-23
-7.88698e-23
-7.8963e-23
-7.91284e-23
-7.93328e-23
-7.95007e-23
-7.96061e-23
-7.96637e-23
-7.96866e-23
-7.96825e-23
-7.96536e-23
-7.96169e-23
-7.95771e-23
-7.95396e-23
-7.95032e-23
-7.9468e-23
-7.94316e-23
-7.94247e-23
-7.94317e-23
-7.94389e-23
-7.94675e-23
-7.95201e-23
-7.96265e-23
-7.97598e-23
-7.99201e-23
-8.01249e-23
-8.02985e-23
-8.04637e-23
-8.05789e-23
-8.06162e-23
-8.05867e-23
-8.04955e-23
-8.0328e-23
-8.01363e-23
-7.99656e-23
-7.98508e-23
-7.977e-23
-7.97234e-23
-7.96462e-23
-7.95425e-23
-7.94638e-23
-7.94062e-23
-7.94193e-23
-7.94863e-23
-7.95721e-23
-7.96142e-23
-7.96448e-23
-7.96664e-23
-7.96742e-23
-7.96643e-23
-7.96408e-23
-7.96172e-23
-7.95788e-23
-7.95232e-23
-7.94497e-23
-7.9375e-23
-7.93011e-23
-7.9255e-23
-7.92267e-23
-7.92285e-23
-7.9221e-23
-7.92294e-23
-7.9219e-23
-7.92365e-23
-7.92478e-23
-7.92513e-23
-7.92355e-23
-7.92034e-23
-7.91416e-23
-7.90754e-23
-7.90346e-23
-7.90203e-23
-7.90478e-23
-7.90654e-23
-7.90576e-23
-7.90291e-23
-7.89844e-23
-7.88881e-23
-7.87662e-23
-7.86472e-23
-7.85133e-23
-7.83726e-23
-7.82646e-23
-7.81967e-23
-7.81767e-23
-7.82486e-23
-7.83876e-23
-7.85906e-23
-7.87824e-23
-7.89828e-23
-7.91512e-23
-7.92918e-23
-7.94088e-23
-7.95325e-23
-7.97022e-23
-7.99079e-23
-8.00984e-23
-8.02819e-23
-8.04467e-23
-8.05477e-23
-8.05557e-23
-8.04717e-23
-8.02764e-23
-8.00225e-23
-7.96974e-23
-7.93548e-23
-7.90539e-23
-7.87969e-23
-7.8673e-23
-7.86772e-23
-7.88081e-23
-7.90423e-23
-7.93551e-23
-7.97002e-23
-8.00607e-23
-8.03487e-23
-8.05355e-23
-8.05624e-23
-8.0444e-23
-8.01797e-23
-7.97951e-23
-7.93348e-23
-7.88092e-23
-7.8273e-23
-7.77819e-23
-7.73265e-23
-7.7002e-23
-7.67677e-23
-7.66788e-23
-7.67673e-23
-7.70084e-23
-7.73763e-23
-7.78139e-23
-7.82895e-23
-7.87749e-23
-7.92488e-23
-7.97004e-23
-8.01058e-23
-8.04743e-23
-8.07821e-23
-8.10073e-23
-8.11642e-23
-8.12341e-23
-8.11888e-23
-8.10195e-23
-8.07429e-23
-8.03869e-23
-7.99599e-23
-7.95253e-23
-7.91226e-23
-7.87614e-23
-7.84294e-23
-7.81748e-23
-7.80004e-23
-7.79123e-23
-7.78834e-23
-7.79162e-23
-7.79867e-23
-7.81415e-23
-7.83451e-23
-7.85882e-23
-7.88606e-23
-7.914e-23
-7.93966e-23
-7.96195e-23
-7.98081e-23
-7.99413e-23
-7.99935e-23
-7.99766e-23
-7.99295e-23
-7.98358e-23
-7.97117e-23
-7.95924e-23
-7.94769e-23
-7.9383e-23
-7.93209e-23
-7.92862e-23
-7.92657e-23
-7.92546e-23
-7.92643e-23
-7.92438e-23
-7.9219e-23
-7.92076e-23
-7.91918e-23
-7.91535e-23
-7.91114e-23
-7.90189e-23
-7.8872e-23
-7.87081e-23
-7.85106e-23
-7.83342e-23
-7.8173e-23
-7.80891e-23
-7.80361e-23
-7.80237e-23
-7.80461e-23
-7.81195e-23
-7.82566e-23
-7.8449e-23
-7.86859e-23
-7.89734e-23
-7.92888e-23
-7.96175e-23
-7.99424e-23
-8.0258e-23
-8.05365e-23
-8.08366e-23
-8.11265e-23
-8.14084e-23
-8.16486e-23
-8.18435e-23
-8.19292e-23
-8.19229e-23
-8.18174e-23
-8.16017e-23
-8.13076e-23
-8.09921e-23
-8.06845e-23
-8.04434e-23
-8.02665e-23
-8.01503e-23
-8.00915e-23
-8.00792e-23
-8.00993e-23
-8.01668e-23
-8.02962e-23
-8.04859e-23
-8.0752e-23
-8.10751e-23
-8.14056e-23
-8.16517e-23
-8.17991e-23
-8.18045e-23
-8.16999e-23
-8.15057e-23
-8.12566e-23
-8.09978e-23
-8.07175e-23
-8.04767e-23
-8.02203e-23
-7.99864e-23
-7.9808e-23
-7.96899e-23
-7.96556e-23
-7.9673e-23
-7.97439e-23
-7.98108e-23
-7.98341e-23
-7.97932e-23
-7.96476e-23
-7.9424e-23
-7.91419e-23
-7.88299e-23
-7.8549e-23
-7.83114e-23
-7.81524e-23
-7.80914e-23
-7.81307e-23
-7.82444e-23
-7.84407e-23
-7.86867e-23
-7.89508e-23
-7.91818e-23
-7.93807e-23
-7.95136e-23
-7.95759e-23
-7.95998e-23
-7.95976e-23
-7.96247e-23
-7.96964e-23
-7.9827e-23
-8.00078e-23
-8.0231e-23
-8.04591e-23
-8.06376e-23
-8.07682e-23
-8.0813e-23
-8.08216e-23
-8.07836e-23
-8.06868e-23
-8.06098e-23
-8.0517e-23
-8.04345e-23
-8.03778e-23
-8.0325e-23
-8.02675e-23
-8.02243e-23
-8.01802e-23
-8.01302e-23
-8.00794e-23
-8.00652e-23
-8.00602e-23
-8.01162e-23
-8.01927e-23
-8.02965e-23
-8.03626e-23
-8.03713e-23
-8.03146e-23
-8.02042e-23
-8.00672e-23
-7.99807e-23
-7.99434e-23
-7.99673e-23
-8.00197e-23
-8.00797e-23
-8.01438e-23
-8.01803e-23
-8.01847e-23
-8.01465e-23
-8.00558e-23
-7.99202e-23
-7.97069e-23
-7.94692e-23
-7.9213e-23
-7.89599e-23
-7.87578e-23
-7.86541e-23
-7.86781e-23
-7.88201e-23
-7.90605e-23
-7.93214e-23
-7.95658e-23
-7.9729e-23
-7.98205e-23
-7.98582e-23
-7.98464e-23
-7.98073e-23
-7.97829e-23
-7.98183e-23
-7.98967e-23
-8.00148e-23
-8.01464e-23
-8.02392e-23
-8.0312e-23
-8.0333e-23
-8.03169e-23
-8.02745e-23
-8.02021e-23
-8.01703e-23
-8.01578e-23
-8.01385e-23
-8.01327e-23
-8.01048e-23
-8.00561e-23
-8.00229e-23
-8.00026e-23
-8.00291e-23
-8.00884e-23
-8.01772e-23
-8.02722e-23
-8.03307e-23
-8.03432e-23
-8.02843e-23
-8.01683e-23
-8.00095e-23
-7.98422e-23
-7.97019e-23
-7.96402e-23
-7.96734e-23
-7.97505e-23
-7.9816e-23
-7.98363e-23
-7.98001e-23
-7.96944e-23
-7.95633e-23
-7.94262e-23
-7.92958e-23
-7.91707e-23
-7.90369e-23
-7.89107e-23
-7.88122e-23
-7.87401e-23
-7.86998e-23
-7.87247e-23
-7.87911e-23
-7.89088e-23
-7.9064e-23
-7.92422e-23
-7.94053e-23
-7.9562e-23
-7.96847e-23
-7.97592e-23
-7.98059e-23
-7.98483e-23
-7.98642e-23
-7.99068e-23
-7.99946e-23
-8.01257e-23
-8.03343e-23
-8.05977e-23
-8.08954e-23
-8.1187e-23
-8.14784e-23
-8.1724e-23
-8.18957e-23
-8.19986e-23
-8.20087e-23
-8.193e-23
-8.17713e-23
-8.15578e-23
-8.12754e-23
-8.09806e-23
-8.06274e-23
-8.02761e-23
-7.99522e-23
-7.9685e-23
-7.94854e-23
-7.93983e-23
-7.93841e-23
-7.94331e-23
-7.94878e-23
-7.9527e-23
-7.9518e-23
-7.94946e-23
-7.94607e-23
-7.94048e-23
-7.93501e-23
-7.93026e-23
-7.92631e-23
-7.92512e-23
-7.92567e-23
-7.92876e-23
-7.93346e-23
-7.93653e-23
-7.9373e-23
-7.93916e-23
-7.94292e-23
-7.94653e-23
-7.95088e-23
-7.95584e-23
-7.96201e-23
-7.96477e-23
-7.96409e-23
-7.95643e-23
-7.94524e-23
-7.92796e-23
-7.9061e-23
-7.88396e-23
-7.86381e-23
-7.84745e-23
-7.83825e-23
-7.83506e-23
-7.83664e-23
-7.84307e-23
-7.85201e-23
-7.86232e-23
-7.87487e-23
-7.8869e-23
-7.89768e-23
-7.90626e-23
-7.91112e-23
-7.91461e-23
-7.91389e-23
-7.91199e-23
-7.90949e-23
-7.9118e-23
-7.91854e-23
-7.92862e-23
-7.93764e-23
-7.94156e-23
-7.93572e-23
-7.91841e-23
-7.89052e-23
-7.85332e-23
-7.81579e-23
-7.78114e-23
-7.75805e-23
-7.75181e-23
-7.75773e-23
-7.77213e-23
-7.79047e-23
-7.81029e-23
-7.8284e-23
-7.84664e-23
-7.86679e-23
-7.88852e-23
-7.91463e-23
-7.94259e-23
-7.97106e-23
-7.99655e-23
-8.02185e-23
-8.04367e-23
-8.06002e-23
-8.07076e-23
-8.07547e-23
-8.07476e-23
-8.0685e-23
-8.05748e-23
-8.04133e-23
-8.02329e-23
-8.00565e-23
-7.99198e-23
-7.98178e-23
-7.97764e-23
-7.97951e-23
-7.98672e-23
-7.98885e-23
-7.98528e-23
-7.97626e-23
-7.96038e-23
-7.93444e-23
-7.90049e-23
-7.86086e-23
-7.81942e-23
-7.77716e-23
-7.74023e-23
-7.70721e-23
-7.68033e-23
-7.66093e-23
-7.64813e-23
-7.64615e-23
-7.65753e-23
-7.68034e-23
-7.71489e-23
-7.75495e-23
-7.79519e-23
-7.82558e-23
-7.847e-23
-7.86095e-23
-7.86546e-23
-7.86335e-23
-7.85354e-23
-7.8401e-23
-7.81776e-23
-7.7894e-23
-7.75626e-23
-7.7228e-23
-7.69592e-23
-7.68058e-23
-7.67849e-23
-7.69127e-23
-7.7149e-23
-7.74741e-23
-7.78217e-23
-7.81685e-23
-7.84716e-23
-7.87261e-23
-7.89591e-23
-7.92105e-23
-7.94604e-23
-7.9657e-23
-7.9788e-23
-7.98023e-23
-7.96941e-23
-7.94759e-23
-7.91703e-23
-7.8833e-23
-7.84923e-23
-7.81871e-23
-7.79854e-23
-7.78416e-23
-7.77916e-23
-7.78092e-23
-7.78557e-23
-7.79234e-23
-7.79953e-23
-7.80661e-23
-7.81315e-23
-7.82172e-23
-7.82857e-23
-7.83889e-23
-7.84823e-23
-7.85966e-23
-7.86946e-23
-7.87831e-23
-7.88644e-23
-7.89149e-23
-7.89438e-23
-7.89922e-23
-7.90649e-23
-7.9179e-23
-7.92983e-23
-7.93752e-23
-7.93844e-23
-7.92844e-23
-7.90753e-23
-7.87902e-23
-7.84594e-23
-7.81799e-23
-7.79599e-23
-7.78154e-23
-7.77592e-23
-7.77432e-23
-7.7731e-23
-7.77344e-23
-7.77738e-23
-7.78672e-23
-7.80325e-23
-7.82522e-23
-7.85235e-23
-7.88071e-23
-7.90505e-23
-7.92233e-23
-7.9349e-23
-7.94254e-23
-7.94845e-23
-7.95008e-23
-7.94918e-23
-7.93982e-23
-7.92457e-23
-7.90584e-23
-7.88684e-23
-7.86996e-23
-7.85609e-23
-7.84818e-23
-7.83828e-23
-7.83065e-23
-7.81648e-23
-7.80055e-23
-7.78105e-23
-7.7602e-23
-7.73836e-23
-7.71975e-23
-7.69914e-23
-7.67835e-23
-7.65476e-23
-7.62848e-23
-7.59859e-23
-7.56795e-23
-7.54004e-23
-7.52046e-23
-7.51374e-23
-7.52463e-23
-7.55046e-23
-7.59137e-23
-7.63775e-23
-7.68402e-23
-7.72494e-23
-7.75701e-23
-7.78415e-23
-7.80827e-23
-7.83318e-23
-7.85778e-23
-7.88185e-23
-7.90014e-23
-7.90975e-23
-7.91166e-23
-7.90213e-23
-7.8867e-23
-7.86881e-23
-7.85061e-23
-7.83372e-23
-7.82184e-23
-7.81787e-23
-7.82006e-23
-7.82779e-23
-7.83688e-23
-7.84384e-23
-7.84477e-23
-7.83936e-23
-7.82588e-23
-7.80409e-23
-7.78049e-23
-7.7557e-23
-7.73486e-23
-7.72119e-23
-7.71785e-23
-7.72313e-23
-7.73823e-23
-7.76294e-23
-7.79208e-23
-7.82369e-23
-7.84948e-23
-7.86898e-23
-7.87878e-23
-7.87396e-23
-7.85263e-23
-7.81686e-23
-7.76669e-23
-7.71023e-23
-7.65737e-23
-7.61805e-23
-7.60287e-23
-7.61782e-23
-7.6491e-23
-7.6887e-23
-7.72693e-23
-7.75951e-23
-7.78063e-23
-7.79702e-23
-7.80731e-23
-7.81309e-23
-7.81693e-23
-7.82154e-23
-7.8253e-23
-7.82831e-23
-7.82833e-23
-7.82553e-23
-7.82064e-23
-7.81723e-23
-7.81554e-23
-7.81485e-23
-7.81136e-23
-7.8055e-23
-7.79471e-23
-7.77879e-23
-7.75593e-23
-7.72727e-23
-7.69777e-23
-7.67119e-23
-7.65515e-23
-7.6514e-23
-7.65687e-23
-7.67141e-23
-7.69367e-23
-7.7184e-23
-7.74041e-23
-7.75539e-23
-7.76243e-23
-7.76261e-23
-7.75301e-23
-7.73881e-23
-7.72071e-23
-7.70012e-23
-7.67964e-23
-7.65992e-23
-7.63988e-23
-7.6237e-23
-7.60707e-23
-7.58988e-23
-7.57123e-23
-7.55393e-23
-7.5389e-23
-7.52814e-23
-7.52049e-23
-7.51501e-23
-7.51255e-23
-7.51386e-23
-7.52136e-23
-7.53713e-23
-7.56338e-23
-7.59861e-23
-7.6466e-23
-7.7017e-23
-7.7604e-23
-7.81674e-23
-7.86349e-23
-7.8984e-23
-7.91617e-23
-7.91592e-23
-7.89728e-23
-7.86997e-23
-7.83883e-23
-7.81254e-23
-7.79363e-23
-7.7886e-23
-7.79438e-23
-7.80974e-23
-7.82766e-23
-7.84738e-23
-7.86226e-23
-7.8743e-23
-7.87886e-23
-7.87215e-23
-7.85727e-23
-7.84097e-23
-7.82419e-23
-7.8116e-23
-7.80377e-23
-7.80135e-23
-7.80033e-23
-7.79661e-23
-7.78876e-23
-7.77634e-23
-7.76308e-23
-7.74685e-23
-7.72917e-23
-7.71503e-23
-7.702e-23
-7.6945e-23
-7.69294e-23
-7.69673e-23
-7.70806e-23
-7.72892e-23
-7.7548e-23
-7.7844e-23
-7.81408e-23
-7.83962e-23
-7.86303e-23
-7.88656e-23
-7.90994e-23
-7.92909e-23
-7.9455e-23
-7.95994e-23
-7.96971e-23
-7.97366e-23
-7.96845e-23
-7.95391e-23
-7.93155e-23
-7.90134e-23
-7.86665e-23
-7.82661e-23
-7.78424e-23
-7.74508e-23
-7.70601e-23
-7.66658e-23
-7.63188e-23
-7.60475e-23
-7.58734e-23
-7.58065e-23
-7.58518e-23
-7.59964e-23
-7.62339e-23
-7.64969e-23
-7.68167e-23
-7.71466e-23
-7.74644e-23
-7.7767e-23
-7.8012e-23
-7.82486e-23
-7.84523e-23
-7.8598e-23
-7.867e-23
-7.86457e-23
-7.85154e-23
-7.83189e-23
-7.80776e-23
-7.78376e-23
-7.76581e-23
-7.7548e-23
-7.75158e-23
-7.75289e-23
-7.75908e-23
-7.76405e-23
-7.76625e-23
-7.76473e-23
-7.7577e-23
-7.74994e-23
-7.74562e-23
-7.74581e-23
-7.75281e-23
-7.76747e-23
-7.78605e-23
-7.8077e-23
-7.83024e-23
-7.84809e-23
-7.86069e-23
-7.8605e-23
-7.84581e-23
-7.81977e-23
-7.79139e-23
-7.76574e-23
-7.74829e-23
-7.73733e-23
-7.72937e-23
-7.71973e-23
-7.70935e-23
-7.69872e-23
-7.68883e-23
-7.68102e-23
-7.67863e-23
-7.68317e-23
-7.70101e-23
-7.7314e-23
-7.77129e-23
-7.81612e-23
-7.85951e-23
-7.8973e-23
-7.92754e-23
-7.95284e-23
-7.97059e-23
-7.9814e-23
-7.98607e-23
-7.98535e-23
-7.97611e-23
-7.95873e-23
-7.93467e-23
-7.90294e-23
-7.86775e-23
-7.83161e-23
-7.8002e-23
-7.77561e-23
-7.76086e-23
-7.7642e-23
-7.77775e-23
-7.79776e-23
-7.81871e-23
-7.8354e-23
-7.84508e-23
-7.84433e-23
-7.83967e-23
-7.83638e-23
-7.83974e-23
-7.85744e-23
-7.89153e-23
-7.9379e-23
-7.98873e-23
-8.03257e-23
-8.06502e-23
-8.08216e-23
-8.08026e-23
-8.06374e-23
-8.04114e-23
-8.01494e-23
-7.99167e-23
-7.96856e-23
-7.946e-23
-7.92298e-23
-7.89964e-23
-7.87936e-23
-7.86966e-23
-7.87516e-23
-7.89566e-23
-7.92678e-23
-7.96099e-23
-7.99035e-23
-8.00925e-23
-8.01825e-23
-8.01586e-23
-8.00402e-23
-7.98853e-23
-7.97043e-23
-7.95179e-23
-7.93163e-23
-7.91463e-23
-7.89717e-23
-7.87658e-23
-7.85435e-23
-7.82663e-23
-7.7958e-23
-7.76325e-23
-7.72806e-23
-7.69456e-23
-7.66774e-23
-7.65048e-23
-7.64762e-23
-7.65784e-23
-7.67895e-23
-7.70748e-23
-7.73719e-23
-7.76412e-23
-7.78941e-23
-7.81136e-23
-7.83074e-23
-7.85184e-23
-7.87513e-23
-7.90285e-23
-7.93409e-23
-7.96582e-23
-7.99748e-23
-8.02259e-23
-8.0424e-23
-8.05191e-23
-8.05434e-23
-8.04631e-23
-8.03235e-23
-8.01137e-23
-7.98957e-23
-7.97048e-23
-7.95526e-23
-7.94228e-23
-7.92849e-23
-7.90934e-23
-7.88823e-23
-7.86417e-23
-7.84415e-23
-7.82675e-23
-7.81668e-23
-7.80812e-23
-7.79915e-23
-7.78451e-23
-7.76259e-23
-7.73658e-23
-7.70562e-23
-7.67691e-23
-7.6506e-23
-7.63144e-23
-7.61735e-23
-7.61338e-23
-7.61755e-23
-7.63132e-23
-7.65356e-23
-7.68153e-23
-7.71318e-23
-7.74657e-23
-7.77503e-23
-7.7959e-23
-7.80639e-23
-7.80687e-23
-7.80221e-23
-7.79081e-23
-7.77958e-23
-7.76645e-23
-7.7568e-23
-7.7487e-23
-7.7422e-23
-7.73693e-23
-7.73431e-23
-7.73395e-23
-7.73747e-23
-7.7462e-23
-7.76092e-23
-7.77797e-23
-7.79514e-23
-7.80633e-23
-7.80968e-23
-7.80098e-23
-7.78135e-23
-7.75013e-23
-7.71474e-23
-7.67775e-23
-7.6437e-23
-7.61625e-23
-7.59988e-23
-7.59155e-23
-7.59861e-23
-7.62135e-23
-7.65631e-23
-7.69663e-23
-7.73583e-23
-7.76914e-23
-7.79176e-23
-7.80306e-23
-7.80415e-23
-7.79606e-23
-7.78116e-23
-7.77026e-23
-7.76532e-23
-7.76823e-23
-7.77445e-23
-7.78204e-23
-7.78443e-23
-7.77794e-23
-7.76345e-23
-7.74313e-23
-7.72121e-23
-7.70402e-23
-7.70038e-23
-7.71273e-23
-7.7412e-23
-7.78101e-23
-7.83102e-23
-7.88339e-23
-7.93119e-23
-7.97204e-23
-7.99433e-23
-8.0034e-23
-7.99598e-23
-7.97249e-23
-7.93964e-23
-7.90291e-23
-7.86853e-23
-7.84603e-23
-7.83384e-23
-7.83281e-23
-7.83508e-23
-7.83569e-23
-7.83114e-23
-7.82266e-23
-7.81492e-23
-7.80714e-23
-7.80268e-23
-7.79997e-23
-7.79691e-23
-7.79299e-23
-7.7896e-23
-7.78444e-23
-7.77518e-23
-7.76326e-23
-7.75063e-23
-7.73644e-23
-7.7243e-23
-7.71553e-23
-7.71236e-23
-7.71321e-23
-7.71742e-23
-7.72336e-23
-7.73074e-23
-7.73401e-23
-7.7349e-23
-7.73203e-23
-7.72844e-23
-7.7278e-23
-7.73244e-23
-7.74453e-23
-7.76554e-23
-7.79154e-23
-7.81696e-23
-7.83824e-23
-7.85048e-23
-7.85343e-23
-7.84831e-23
-7.83963e-23
-7.83047e-23
-7.82006e-23
-7.81459e-23
-7.81184e-23
-7.81385e-23
-7.82397e-23
-7.84298e-23
-7.87794e-23
-7.92234e-23
-7.97675e-23
-8.03036e-23
-8.07424e-23
-8.10303e-23
-8.11372e-23
-8.10483e-23
-8.07881e-23
-8.03625e-23
-7.97853e-23
-7.90975e-23
-7.83584e-23
-7.76088e-23
-7.69027e-23
-7.62743e-23
-7.57735e-23
-7.54534e-23
-7.53334e-23
-7.53866e-23
-7.55715e-23
-7.58123e-23
-7.60703e-23
-7.63369e-23
-7.66279e-23
-7.69324e-23
-7.72445e-23
-7.75067e-23
-7.76649e-23
-7.77068e-23
-7.75888e-23
-7.73633e-23
-7.71088e-23
-7.69258e-23
-7.68983e-23
-7.70542e-23
-7.73656e-23
-7.78101e-23
-7.83111e-23
-7.88471e-23
-7.93738e-23
-7.98054e-23
-8.01364e-23
-8.03398e-23
-8.03992e-23
-8.03138e-23
-8.00919e-23
-7.97633e-23
-7.93525e-23
-7.88783e-23
-7.83843e-23
-7.78724e-23
-7.73435e-23
-7.68686e-23
-7.64541e-23
-7.6134e-23
-7.59019e-23
-7.57616e-23
-7.57186e-23
-7.57836e-23
-7.59164e-23
-7.61229e-23
-7.63981e-23
-7.67033e-23
-7.70251e-23
-7.73544e-23
-7.76575e-23
-7.7918e-23
-7.8146e-23
-7.8346e-23
-7.85331e-23
-7.86864e-23
-7.88113e-23
-7.88924e-23
-7.89431e-23
-7.89432e-23
-7.88935e-23
-7.87781e-23
-7.85884e-23
-7.83726e-23
-7.81488e-23
-7.79533e-23
-7.78136e-23
-7.77705e-23
-7.78171e-23
-7.79383e-23
-7.81601e-23
-7.84121e-23
-7.867e-23
-7.88871e-23
-7.90393e-23
-7.90969e-23
-7.90628e-23
-7.89651e-23
-7.88285e-23
-7.86783e-23
-7.84987e-23
-7.82998e-23
-7.80455e-23
-7.77671e-23
-7.74529e-23
-7.71229e-23
-7.68435e-23
-7.6627e-23
-7.64959e-23
-7.64539e-23
-7.6487e-23
-7.65712e-23
-7.66587e-23
-7.67767e-23
-7.68991e-23
-7.69936e-23
-7.71042e-23
-7.72158e-23
-7.73418e-23
-7.74482e-23
-7.75678e-23
-7.7663e-23
-7.77734e-23
-7.7877e-23
-7.79767e-23
-7.80892e-23
-7.81996e-23
-7.82858e-23
-7.83442e-23
-7.83995e-23
-7.8401e-23
-7.83638e-23
-7.82883e-23
-7.81952e-23
-7.81307e-23
-7.81155e-23
-7.81978e-23
-7.83803e-23
-7.85987e-23
-7.87786e-23
-7.89013e-23
-7.88948e-23
-7.87676e-23
-7.85489e-23
-7.82696e-23
-7.8008e-23
-7.78191e-23
-7.7763e-23
-7.7823e-23
-7.80066e-23
-7.82671e-23
-7.85098e-23
-7.87061e-23
-7.87784e-23
-7.87202e-23
-7.85028e-23
-7.81521e-23
-7.77403e-23
-7.73254e-23
-7.70083e-23
-7.68756e-23
-7.69446e-23
-7.71657e-23
-7.7518e-23
-7.79084e-23
-7.82292e-23
-7.84838e-23
-7.85897e-23
-7.85494e-23
-7.84383e-23
-7.82688e-23
-7.8096e-23
-7.79201e-23
-7.77841e-23
-7.76809e-23
-7.76472e-23
-7.76813e-23
-7.78148e-23
-7.80582e-23
-7.8374e-23
-7.86575e-23
-7.88585e-23
-7.89356e-23
-7.88884e-23
-7.87332e-23
-7.84999e-23
-7.81999e-23
-7.78666e-23
-7.75313e-23
-7.72515e-23
-7.70661e-23
-7.70058e-23
-7.70682e-23
-7.72237e-23
-7.74154e-23
-7.75906e-23
-7.7735e-23
-7.78152e-23
-7.784e-23
-7.7821e-23
-7.77648e-23
-7.76761e-23
-7.75176e-23
-7.73258e-23
-7.71145e-23
-7.68402e-23
-7.65781e-23
-7.63491e-23
-7.61751e-23
-7.61383e-23
-7.62566e-23
-7.65035e-23
-7.68742e-23
-7.72388e-23
-7.75764e-23
-7.78443e-23
-7.8012e-23
-7.8108e-23
-7.81597e-23
-7.81345e-23
-7.80713e-23
-7.79484e-23
-7.77983e-23
-7.76086e-23
-7.74237e-23
-7.72337e-23
-7.70836e-23
-7.6989e-23
-7.69372e-23
-7.69119e-23
-7.69101e-23
-7.69276e-23
-7.69038e-23
-7.68866e-23
-7.68524e-23
-7.6802e-23
-7.67097e-23
-7.65791e-23
-7.64349e-23
-7.62832e-23
-7.61348e-23
-7.60213e-23
-7.60337e-23
-7.61994e-23
-7.65499e-23
-7.70352e-23
-7.75904e-23
-7.81447e-23
-7.86082e-23
-7.89232e-23
-7.90309e-23
-7.89325e-23
-7.86297e-23
-7.81614e-23
-7.76181e-23
-7.70628e-23
-7.6635e-23
-7.63848e-23
-7.636e-23
-7.65677e-23
-7.69378e-23
-7.74023e-23
-7.78896e-23
-7.83653e-23
-7.8761e-23
-7.91e-23
-7.93349e-23
-7.95018e-23
-7.96128e-23
-7.97021e-23
-7.97423e-23
-7.97839e-23
-7.97904e-23
-7.97851e-23
-7.97648e-23
-7.9733e-23
-7.97071e-23
-7.96596e-23
-7.959e-23
-7.94752e-23
-7.93096e-23
-7.91083e-23
-7.88935e-23
-7.86165e-23
-7.83083e-23
-7.80098e-23
-7.77652e-23
-7.75397e-23
-7.73061e-23
-7.71078e-23
-7.69231e-23
-7.6803e-23
-7.67412e-23
-7.67528e-23
-7.68347e-23
-7.69564e-23
-7.70812e-23
-7.72051e-23
-7.73e-23
-7.73723e-23
-7.74178e-23
-7.74279e-23
-7.74204e-23
-7.73825e-23
-7.73438e-23
-7.72985e-23
-7.72671e-23
-7.72351e-23
-7.7165e-23
-7.70867e-23
-7.70173e-23
-7.69477e-23
-7.6936e-23
-7.69578e-23
-7.70289e-23
-7.71114e-23
-7.71936e-23
-7.72561e-23
-7.72953e-23
-7.72994e-23
-7.72889e-23
-7.72598e-23
-7.73135e-23
-7.74925e-23
-7.78521e-23
-7.8307e-23
-7.88142e-23
-7.9288e-23
-7.96416e-23
-7.98447e-23
-7.98515e-23
-7.96911e-23
-7.93546e-23
-7.88992e-23
-7.83899e-23
-7.79132e-23
-7.75616e-23
-7.7379e-23
-7.73963e-23
-7.76007e-23
-7.79739e-23
-7.84701e-23
-7.89913e-23
-7.94303e-23
-7.97066e-23
-7.97683e-23
-7.96589e-23
-7.93808e-23
-7.89737e-23
-7.85371e-23
-7.81242e-23
-7.77403e-23
-7.74089e-23
-7.71164e-23
-7.69198e-23
-7.68497e-23
-7.6907e-23
-7.71097e-23
-7.74313e-23
-7.78652e-23
-7.83713e-23
-7.88976e-23
-7.94152e-23
-7.98281e-23
-8.01009e-23
-8.0155e-23
-7.99927e-23
-7.96061e-23
-7.90736e-23
-7.84596e-23
-7.78889e-23
-7.74631e-23
-7.72225e-23
-7.72235e-23
-7.74041e-23
-7.7739e-23
-7.81296e-23
-7.85162e-23
-7.88552e-23
-7.90659e-23
-7.91659e-23
-7.91224e-23
-7.89894e-23
-7.87958e-23
-7.85577e-23
-7.83018e-23
-7.80485e-23
-7.77989e-23
-7.75706e-23
-7.7356e-23
-7.7151e-23
-7.6965e-23
-7.6858e-23
-7.68465e-23
-7.69196e-23
-7.70489e-23
-7.72187e-23
-7.74048e-23
-7.75657e-23
-7.76807e-23
-7.7719e-23
-7.76987e-23
-7.76268e-23
-7.75815e-23
-7.76149e-23
-7.77144e-23
-7.78552e-23
-7.80034e-23
-7.81039e-23
