131.896
131.529
130.873
129.889
128.522
126.703
124.348
121.36
117.651
113.142
107.798
101.657
94.8695
87.7103
80.5709
73.9072
68.1484
63.6158
60.4739
58.7205
58.2212
58.7537
60.0557
61.8614
63.931
66.0651
68.1099
69.959
71.55
72.8577
73.8807
74.6331
75.1289
75.3747
75.3686
75.108
74.5979
73.8607
72.9429
71.9159
70.8659
69.8889
69.0856
68.5476
68.3435
68.4969
68.9717
69.6796
70.5052
71.3356
72.077
72.6635
73.0534
73.2307
73.2023
73.0021
72.6855
72.324
71.9928
71.7546
71.6512
71.6944
71.8688
72.1396
72.4633
72.7962
73.0995
73.3414
73.4966
73.5441
73.4662
73.2505
72.89
72.3901
71.7766
71.0983
70.4265
69.8356
69.3784
69.0692
68.8803
68.7633
68.6745
68.5854
68.478
68.3348
68.1322
67.85
67.4901
67.0847
66.6922
66.3814
66.2115
66.2182
66.4068
66.7548
67.2193
67.7484
68.2855
68.7752
69.1665
69.412
69.4761
69.3406
69.0134
68.53
67.9499
67.3445
66.785
66.3266
66.0021
65.8199
65.771
65.8394
66.0072
66.2596
66.584
66.9681
67.3942
67.8301
68.2264
68.5227
68.6662
68.6392
68.4805
68.2856
68.1884
68.3166
68.7475
69.4825
70.4453
71.5102
72.5372
73.4097
74.0568
74.4607
74.6494
74.6819
74.6263
74.543
74.47
74.4162
74.3656
74.2898
74.1545
73.9288
73.5951
73.1558
72.6338
72.0737
71.5295
71.0589
70.7006
70.4664
70.3362
70.2667
70.2127
70.145
70.0601
69.9799
69.9413
69.9879
70.1552
70.4623
70.9041
71.4466
72.0312
72.5819
73.0162
73.2591
73.2542
72.9768
72.4478
71.7354
70.9447
70.186
69.5406
69.0359
68.6475
68.3248
68.0276
67.752
67.5355
67.4428
67.5378
67.8573
68.3854
69.0541
69.7603
70.3972
70.8801
71.1618
71.2361
71.1282
70.8844
70.5532
70.1775
69.7817
69.3781
68.9783
68.5989
68.2708
68.0409
67.9614
68.0818
68.4353
69.0275
69.829
70.7782
71.791
72.7744
73.639
74.3123
74.7445
74.9072
74.7933
74.4173
73.8122
73.0307
72.1446
71.2337
70.3773
69.6432
69.0725
68.6761
68.437
68.3173
68.2753
68.2759
68.3005
68.3458
68.4198
68.5362
68.7043
68.9232
69.1754
69.4323
69.6571
69.8149
69.8819
69.8488
69.7235
69.5308
69.3101
69.105
68.9565
68.8948
68.9327
69.063
69.2608
69.487
69.6949
69.8441
69.9069
69.8734
69.7526
69.5671
69.3435
69.1055
68.8653
68.6276
68.3917
68.157
67.9262
67.7046
67.4975
67.3083
67.1376
66.9878
66.8633
66.7766
66.7459
66.7934
66.9407
67.1957
67.5511
67.9816
68.4468
68.9036
69.3163
69.6641
69.9432
70.1596
70.3236
70.4455
70.5307
70.5844
70.6223
70.6746
70.787
71.0036
71.3424
71.7807
72.2593
72.7046
73.0462
73.2277
73.2119
72.9691
72.4782
71.7307
70.7386
69.5498
68.2601
67.0109
65.9674
65.2798
65.0338
65.2237
65.7526
66.4655
67.194
67.7916
68.1512
68.2162
67.9806
67.4828
66.797
66.021
65.2591
64.6029
64.1204
63.8468
63.7859
63.9163
64.2021
64.598
65.0532
65.5192
65.9525
66.3232
66.616
66.8306
66.9784
67.076
67.1391
67.1757
67.1735
67.097
66.8971
66.5298
65.98
65.273
64.4748
63.6782
62.9851
62.4835
62.2336
62.2589
62.5435
63.0368
63.6662
64.3485
65.0009
65.5553
65.9614
66.1926
66.2486
66.1571
65.9715
65.7593
65.5892
65.5191
65.5884
65.8175
66.2165
66.7851
67.5097
68.3661
69.3166
70.3113
71.2935
72.2044
72.9924
73.6179
74.0543
74.289
74.3195
74.1542
73.8139
73.3346
72.7625
72.1514
71.5533
71.0033
70.5146
70.0748
69.6538
69.2183
68.7487
68.2473
67.7352
67.24
66.7841
66.3714
65.9876
65.608
65.2121
64.7995
64.3917
64.0346
63.786
63.6971
63.7941
64.0708
64.4973
65.0362
65.6591
66.3524
67.121
67.9767
68.9284
69.9739
71.0934
72.2503
73.3877
74.4391
75.3387
76.0307
76.481
76.6851
76.6641
76.456
76.1002
75.6235
75.0296
74.3004
73.4057
72.3163
71.0189
69.5334
67.924
66.3019
64.8151
63.6213
62.8552
62.5904
62.8198
63.4617
64.3881
65.4609
66.5581
67.5884
68.4895
69.2183
69.7476
70.0682
70.1925
70.1549
70.0102
69.8216
69.6452
69.5125
69.4292
69.3751
69.3151
69.2128
69.0442
68.7996
68.4845
68.113
67.6969
67.2402
66.7368
66.1779
65.5623
64.9052
64.2403
63.6198
63.1055
62.7568
62.6124
62.6822
62.9471
63.3656
63.8915
64.4862
65.1234
65.7854
66.4627
67.1439
67.8133
68.4502
69.0313
69.5302
69.924
70.1917
70.3182
70.2944
70.1098
69.7562
69.2277
68.5249
67.6605
66.6592
65.5639
64.4339
63.3361
62.3352
61.4851
60.8234
60.3724
60.1404
60.1289
60.3346
60.7461
61.3404
62.0784
62.9056
63.759
64.5754
65.3013
65.9015
66.3579
66.6634
66.82
66.828
66.6857
66.3922
65.9559
65.3979
64.7579
64.0899
63.4574
62.9207
62.5254
62.2973
62.2434
62.3563
62.6155
62.9964
63.4655
63.9747
64.4631
64.8647
65.1221
65.2004
65.0952
64.8303
64.4496
64.0088
63.5667
63.1801
62.8991
62.7597
62.7802
62.9557
63.2559
63.6336
64.0391
64.4378
64.8213
65.2057
65.6177
66.0759
66.5731
67.0796
67.5519
67.9455
68.226
68.3752
68.3951
68.3051
68.1344
67.9114
67.6583
67.3871
67.1038
66.808
66.4937
66.1479
65.7565
65.307
64.7948
64.2236
63.6016
62.9448
62.2723
61.6045
60.9594
60.3495
59.7791
59.2509
58.7713
58.3507
58.0008
57.7302
57.5415
57.4301
57.3833
57.3849
57.424
57.4989
57.618
57.7935
58.0314
58.327
58.6656
59.025
59.3842
59.732
60.0775
60.4477
60.887
61.4406
62.1361
62.9685
63.8945
64.8388
65.714
66.4383
66.9516
67.2196
67.2348
67.0127
66.5799
65.9717
65.2301
64.4034
63.5438
62.7065
61.9471
61.3129
60.8391
60.5389
60.4052
60.4153
60.5391
60.746
61.0091
61.3078
61.6253
61.9509
62.2837
62.6327
63.0103
63.4232
63.8656
64.3136
64.7264
65.0543
65.2485
65.2728
65.1109
64.7731
64.2944
63.7253
63.1223
62.5371
62.0113
61.5707
61.2239
60.9643
60.7736
60.626
60.4904
60.3358
60.1372
59.8785
59.5579
59.1899
58.8035
58.4359
58.1262
57.908
57.7992
57.8027
57.91
58.1136
58.41
58.7995
59.2829
59.8514
60.4838
61.149
61.8083
62.4287
62.9878
63.4808
63.9194
64.3304
64.7471
65.2005
65.7094
66.2733
66.8688
67.4549
67.9792
68.3909
68.6543
68.7558
68.7058
68.5401
68.3147
68.0974
67.9541
67.9397
68.0868
68.3981
68.8489
69.3936
69.9814
70.5653
71.1091
71.5877
71.9768
72.2497
72.3751
72.3198
72.0581
71.5775
70.8897
70.0346
69.0818
68.1214
67.25
66.5522
66.0779
65.8287
65.7707
65.8545
66.0371
66.2877
66.5861
66.9061
67.2065
67.442
67.5815
67.6197
67.5782
67.4988
67.4325
67.423
67.4995
67.6719
67.9281
68.2389
68.5693
68.8923
69.1931
69.4716
69.7401
70.018
70.324
70.6719
71.0642
71.4914
71.927
72.3334
72.6665
72.8804
72.9303
72.7775
72.4015
71.8052
71.0163
70.0943
69.122
68.1908
67.3853
66.7631
66.347
66.1255
66.0601
66.1013
66.2002
66.3195
66.4374
66.5519
66.6767
66.8353
67.0566
67.365
67.7719
68.266
68.8049
69.3174
69.7154
69.9137
69.8486
69.4934
68.8734
68.0697
67.2101
66.4428
65.8963
65.6376
65.6528
65.8756
66.233
66.6853
67.228
67.8713
68.6109
69.4093
70.1983
70.8958
71.4291
71.7506
71.8428
71.7161
71.4017
70.9373
70.357
69.684
68.9263
68.08
67.1448
66.1456
65.1446
64.2441
63.5669
63.2227
63.2754
63.7222
64.5046
65.5273
66.6814
67.853
68.938
69.8488
70.5227
70.9286
71.0684
70.9739
70.6991
70.3073
69.8587
69.3991
68.9554
68.5372
68.1442
67.7789
67.4539
67.1963
67.0399
67.0144
67.1323
67.3826
67.7346
68.1512
68.6003
69.0602
69.5206
69.9804
70.4372
70.884
71.3041
71.674
71.9659
72.1532
72.2116
72.1182
71.8532
71.405
70.7676
69.9421
68.9395
67.7811
66.5018
65.1577
63.827
62.6146
61.6414
61.0249
60.8487
61.1328
61.8245
62.8111
63.945
65.0807
66.1008
66.9315
67.5484
67.9727
68.2549
68.454
68.6144
68.7514
68.846
68.8598
68.7547
68.504
68.1006
67.5516
66.8782
66.1101
65.2873
64.4621
63.702
63.0914
62.7204
62.6661
62.9649
63.5904
64.4486
65.4004
66.2948
67.0076
67.464
67.6422
67.5698
67.3089
66.9382
66.5356
66.1694
65.8913
65.7396
65.7396
65.9044
66.2371
66.7276
67.3486
68.0574
68.7977
69.5051
70.1159
70.5765
70.853
70.9393
70.8559
70.647
70.374
70.1047
69.8906
69.7586
69.6977
69.6665
69.612
69.4976
69.3282
69.1595
69.0892
69.2103
69.5618
70.0987
70.7061
71.2523
71.6341
71.8016
71.7564
71.5296
71.1585
70.6796
70.121
69.5012
68.8356
68.1341
67.4054
66.6519
65.8729
65.0673
64.2356
63.3861
62.542
61.7432
61.0455
60.5127
60.2093
60.1814
60.4521
61.011
61.8171
62.8025
63.8868
64.9874
66.0279
66.9466
67.6983
68.2518
68.5887
68.7009
68.5877
68.2599
67.7452
67.093
66.3771
65.6829
65.0878
64.6429
64.3686
64.261
64.3088
64.5013
64.8266
65.2678
65.7948
66.3653
66.9262
67.4223
67.8006
68.0198
68.0543
67.8942
67.5464
67.0319
66.3816
65.6362
64.8429
64.0555
130.722
128.757
126.27
123.392
120.248
116.951
113.614
110.365
107.352
104.732
102.656
101.248
100.59
100.716
101.606
103.197
105.37
107.96
110.754
113.505
115.958
117.887
119.114
119.539
119.147
118.015
116.317
114.306
112.261
110.399
108.799
107.396
106.063
104.704
103.312
101.96
100.764
99.8579
99.3821
99.4578
100.157
101.464
103.264
105.359
107.51
109.493
111.144
112.369
113.134
113.431
113.264
112.644
111.609
110.241
108.669
107.054
105.563
104.328
103.413
102.818
102.505
102.436
102.598
103.007
103.693
104.679
105.965
107.517
109.265
111.093
112.843
114.326
115.352
115.752
115.432
114.395
112.762
110.772
108.756
107.05
105.88
105.273
105.096
105.196
105.508
106.044
106.794
107.658
108.441
108.931
108.979
108.583
107.894
107.159
106.582
106.229
106.045
105.94
105.882
105.922
106.171
106.766
107.816
109.348
111.259
113.316
115.209
116.641
117.394
117.356
116.546
115.115
113.319
111.445
109.721
108.283
107.192
106.475
106.142
106.177
106.534
107.127
107.842
108.542
109.096
109.394
109.356
108.937
108.126
106.98
105.654
104.448
103.725
103.738
104.467
105.679
107.108
108.576
109.981
111.247
112.282
112.984
113.275
113.144
112.661
111.981
111.302
110.814
110.647
110.84
111.349
112.071
112.86
113.561
114.033
114.174
113.929
113.29
112.286
110.962
109.375
107.586
105.653
103.647
101.662
99.8093
98.2151
96.9945
96.2326
95.9782
96.2512
97.0576
98.3973
100.253
102.563
105.191
107.925
110.51
112.693
114.262
115.077
115.075
114.291
112.859
111.005
109.008
107.136
105.582
104.431
103.679
103.273
103.165
103.352
103.858
104.701
105.856
107.253
108.802
110.416
112.003
113.472
114.729
115.704
116.365
116.731
116.857
116.809
116.619
116.258
115.643
114.694
113.414
111.938
110.537
109.549
109.269
109.833
111.16
112.98
114.932
116.667
117.934
118.601
118.64
118.102
117.088
115.731
114.183
112.594
111.091
109.76
108.639
107.722
106.97
106.326
105.725
105.103
104.416
103.662
102.89
102.208
101.754
101.646
101.941
102.604
103.53
104.581
105.628
106.58
107.393
108.058
108.603
109.095
109.603
110.128
110.562
110.73
110.483
109.773
108.683
107.387
106.106
105.04
104.329
104.035
104.143
104.592
105.321
106.291
107.473
108.802
110.148
111.322
112.131
112.43
112.159
111.352
110.127
108.656
107.143
105.799
104.818
104.334
104.376
104.849
105.565
106.311
106.92
107.308
107.487
107.548
107.632
107.878
108.386
109.173
110.195
111.371
112.629
113.902
115.115
116.17
116.95
117.341
117.256
116.656
115.559
114.042
112.23
110.285
108.382
106.684
105.317
104.344
103.744
103.416
103.2
102.927
102.466
101.777
100.937
100.135
99.627
99.6584
100.362
101.693
103.413
105.164
106.58
107.401
107.548
107.125
106.328
105.34
104.268
103.172
102.089
101.048
100.053
99.1076
98.2349
97.4877
96.9164
96.5119
96.1955
95.8757
95.5411
95.3118
95.4127
96.0671
97.3681
99.2005
101.271
103.23
104.797
105.823
106.3
106.324
106.044
105.636
105.268
105.08
105.17
105.591
106.351
107.425
108.768
110.313
111.976
113.657
115.243
116.613
117.646
118.229
118.279
117.772
116.769
115.426
113.958
112.559
111.335
110.281
109.319
108.377
107.426
106.471
105.524
104.596
103.706
102.903
102.278
101.948
102.014
102.523
103.432
104.598
105.811
106.838
107.49
107.667
107.397
106.832
106.202
105.722
105.524
105.622
105.934
106.347
106.755
107.092
107.334
107.499
107.648
107.868
108.231
108.764
109.435
110.181
110.948
111.695
112.392
112.997
113.455
113.698
113.664
113.321
112.69
111.838
110.876
109.924
109.097
108.47
108.075
107.892
107.866
107.911
107.936
107.848
107.574
107.069
106.329
105.387
104.304
103.151
102.006
100.945
100.041
99.3693
99.0319
99.1642
99.8885
101.219
103.029
105.124
107.339
109.582
111.808
113.973
116.011
117.834
119.339
120.441
121.072
121.182
120.745
119.753
118.23
116.251
113.96
111.579
109.376
107.614
106.482
106.037
106.188
106.731
107.421
108.033
108.417
108.503
108.297
107.858
107.278
106.662
106.091
105.598
105.15
104.664
104.041
103.212
102.168
100.97
99.7399
98.6405
97.8478
97.5289
97.7988
98.6687
100.013
101.576
103.046
104.153
104.734
104.772
104.389
103.828
103.391
103.347
103.798
104.635
105.605
106.465
107.079
107.427
107.564
107.554
107.448
107.274
107.057
106.825
106.608
106.432
106.309
106.243
106.237
106.302
106.464
106.759
107.233
107.919
108.799
109.79
110.765
111.598
112.191
112.469
112.378
111.893
111.059
110.04
109.093
108.426
108.044
107.767
107.402
106.917
106.446
106.178
106.215
106.511
106.909
107.249
107.448
107.511
107.496
107.457
107.409
107.317
107.129
106.815
106.402
105.972
105.622
105.415
105.342
105.337
105.325
105.285
105.262
105.309
105.415
105.49
105.436
105.222
104.905
104.59
104.376
104.31
104.372
104.478
104.521
104.415
104.117
103.641
103.04
102.363
101.654
100.953
100.329
99.8888
99.759
100.032
100.708
101.685
102.781
103.816
104.677
105.363
105.973
106.643
107.463
108.438
109.49
110.496
111.32
111.836
111.936
111.548
110.662
109.339
107.713
105.974
104.355
103.099
102.402
102.358
102.956
104.115
105.711
107.559
109.406
110.964
111.98
112.281
111.802
110.567
108.68
106.295
103.609
100.834
98.1776
95.8239
93.9322
92.653
92.1316
92.4589
93.6049
95.4097
97.6479
100.115
102.657
105.162
107.534
109.697
111.589
113.166
114.392
115.206
115.538
115.313
114.489
113.099
111.255
109.13
106.912
104.751
102.761
101.035
99.6562
98.681
98.1108
97.902
98.0173
98.4498
99.2016
100.249
101.523
102.925
104.349
105.699
106.893
107.855
108.522
108.853
108.846
108.541
108.01
107.347
106.65
106.013
105.508
105.167
104.984
104.917
104.906
104.897
104.865
104.81
104.74
104.65
104.506
104.253
103.827
103.19
102.363
101.433
100.538
99.8087
99.3116
99.0388
98.9561
99.0536
99.3742
99.9842
100.93
102.197
103.713
105.373
107.075
108.75
110.377
111.965
113.531
115.072
116.541
117.842
118.836
119.383
119.373
118.772
117.644
116.148
114.504
112.941
111.639
110.692
110.101
109.806
109.724
109.812
110.092
110.649
111.584
112.934
114.588
116.279
117.669
118.491
118.635
118.157
117.216
115.996
114.642
113.243
111.85
110.516
109.314
108.343
107.702
107.448
107.556
107.9
108.271
108.437
108.209
107.499
106.336
104.851
103.237
101.705
100.442
99.591
99.2331
99.3887
100.012
101.005
102.236
103.553
104.798
105.826
106.541
106.922
107.041
107.054
107.152
107.496
108.158
109.102
110.21
111.323
112.288
112.988
113.363
113.414
113.191
112.773
112.255
111.731
111.269
110.892
110.587
110.321
110.071
109.828
109.601
109.415
109.316
109.369
109.616
110.039
110.523
110.889
110.97
110.685
110.105
109.435
108.921
108.717
108.816
109.103
109.441
109.735
109.926
109.967
109.803
109.382
108.679
107.711
106.536
105.242
103.96
102.884
102.261
102.292
103.006
104.226
105.634
106.912
107.84
108.346
108.488
108.404
108.258
108.2
108.337
108.711
109.278
109.916
110.476
110.832
110.931
110.804
110.553
110.292
110.104
110.008
109.955
109.871
109.709
109.483
109.267
109.158
109.228
109.495
109.911
110.373
110.744
110.886
110.7
110.153
109.32
108.405
107.698
107.434
107.641
108.107
108.528
108.679
108.487
108.007
107.348
106.612
105.87
105.153
104.476
103.848
103.299
102.882
102.661
102.692
102.998
103.564
104.333
105.22
106.123
106.942
107.6
108.068
108.362
108.542
108.695
108.927
109.348
110.049
111.069
112.382
113.896
115.479
116.978
118.253
119.187
119.707
119.78
119.412
118.635
117.505
116.093
114.475
112.727
110.93
109.202
107.713
106.657
106.147
106.131
106.396
106.7
106.884
106.901
106.779
106.561
106.286
105.988
105.722
105.551
105.523
105.626
105.797
105.961
106.077
106.156
106.238
106.367
106.561
106.809
107.079
107.323
107.469
107.432
107.134
106.533
105.645
104.555
103.398
102.331
101.486
100.949
100.739
100.82
101.125
101.58
102.123
102.714
103.318
103.887
104.36
104.679
104.818
104.805
104.719
104.675
104.777
105.073
105.518
105.963
106.19
105.976
105.172
103.761
101.889
99.855
98.0518
96.846
96.419
96.6937
97.4256
98.3605
99.3346
100.293
101.253
102.271
103.402
104.677
106.077
107.537
108.96
110.249
111.326
112.146
112.686
112.937
112.893
112.559
111.959
111.157
110.245
109.342
108.572
108.048
107.845
107.983
132.376
132.596
132.528
132.097
131.251
129.977
128.303
126.321
124.168
122.005
119.985
118.221
116.774
115.667
114.944
114.722
115.147
116.291
118.056
120.166
122.261
124.024
125.28
126.009
126.284
126.194
125.787
125.049
123.936
122.443
120.681
118.897
117.412
116.517
116.378
116.999
118.24
119.894
121.736
123.557
125.197
126.605
127.864
129.111
130.371
131.474
132.163
132.253
131.703
130.589
129.063
127.315
125.553
123.98
122.775
122.038
121.76
121.836
122.115
122.465
122.818
123.152
123.481
123.827
124.226
124.707
125.271
125.879
126.458
126.933
127.263
127.463
127.613
127.828
128.212
128.78
129.418
129.908
130.016
129.588
128.599
127.158
125.489
123.888
122.634
121.868
121.53
121.433
121.414
121.436
121.595
122.046
122.892
124.104
125.523
126.929
128.14
129.07
129.736
130.211
130.534
130.678
130.564
130.132
129.399
128.47
127.499
126.627
125.934
125.4
124.932
124.413
123.751
122.913
121.921
120.839
119.735
118.653
117.59
116.5
115.319
113.989
112.504
110.942
109.486
108.4
107.97
108.409
109.757
111.834
114.296
116.763
118.947
120.731
122.172
123.438
124.695
126.001
127.259
128.272
128.859
128.936
128.542
127.789
126.832
125.83
124.942
124.303
124.01
124.09
124.47
124.98
125.389
125.499
125.2
124.477
123.394
122.091
120.765
119.625
118.844
118.535
118.746
119.472
120.639
122.093
123.625
125.009
126.035
126.524
126.324
125.331
123.52
120.998
118.069
115.254
113.193
112.384
112.921
114.467
116.489
118.504
120.207
121.474
122.318
122.843
123.191
123.488
123.799
124.097
124.294
124.313
124.168
123.95
123.765
123.658
123.597
123.497
123.249
122.741
121.898
120.713
119.272
117.753
116.397
115.448
115.081
115.342
116.141
117.281
118.524
119.646
120.475
120.909
120.913
120.51
119.773
118.81
117.74
116.668
115.656
114.714
113.809
112.896
111.954
111.003
110.104
109.329
108.725
108.298
108.022
107.89
107.947
108.291
109.042
110.307
112.147
114.549
117.4
120.478
123.478
126.071
127.962
128.959
129.013
128.234
126.874
125.287
123.858
122.887
122.526
122.751
123.421
124.352
125.358
126.263
126.891
127.092
126.802
126.085
125.135
124.218
123.554
123.213
123.098
123.026
122.837
122.45
121.847
121.062
120.161
119.246
118.423
117.771
117.343
117.183
117.356
117.929
118.917
120.241
121.741
123.247
124.652
125.932
127.119
128.236
129.269
130.177
130.903
131.391
131.572
131.367
130.715
129.605
128.09
126.269
124.255
122.147
120.019
117.926
115.939
114.162
112.729
111.769
111.362
111.52
112.191
113.294
114.735
116.389
118.111
119.768
121.288
122.664
123.911
125.004
125.856
126.336
126.333
125.812
124.847
123.626
122.397
121.393
120.755
120.513
120.593
120.847
121.103
121.213
121.108
120.815
120.456
120.199
120.202
120.554
121.251
122.212
123.321
124.443
125.413
126.021
126.054
125.382
124.095
122.543
121.18
120.25
119.668
119.214
118.751
118.25
117.721
117.201
116.776
116.604
116.882
117.771
119.307
121.361
123.666
125.934
127.949
129.611
130.906
131.853
132.463
132.72
132.589
132.052
131.112
129.806
128.2
126.401
124.559
122.87
121.561
120.845
120.829
121.437
122.422
123.486
124.363
124.873
124.969
124.766
124.552
124.706
125.56
127.236
129.57
132.172
134.564
136.335
137.237
137.234
136.492
135.304
133.985
132.747
131.63
130.541
129.375
128.145
127.055
126.447
126.612
127.606
129.192
130.957
132.503
133.558
134.015
133.895
133.315
132.442
131.443
130.442
129.495
128.583
127.643
126.597
125.383
123.98
122.401
120.689
118.925
117.244
115.842
114.931
114.676
115.118
116.157
117.583
119.155
120.669
122.008
123.157
124.196
125.261
126.49
127.949
129.601
131.319
132.94
134.316
135.341
135.942
136.08
135.754
135.023
134.02
132.929
131.93
131.108
130.402
129.649
128.709
127.573
126.375
125.299
124.462
123.858
123.372
122.835
122.086
121.036
119.692
118.16
116.607
115.211
114.115
113.411
113.146
113.341
114.001
115.107
116.584
118.283
119.988
121.47
122.545
123.119
123.202
122.893
122.349
121.728
121.144
120.655
120.261
119.939
119.681
119.51
119.474
119.635
120.04
120.699
121.552
122.433
123.1
123.318
122.939
121.948
120.457
118.655
116.76
114.975
113.481
112.451
112.054
112.415
113.543
115.282
117.347
119.398
121.132
122.336
122.914
122.903
122.453
121.802
121.225
120.942
121.035
121.404
121.811
121.984
121.729
121.005
119.932
118.767
117.851
117.526
118.032
119.422
121.547
124.127
126.838
129.365
131.433
132.819
133.368
133.032
131.89
130.168
128.218
126.436
125.143
124.461
124.284
124.357
124.404
124.25
123.885
123.422
123.006
122.712
122.527
122.39
122.249
122.065
121.806
121.433
120.922
120.285
119.583
118.917
118.392
118.092
118.051
118.239
118.566
118.898
119.109
119.138
119.01
118.843
118.8
119.042
119.679
120.716
122.03
123.401
124.568
125.326
125.59
125.409
124.938
124.374
123.889
123.584
123.491
123.63
124.082
125.035
126.696
129.083
131.912
134.723
137.077
138.665
139.321
138.981
137.67
135.471
132.527
129.021
125.175
121.237
117.464
114.108
111.406
109.579
108.775
108.965
109.878
111.14
112.494
113.89
115.393
117.022
118.649
120.042
120.951
121.183
120.674
119.566
118.233
117.197
116.914
117.584
119.131
121.337
123.946
126.715
129.399
131.766
133.613
134.784
135.185
134.804
133.711
132.035
129.928
127.527
124.94
122.262
119.603
117.102
114.914
113.171
111.944
111.235
111.002
111.202
111.817
112.832
114.2
115.822
117.557
119.261
120.822
122.2
123.404
124.471
125.422
126.248
126.927
127.44
127.762
127.839
127.602
127.011
126.098
124.973
123.801
122.759
122.007
121.664
121.797
122.409
123.423
124.697
126.035
127.219
128.055
128.428
128.33
127.851
127.131
126.295
125.39
124.38
123.185
121.756
120.131
118.453
116.932
115.771
115.086
114.872
115.028
115.415
115.913
116.443
116.973
117.502
118.041
118.597
119.168
119.747
120.323
120.893
121.457
122.02
122.589
123.153
123.685
124.155
124.541
124.819
124.931
124.822
124.484
124.014
123.62
123.546
123.949
124.805
125.889
126.879
127.474
127.49
126.886
125.763
124.344
122.936
121.875
121.438
121.74
122.672
123.953
125.247
126.253
126.73
126.504
125.495
123.775
121.603
119.413
117.711
116.892
117.114
118.261
120.032
122.042
123.896
125.261
125.946
125.943
125.405
124.553
123.583
122.643
121.853
121.309
121.096
121.3
122.004
123.206
124.719
126.197
127.297
127.811
127.687
126.98
125.792
124.254
122.525
120.811
119.349
118.372
118.028
118.32
119.095
120.099
121.075
121.843
122.317
122.487
122.388
122.067
121.551
120.831
119.879
118.69
117.33
115.944
114.722
113.874
113.613
114.093
115.304
117.033
118.947
120.723
122.15
123.141
123.706
123.901
123.785
123.407
122.8
121.997
121.055
120.054
119.101
118.299
117.72
117.39
117.276
117.305
117.385
117.426
117.361
117.15
116.782
116.266
115.621
114.867
114.042
113.245
112.675
112.633
113.416
115.142
117.649
120.563
123.445
125.888
127.572
128.276
127.896
126.464
124.154
121.303
118.394
115.987
114.565
114.383
115.395
117.316
119.755
122.347
124.804
126.942
128.669
129.97
130.898
131.538
131.972
132.256
132.412
132.456
132.411
132.309
132.171
131.993
131.743
131.371
130.828
130.072
129.072
127.819
126.355
124.786
123.255
121.856
120.596
119.441
118.383
117.473
116.805
116.47
116.506
116.87
117.443
118.082
118.677
119.17
119.548
119.789
119.859
119.752
119.515
119.229
118.964
118.738
118.513
118.239
117.897
117.532
117.241
117.122
117.226
117.532
117.966
118.433
118.841
119.112
119.189
119.097
119.003
119.23
120.131
121.856
124.231
126.862
129.313
131.225
132.359
132.575
131.832
130.205
127.905
125.282
122.783
120.848
119.797
119.771
120.764
122.646
125.134
127.791
130.105
131.64
132.154
131.621
130.208
128.209
125.954
123.716
121.665
119.883
118.429
117.402
116.937
117.152
118.089
119.704
121.882
124.457
127.21
129.864
132.091
133.547
133.946
133.146
131.219
128.454
125.31
122.305
119.926
118.546
118.338
119.22
120.906
123.009
125.128
126.919
128.144
128.686
128.558
127.875
126.809
125.542
124.219
122.929
121.695
120.501
119.341
118.259
117.36
116.777
116.611
116.89
117.545
118.44
119.401
120.259
120.866
121.127
121.039
120.744
120.51
120.605
121.123
121.907
122.662
123.128
