                   1           0.0987147           0.0987147                   0
                   2            0.100384           0.0995494         0.000590218
                   3           0.0993013           0.0994667          0.00039923
                   4            0.101704            0.100026         0.000569543
                   5           0.0967786           0.0993766         0.000738304
                   6           0.0981497           0.0991722         0.000642949
                   7             0.10005           0.0992975         0.000563188
                   8           0.0976526           0.0990919         0.000528995
                   9           0.0986769           0.0990458         0.000472224
                  10           0.0975465           0.0988958         0.000448172
                  11            0.100441           0.0990363         0.000428878
                  12            0.101464           0.0992386         0.000438262
                  13            0.101108           0.0993824         0.000427481
                  14            0.100476           0.0994605         0.000404022
                  15            0.100759           0.0995471         0.000386248
                  16           0.0992478           0.0995284          0.00036256
                  17           0.0992278           0.0995107         0.000341664
                  18              0.1005           0.0995656         0.000327073
                  19           0.0982915           0.0994986         0.000316659
                  20            0.100158           0.0995316         0.000302539
                  21           0.0998157           0.0995451         0.000288435
                  22           0.0988031           0.0995114         0.000277289
                  23            0.100655           0.0995611         0.000269655
                  24            0.099371           0.0995532         0.000258536
                  25            0.100346           0.0995849         0.000250132
                  26           0.0978037           0.0995164         0.000249717
                  27           0.0979601           0.0994587          0.00024703
                  28           0.0991833           0.0994489         0.000238404
                  29            0.100815            0.099496         0.000234788
                  30            0.101092           0.0995492         0.000232912
                  31             0.10101           0.0995963         0.000230119
                  32           0.0988205           0.0995721         0.000224202
                  33            0.102849           0.0996714          0.00023839
                  34            0.101682           0.0997305         0.000238598
                  35           0.0991312           0.0997134         0.000232394
                  36           0.0998051            0.099716         0.000225953
                  37           0.0989757           0.0996959          0.00022073
                  38            0.102496           0.0997696         0.000226889
                  39           0.0992665           0.0997567         0.000221438
                  40           0.0997227           0.0997559         0.000215903
                  41           0.0991463            0.099741         0.000211149
                  42             0.10021           0.0997522         0.000206416
                  43            0.100311           0.0997652         0.000202024
                  44            0.099888            0.099768         0.000197452
                  45            0.100251           0.0997787         0.000193356
                  46            0.102495           0.0998377         0.000197962
                  47           0.0997517           0.0998359         0.000193758
                  48           0.0986111           0.0998104         0.000191395
                  49            0.102853           0.0998725         0.000197306
                  50            0.099536           0.0998658         0.000193475
