                   1              0.0096              0.0096                   0
                   2            0.011848            0.010724         0.000794788
                   3            0.013524           0.0116573         0.000928165
                   4            0.012256            0.011807         0.000708088
                   5            0.019304           0.0133064          0.00145583
                   6            0.014724           0.0135427          0.00123222
                   7            0.011232           0.0132126          0.00109951
                   8            0.011404           0.0129865          0.00098504
                   9            0.011012           0.0127671          0.00089969
                  10            0.015208           0.0130112         0.000842182
                  11            0.013996           0.0131007         0.000770364
                  12             0.01146            0.012964         0.000718198
                  13            0.006668           0.0124797         0.000809948
                  14            0.015272           0.0126791         0.000776264
                  15            0.018924           0.0130955         0.000828667
                  16              0.0147           0.0131958          0.00078292
                  17            0.011208           0.0130788         0.000745546
                  18            0.015088           0.0131904         0.000712434
                  19            0.009064           0.0129733         0.000707266
                  20            0.009104           0.0127798         0.000697861
                  21            0.020112            0.013129         0.000746883
                  22            0.010452           0.0130073         0.000722778
                  23            0.005592           0.0126849         0.000759864
                  24             0.00468           0.0123513         0.000798054
                  25            0.012524           0.0123582         0.000766162
                  26            0.007004           0.0121523         0.000763869
                  27            0.012848           0.0121781         0.000736012
                  28            0.018336            0.012398         0.000741856
                  29            0.017288           0.0125666         0.000735189
                  30            0.010848           0.0125093         0.000712911
                  31            0.009964           0.0124272         0.000694626
                  32            0.018004           0.0126015         0.000694436
                  33            0.013376            0.012625         0.000673789
                  34            0.015784           0.0127179         0.000660347
                  35             0.01124           0.0126757         0.000642829
                  36             0.00858           0.0125619          0.00063496
                  37            0.011564           0.0125349         0.000618371
                  38             0.00588           0.0123598         0.000626407
                  39             0.01574           0.0124465         0.000616312
                  40            0.011884           0.0124324         0.000601065
                  41            0.017184           0.0125483         0.000597473
                  42              0.0134           0.0125686         0.000583591
                  43            0.014656           0.0126171         0.000572035
                  44             0.00734           0.0124972         0.000571469
                  45            0.016516           0.0125865         0.000565705
                  46             0.01008            0.012532         0.000556025
                  47            0.011384           0.0125076         0.000544731
                  48            0.016172           0.0125839         0.000538705
                  49            0.015328           0.0126399         0.000530614
                  50            0.011828           0.0126237          0.00052025
