                   1           -0.321008           -0.321008                   0
                   2           -0.317829           -0.319418          0.00112396
                   3           -0.323982            -0.32094          0.00145067
                   4           -0.320893           -0.320928          0.00108805
                   5           -0.321458           -0.321034         0.000875584
                   6           -0.321702           -0.321146         0.000736705
                   7           -0.322673           -0.321364         0.000662977
                   8            -0.32246           -0.321501         0.000594101
                   9           -0.320892           -0.321433         0.000531923
                  10           -0.323384           -0.321628         0.000513266
                  11           -0.321216           -0.321591         0.000467972
                  12           -0.321781           -0.321607         0.000429244
                  13           -0.321293           -0.321583         0.000396901
                  14           -0.320953           -0.321538         0.000371085
                  15           -0.323954           -0.321699         0.000379719
                  16           -0.319454           -0.321558         0.000381024
                  17           -0.320104           -0.321473         0.000368088
                  18           -0.319086            -0.32134          0.00037076
                  19           -0.320829           -0.321313          0.00035222
                  20           -0.323654            -0.32143         0.000353519
                  21            -0.32485           -0.321593         0.000372309
                  22           -0.320785           -0.321557         0.000357194
                  23           -0.320344           -0.321504         0.000345533
                  24           -0.321342           -0.321497         0.000331202
                  25           -0.321578             -0.3215          0.00031797
                  26           -0.320108           -0.321447         0.000310216
                  27           -0.321817            -0.32146         0.000299029
                  28           -0.323895           -0.321547         0.000300722
                  29            -0.32225           -0.321572         0.000291326
                  30           -0.320401           -0.321533         0.000284217
                  31           -0.321215           -0.321522         0.000275233
                  32            -0.32324           -0.321576         0.000271816
                  33           -0.323652           -0.321639         0.000270758
                  34            -0.32194           -0.321648         0.000262939
                  35           -0.323401           -0.321698         0.000260153
                  36           -0.321668           -0.321697         0.000252928
                  37           -0.320999           -0.321678         0.000246794
                  38           -0.323726           -0.321732          0.00024611
                  39           -0.324827           -0.321811         0.000252269
                  40           -0.322318           -0.321824         0.000246279
                  41           -0.321904           -0.321826          0.00024028
                  42            -0.32198            -0.32183         0.000234587
                  43           -0.321309           -0.321818         0.000229444
                  44           -0.320947           -0.321798         0.000225081
                  45           -0.319946           -0.321757         0.000223808
                  46            -0.32029           -0.321725         0.000221203
                  47           -0.322644           -0.321744         0.000217359
                  48           -0.322059           -0.321751          0.00021293
                  49           -0.322123           -0.321758         0.000208719
                  50           -0.322381           -0.321771         0.000204915
