                   1            0.664592            0.664592                   0
                   2            0.629739            0.647165           0.0123225
                   3            0.639704            0.644678          0.00846228
                   4            0.632107            0.641535          0.00690573
                   5            0.663568            0.645942          0.00678638
                   6            0.655555            0.647544          0.00584138
                   7            0.643723            0.646998          0.00503234
                   8            0.634947            0.645492          0.00462328
                   9             0.61444            0.642041          0.00524116
                  10            0.648405            0.642678          0.00475552
                  11            0.654168            0.643722          0.00443644
                  12            0.666883            0.645652          0.00446687
                  13            0.631016            0.644527          0.00426279
                  14            0.669547            0.646314          0.00431671
                  15            0.657597            0.647066          0.00409395
                  16            0.642856            0.646803          0.00384652
                  17            0.633531            0.646022          0.00369864
                  18            0.652165            0.646363          0.00350887
                  19            0.648053            0.646452          0.00332532
                  20            0.663024            0.647281          0.00326065
                  21            0.640784            0.646972          0.00312002
                  22             0.65844            0.647493          0.00302144
                  23            0.659707            0.648024          0.00293637
                  24            0.652155            0.648196          0.00281906
                  25            0.667763            0.648979          0.00281284
                  26            0.655085            0.649214          0.00271445
                  27            0.669536            0.649966          0.00271626
                  28            0.672635            0.650776          0.00273725
                  29            0.660357            0.651106          0.00266272
                  30            0.651093            0.651106          0.00257397
                  31            0.648248            0.651014          0.00249258
                  32            0.629229            0.650333          0.00250593
                  33            0.636784            0.649922           0.0024634
                  34            0.690288            0.651109           0.0026617
                  35             0.63008            0.650509           0.0026526
                  36            0.659171            0.650749          0.00258981
                  37            0.662856            0.651076           0.0025404
                  38            0.656869            0.651229          0.00247812
                  39            0.665688              0.6516          0.00244215
                  40            0.663133            0.651888          0.00239806
                  41            0.643104            0.651674          0.00234912
                  42            0.663184            0.651948          0.00230912
                  43            0.648533            0.651868          0.00225679
                  44            0.641645            0.651636          0.00221742
                  45            0.648525            0.651567          0.00216922
                  46            0.653845            0.651616          0.00212263
                  47            0.656912            0.651729          0.00208046
                  48            0.642643             0.65154          0.00204571
                  49            0.665691            0.651829          0.00202424
                  50            0.639965            0.651591          0.00199761
